53 42 35
55 45 37
51 47 38
50 43 41
47 41 37
47 41 41
44 43 42
44 46 41
41 44 40
44 42 38
46 41 34
44 38 35
40 35 38
37 36 41
33 36 41
31 37 39
27 33 36
28 33 36
29 36 33
28 32 30
32 34 33
28 35 32
25 34 34
28 37 35
30 38 35
30 42 32
27 40 28
29 41 28
28 43 29
30 46 25
33 44 23
35 42 19
33 42 21
36 41 25
33 39 29
36 43 32
33 47 28
34 44 32
32 43 34
30 44 33
32 43 37
32 42 33
34 41 37
31 43 33
28 39 31
24 43 34
22 44 37
21 40 41
23 38 38
25 42 34
23 43 30
22 43 29
20 46 27
21 46 29
17 44 33
15 44 30
11 43 26
9 46 30
7 44 26
5 42 28
6 38 30
8 42 31
11 46 30
14 46 26
15 47 23
18 48 26
16 45 25
17 44 25
18 40 22
19 43 26
15 44 29
15 46 29
11 42 30
12 44 34
14 45 31
17 44 27
13 48 26
11 45 29
12 49 26
16 49 29
20 47 30
18 47 26
21 48 30
17 50 30
13 54 33
14 55 36
10 51 38
11 53 35
11 49 39
12 50 39
10 49 43
14 52 46
16 48 44
15 48 41
17 46 42
13 43 44
13 40 42
12 38 38
14 38 37
12 36 39
10 35 37
12 36 37
10 37 39
11 39 36
13 37 36
11 41 35
8 42 36
8 39 35
5 40 33
8 44 30
9 43 32
8 39 32
6 39 36
9 39 38
8 41 37
8 41 34
7 39 31
8 38 29
6 39 33
2 37 37
5 35 39
9 38 43
6 42 40
5 42 38
9 45 37
9 47 41
6 45 43
7 45 44
6 49 48
2 52 48
1 49 47
2 45 51
1 45 47
4 49 44
0 51 41
2 50 44
1 54 46
3 55 49
7 52 45
5 55 49
2 58 47
3 59 43
2 58 40
0 55 37
1 58 33
2 61 31
1 58 35
2 60 36
0 64 37
2 61 35
3 57 39
6 60 39
7 62 42
11 62 44
11 58 45
13 61 47
13 59 48
11 60 52
7 62 52
6 59 54
9 57 56
8 57 59
7 60 63
6 62 64
9 62 68
9 59 68
6 59 67
3 58 67
4 56 71
5 55 74
8 59 76
4 57 77
3 54 73
0 58 70
2 56 73
2 60 77
2 61 76
2 64 80
2 61 77
5 64 80
3 64 77
7 60 76
3 64 75
5 66 71
2 65 73
2 66 70
2 70 71
3 66 68
2 69 71
2 72 72
1 72 76
2 74 76
0 74 80
0 72 81
2 73 82
2 77 80
4 73 79
7 70 75
6 68 79
10 65 79
9 62 80
12 62 76
9 63 76
5 62 76
6 58 78
10 58 77
8 59 76
11 58 80
12 61 79
10 64 79
6 62 77
9 60 74
12 63 75
9 66 78
11 63 77
7 63 75
8 63 77
7 64 81
6 63 78
8 59 74
6 63 77
7 63 73
10 65 75
8 64 77
12 61 79
12 62 78
11 59 77
14 63 78
10 66 81
13 63 85
14 64 81
14 63 83
15 62 85
11 62 81
7 66 81
5 65 83
2 64 85
1 64 86
2 61 86
4 65 87
1 63 84
0 67 81
2 66 85
0 68 82
2 72 80
4 75 83
4 79 80
4 83 79
6 80 76
5 81 79
9 84 83
10 81 87
13 77 83
17 75 80
21 75 80
20 79 81
20 76 78
16 78 81
17 79 85
16 78 88
16 80 90
15 76 92
19 79 94
23 76 97
24 73 97
20 75 97
23 78 100
19 76 103
22 73 99
23 75 101
23 74 99
23 76 99
20 79 100
17 82 102
19 81 102
21 85 106
24 89 109
22 85 113
20 81 115
18 83 116
19 82 115
19 80 118
15 82 120
13 81 124
13 80 122
15 76 118
15 77 119
16 77 121
17 75 122
20 75 125
22 73 125
25 70 126
29 66 122
29 65 118
28 67 121
25 65 118
25 69 116
29 65 113
28 62 116
29 62 117
26 62 117
30 66 121
32 70 125
29 71 123
25 69 122
25 68 124
29 72 127
31 73 129
29 71 129
33 69 133
35 72 135
31 75 135
31 77 131
31 75 129
31 71 131
28 68 130
24 66 126
20 70 126
19 69 126
20 69 128
24 68 127
21 66 130
22 69 127
21 66 128
18 62 130
20 66 134
21 65 134
17 65 135
19 69 134
16 67 133
13 71 129
10 67 130
10 68 129
13 64 131
14 63 129
16 65 128
14 64 129
16 62 131
18 66 129
16 63 130
17 60 133
19 63 134
19 63 136
22 62 137
25 58 133
22 57 130
19 53 129
16 54 130
17 53 128
14 57 129
11 56 131
11 57 128
11 54 126
11 56 130
10 57 127
7 55 128
5 54 127
3 57 130
2 57 126
5 56 129
1 52 131
1 51 129
3 49 125
3 45 124
5 45 125
7 46 126
8 50 126
10 47 122
7 48 124
6 45 123
5 43 122
6 47 122
9 44 121
12 41 121
9 40 117
13 38 119
16 40 123
13 40 126
9 36 130
9 40 129
5 39 133
2 39 129
5 42 132
4 43 131
5 47 129
3 45 132
6 44 133
5 43 137
7 47 134
5 50 130
2 52 128
5 52 127
4 51 129
0 52 132
0 52 128
2 53 126
2 57 123
2 57 123
0 61 123
2 58 120
2 54 120
2 54 116
3 54 117
2 56 121
4 55 122
5 53 120
3 49 117
6 53 118
4 57 119
3 58 123
4 54 126
0 58 128
4 58 124
8 59 126
8 63 130
7 67 127
6 63 125
2 63 121
6 64 117
2 66 121
0 69 117
0 65 119
4 62 121
7 64 121
3 66 118
3 63 121
1 60 117
2 58 116
2 61 115
2 64 115
2 64 119
0 60 119
3 56 123
2 55 125
2 58 124
0 55 122
1 52 120
5 49 120
7 47 118
6 45 115
9 46 118
12 50 118
10 50 118
14 50 118
17 52 117
17 55 114
17 57 114
16 55 116
20 54 118
24 50 122
27 51 121
25 50 117
24 53 114
20 54 111
16 51 110
18 52 108
22 54 108
25 52 104
28 50 105
27 51 106
31 55 103
29 53 100
29 55 100
26 54 100
27 52 103
24 55 101
21 51 103
17 54 105
17 50 109
14 47 113
17 47 117
17 46 121
17 50 122
15 53 121
12 55 122
8 56 124
7 57 128
4 61 125
1 57 123
2 56 126
0 57 130
4 61 128
0 57 128
2 56 126
5 60 125
9 60 123
13 62 124
14 65 127
15 61 126
14 57 124
12 53 123
13 56 123
11 55 121
10 59 118
14 59 119
15 58 122
18 61 120
20 59 121
19 55 125
19 52 123
21 54 121
19 51 119
15 55 122
19 59 123
21 61 121
19 64 118
16 64 118
16 60 121
13 59 119
14 62 123
13 59 127
14 63 128
18 59 125
22 59 129
23 57 125
27 61 126
23 59 126
23 62 130
23 60 133
23 61 133
24 65 130
21 66 128
19 65 128
23 69 124
25 68 123
23 66 123
26 70 125
25 67 126
28 65 125
30 64 123
27 60 120
30 58 122
27 54 120
30 53 118
33 49 120
33 47 118
33 46 117
37 44 114
40 46 111
37 42 112
34 39 109
36 36 105
33 33 107
32 36 103
34 36 107
34 39 111
38 43 111
40 44 112
37 42 114
38 46 111
35 46 110
38 50 108
39 49 105
43 47 102
43 51 104
44 52 105
43 56 102
40 60 106
41 57 103
42 59 99
43 63 100
39 62 102
38 65 106
39 69 104
36 65 108
40 65 110
43 67 110
39 64 111
39 66 115
41 67 119
39 69 119
38 71 119
36 71 121
40 68 123
43 72 121
44 74 121
48 78 125
44 78 128
43 80 127
44 83 131
41 81 128
38 83 124
35 79 121
39 79 120
38 82 116
40 81 112
43 78 114
45 79 111
46 81 108
44 82 112
40 85 115
39 83 117
43 79 117
39 79 121
39 83 117
41 80 117
41 80 116
44 83 113
43 79 115
39 80 116
37 82 112
38 86 109
41 86 109
40 85 107
40 89 106
39 91 108
40 89 105
36 90 101
35 86 105
39 84 109
42 81 109
44 82 110
42 79 113
38 81 111
42 84 111
39 85 111
43 83 109
46 84 110
42 84 107
45 81 107
42 79 107
45 83 106
45 79 102
46 83 102
47 87 101
51 87 98
48 85 101
48 84 98
51 80 97
55 78 95
53 74 91
56 76 92
58 73 93
60 76 94
58 78 92
62 80 91
64 81 88
66 77 84
68 76 86
64 73 89
64 72 90
64 76 89
65 75 87
64 71 90
66 74 92
66 76 89
66 76 90
65 73 93
68 72 89
70 72 85
72 73 82
73 73 79
75 72 79
71 71 75
71 74 71
67 78 71
63 82 73
62 79 74
62 76 74
62 76 72
64 73 76
67 74 77
69 74 75
69 73 71
70 76 73
68 75 75
67 72 77
65 68 73
64 66 77
65 62 81
69 64 85
67 62 84
64 63 88
60 60 88
59 56 87
60 56 87
61 53 83
58 52 85
60 55 83
56 57 81
59 55 82
61 55 85
57 52 85
54 51 84
58 48 85
62 45 88
58 43 84
57 41 84
57 44 87
56 45 86
53 47 88
50 49 84
50 50 85
50 50 88
50 50 92
50 47 96
49 44 98
47 42 94
44 39 91
44 43 95
46 44 96
49 40 97
47 42 98
45 39 94
42 40 98
40 43 98
42 42 95
39 38 95
42 40 98
40 44 99
42 46 98
46 43 101
49 43 101
49 44 98
46 43 95
49 44 98
52 45 99
52 47 95
51 51 92
53 49 91
51 46 89
53 43 90
52 46 92
49 45 94
46 46 91
50 50 88
48 52 86
44 49 87
47 48 90
50 46 89
52 42 89
48 42 90
47 45 90
47 49 89
46 49 89
45 51 90
43 48 88
42 49 88
44 45 88
42 43 88
44 47 84
44 49 82
41 45 84
41 49 80
43 46 84
43 45 87
47 45 89
48 43 89
49 41 89
48 41 92
47 37 92
50 36 93
51 36 89
54 39 89
52 39 90
54 42 89
58 42 87
56 44 91
57 43 92
56 47 91
60 47 88
56 45 86
53 44 88
57 45 88
53 49 90
49 52 88
48 52 89
44 55 89
44 55 86
44 54 86
44 57 85
44 59 87
40 55 90
44 57 90
46 59 86
49 55 87
51 56 86
53 59 84
49 55 83
52 51 81
51 54 78
52 56 77
50 60 79
46 59 80
48 60 80
44 56 79
48 53 83
52 53 87
48 56 88
46 54 86
48 51 90
51 52 86
47 52 88
49 56 87
47 59 87
44 57 86
45 61 85
45 57 87
45 59 83
48 59 80
46 60 79
46 57 77
45 59 73
41 58 74
43 54 76
47 54 73
50 50 69
49 49 69
48 50 66
52 54 69
55 58 65
57 57 69
54 54 65
53 53 61
57 53 65
54 54 64
51 55 63
54 53 65
51 57 66
50 61 64
48 60 66
45 59 66
48 60 64
46 56 67
47 60 68
48 64 64
50 61 60
46 62 57
42 63 56
46 66 60
46 67 61
45 66 60
44 63 61
43 65 61
46 67 64
47 69 60
49 72 56
45 70 52
47 68 50
43 64 53
46 63 56
48 66 52
49 62 53
51 59 55
52 56 54
50 53 56
51 53 54
48 54 51
50 50 53
48 53 51
46 49 54
50 46 54
48 49 50
52 49 48
51 52 44
47 50 40
51 48 41
47 52 38
48 55 38
46 54 34
42 52 37
41 53 39
40 51 37
44 54 34
42 51 38
43 51 41
47 50 38
50 49 38
52 52 35
50 55 33
50 56 30
49 57 27
49 55 28
48 52 30
52 50 26
50 47 22
50 43 24
46 46 20
43 47 18
44 51 20
42 47 17
45 45 18
43 41 18
41 45 19
38 47 20
36 47 21
34 45 20
38 42 17
41 45 19
41 44 18
44 46 18
44 49 20
45 45 19
43 41 19
39 38 15
36 41 13
32 37 12
33 40 11
37 44 14
39 42 12
40 40 14
40 38 16
37 36 20
41 32 23
43 33 21
40 32 17
44 28 20
43 30 19
46 30 18
47 28 20
47 30 23
50 33 23
50 30 21
49 27 24
46 24 26
47 23 25
44 21 23
44 25 20
47 24 16
44 25 14
43 25 14
44 26 14
40 29 16
39 28 14
40 29 10
38 27 12
39 23 13
41 25 14
38 27 14
35 26 14
39 23 18
40 19 22
44 21 21
42 19 22
45 15 23
41 13 19
38 16 21
42 13 22
44 16 26
46 15 27
50 14 31
46 14 31
43 17 32
42 13 33
38 15 33
40 15 30
42 19 33
42 17 30
44 21 33
44 23 33
41 20 32
37 17 36
40 13 36
41 15 40
37 15 38
39 12 34
39 13 34
37 9 30
34 12 30
38 12 30
34 9 30
37 8 34
36 6 32
40 5 31
36 8 27
38 7 27
34 3 26
31 6 25
31 2 26
29 2 30
32 0 31
30 0 27
33 3 26
30 0 26
34 2 29
30 4 25
31 8 21
30 11 23
29 9 24
28 11 21
24 10 22
21 11 21
18 8 20
19 9 19
17 11 22
14 8 25
10 11 23
6 8 25
9 4 21
11 5 24
14 4 23
14 1 24
12 1 23
11 2 25
13 2 25
9 2 27
8 6 28
6 7 27
3 5 31
2 8 35
5 8 32
9 8 28
12 12 25
16 12 21
14 11 18
13 12 21
17 8 22
14 9 21
12 7 19
15 6 21
16 9 21
14 5 18
14 8 16
11 12 19
7 14 20
8 12 24
9 16 21
11 14 25
12 16 21
12 18 21
8 15 24
8 13 22
6 10 22
6 10 19
2 10 23
2 13 25
2 16 21
4 12 20
1 12 18
2 15 14
2 14 12
2 12 14
6 10 13
4 13 16
6 12 19
6 14 18
3 11 15
2 9 17
4 5 16
8 4 13
11 6 10
7 5 12
8 9 13
8 9 9
5 12 12
8 9 10
6 6 7
7 5 3
7 4 1
6 8 2
8 9 2
10 12 2
12 8 1
14 4 3
17 3 6
18 6 7
21 3 5
22 3 1
19 4 5
15 8 8
16 9 10
18 8 10
15 8 11
17 5 14
14 4 18
11 2 15
12 1 18
16 2 22
16 6 18
12 5 22
10 4 18
14 8 17
12 10 21
15 11 17
15 7 15
17 9 17
15 7 13
16 10 11
15 10 8
13 10 8
12 9 4
10 5 5
11 8 3
14 7 0
17 3 2
17 0 0
13 2 3
16 0 4
18 2 3
16 2 3
17 2 1
16 2 1
18 3 1
15 2 1
14 2 3
10 2 5
10 3 7
8 4 9
10 0 10
12 2 12
10 3 12
11 3 11
12 2 14
9 3 10
11 1 11
8 2 13
6 2 10
3 2 12
3 1 8
0 2 8
1 2 10
2 2 14
5 3 13
7 5 17
3 8 17
2 4 18
2 2 19
2 1 17
6 2 20
5 1 24
2 0 26
2 1 25
3 2 22
3 2 23
3 4 26
7 1 24
11 4 27
10 3 27
8 0 28
7 2 29
5 0 30
3 2 26
6 6 28
3 9 26
0 12 29
1 15 26
4 15 24
1 14 25
0 17 25
2 18 27
0 20 30
2 18 32
0 22 34
0 26 31
2 29 29
0 31 25
2 32 22
3 36 21
6 34 18
10 33 15
12 36 13
11 37 13
8 37 17
12 33 20
11 33 23
10 33 23
14 34 22
16 30 18
14 28 18
12 31 14
13 31 10
9 27 13
11 31 15
8 32 19
4 34 22
2 35 24
3 39 21
6 41 24
2 38 25
0 35 24
2 36 23
2 37 26
0 39 27
2 37 30
3 37 31
5 35 31
9 33 32
9 36 31
11 32 33
12 35 30
15 32 32
11 30 36
14 29 38
14 30 39
15 33 37
13 31 39
16 34 35
15 33 32
18 35 32
14 35 35
14 35 38
16 36 42
17 36 45
16 39 48
14 43 50
14 45 52
15 43 52
12 40 50
11 39 51
12 37 51
8 34 50
8 32 50
12 29 49
12 25 49
12 23 47
16 23 50
19 25 53
23 23 50
26 20 51
24 24 53
28 23 57
26 26 54
22 22 54
26 21 50
25 21 54
25 25 57
22 23 59
22 20 62
24 17 63
27 16 59
27 17 56
24 20 60
23 17 63
24 16 63
23 20 67
24 16 70
22 13 68
19 17 71
18 15 67
14 19 63
13 20 62
16 17 60
12 19 56
10 17 52
7 19 54
5 19 58
7 20 59
7 21 61
10 19 57
8 16 55
9 13 54
9 15 57
9 11 53
7 8 50
4 6 47
8 2 49
12 5 47
16 3 49
16 4 47
15 4 48
17 4 46
17 2 47
16 5 43
12 9 39
16 12 40
18 8 37
22 11 40
21 13 41
20 13 43
18 13 40
16 17 42
19 16 45
21 20 45
25 22 48
21 19 44
21 19 43
25 19 47
23 21 51
24 22 54
23 26 52
27 25 50
30 27 52
30 27 49
32 25 45
29 22 46
27 23 49
23 21 51
26 18 53
27 19 55
31 19 56
31 21 52
27 17 53
30 14 57
26 18 61
29 14 59
27 11 59
25 12 55
26 15 55
30 18 57
27 21 60
28 25 62
25 29 59
22 29 58
22 30 60
19 30 64
20 33 63
23 31 64
27 34 64
25 37 68
23 35 67
23 34 64
23 32 62
27 33 64
27 30 68
30 33 72
27 35 70
31 34 70
34 36 73
32 35 70
30 32 68
27 34 67
26 35 66
25 33 67
28 33 71
32 32 67
32 33 65
28 30 64
31 30 65
27 28 68
26 26 71
23 24 71
19 27 70
19 29 74
16 33 76
12 36 76
13 37 79
13 33 81
13 30 85
15 30 82
11 34 85
8 31 85
9 34 85
13 38 81
16 40 85
14 43 89
12 39 85
16 35 84
16 35 87
20 35 84
17 33 87
16 36 84
15 39 88
14 35 84
16 36 82
15 38 84
17 38 83
13 42 83
16 42 85
15 40 86
15 37 86
13 37 88
15 36 89
16 33 90
17 34 91
17 36 91
16 33 94
20 33 95
19 29 97
16 29 93
16 31 97
17 31 95
14 32 96
10 28 94
10 25 93
8 22 90
11 19 94
12 16 90
12 13 89
11 10 93
7 12 90
5 15 91
1 11 87
2 12 83
2 12 84
5 16 84
4 12 87
4 15 85
2 11 81
4 11 81
2 14 81
2 11 81
3 9 77
3 8 76
0 11 76
2 7 78
2 9 74
0 5 77
2 2 81
3 2 83
3 2 80
2 1 81
3 2 85
6 5 85
9 8 83
9 7 86
13 6 90
12 2 94
11 6 98
8 6 95
12 2 98
10 2 97
11 0 100
8 3 96
11 0 100
13 4 100
13 6 97
16 2 97
16 6 93
14 2 95
10 2 98
13 2 96
9 2 95
8 5 96
12 2 97
9 5 97
5 4 101
8 8 104
12 10 100
15 14 96
13 12 100
17 16 99
19 20 101
16 16 100
20 18 103
16 19 106
19 21 110
21 23 114
21 23 117
22 24 121
26 28 122
22 31 124
20 32 126
22 29 130
23 32 127
19 30 129
18 27 132
14 26 128
11 26 129
10 25 131
7 22 133
3 19 135
4 17 133
5 13 132
9 16 130
7 16 134
5 19 134
6 16 137
4 18 134
5 16 137
9 20 138
10 24 142
13 25 146
11 23 150
10 20 148
12 23 145
9 19 145
6 16 146
3 13 147
1 11 145
5 12 141
2 12 138
6 9 140
6 5 140
3 1 142
4 2 142
5 5 141
4 9 142
1 10 142
1 12 146
2 16 142
0 13 139
2 16 139
2 17 138
4 20 139
0 16 142
2 13 141
2 10 142
3 14 142
4 11 142
7 10 145
9 7 144
13 8 142
12 9 138
14 8 135
15 9 135
15 6 136
16 5 134
13 6 136
16 8 132
17 6 136
14 6 140
16 4 142
17 7 139
15 10 141
17 10 144
14 6 148
10 7 148
13 5 148
13 8 144
17 10 147
16 11 144
13 14 141
12 11 140
9 13 140
11 10 138
11 8 134
10 4 134
11 4 133
14 7 133
12 11 130
16 10 131
12 14 135
15 12 133
16 9 134
14 7 135
15 4 137
12 2 136
9 2 136
9 5 138
7 3 135
11 0 135
8 2 134
7 4 138
8 0 141
12 2 142
14 4 143
15 6 143
17 8 142
18 4 144
21 6 145
19 6 144
22 10 147
21 7 144
20 7 142
22 8 141
21 8 140
20 9 136
21 10 136
22 7 135
22 6 131
19 6 133
18 5 131
15 8 134
14 12 136
15 12 139
13 12 135
13 11 137
17 14 140
19 11 139
19 12 139
21 15 140
18 17 139
19 16 140
19 13 141
18 14 137
16 15 133
20 13 130
19 16 134
15 14 130
12 10 133
11 12 134
15 15 132
14 14 130
15 14 134
19 15 131
23 12 128
27 14 127
30 11 123
34 14 123
33 14 123
29 11 124
31 7 126
30 4 122
30 4 121
34 8 120
38 10 123
35 13 119
39 9 115
40 12 115
38 8 116
39 6 115
38 2 119
38 0 122
39 1 125
39 4 126
36 5 129
40 9 126
42 11 125
44 14 124
42 13 122
42 9 122
46 8 124
42 12 122
41 12 120
44 13 119
47 12 119
47 9 123
47 8 124
45 4 124
45 6 127
48 2 129
44 4 126
48 3 125
48 3 129
48 3 129
46 3 133
47 0 135
47 0 131
43 0 128
45 2 126
48 6 122
48 8 121
52 4 122
53 4 123
49 1 127
47 2 126
50 5 122
53 5 118
49 5 117
51 5 113
54 8 113
55 7 117
55 8 118
55 11 114
53 13 116
55 10 117
51 8 120
50 7 123
46 7 126
50 6 128
49 6 131
47 3 135
50 7 131
48 11 135
47 8 139
49 8 143
52 7 143
53 10 142
55 7 141
51 11 141
52 7 145
49 6 144
46 7 143
49 4 139
46 6 136
48 3 135
48 2 131
44 4 128
41 0 131
39 2 127
35 2 123
39 4 120
35 6 124
36 9 120
33 5 123
29 4 127
27 1 131
30 5 135
28 9 132
24 10 136
20 9 133
19 13 129
17 9 128
20 13 132
21 14 134
21 14 132
17 14 132
21 16 128
18 12 127
19 11 130
17 12 128
16 11 128
14 8 128
14 5 129
18 8 125
18 9 121
17 7 124
17 4 123
18 3 122
14 4 124
15 4 120
11 1 123
10 5 125
9 9 129
10 9 125
14 10 123
13 14 126
15 11 125
19 9 129
15 11 131
17 11 127
19 12 126
17 12 127
18 8 127
17 5 131
14 2 133
10 1 130
8 2 130
9 5 126
11 3 125
12 4 124
9 4 126
12 6 128
12 6 130
14 2 133
15 4 132
18 2 131
15 1 135
16 2 135
15 1 134
13 4 136
16 5 136
14 8 140
16 5 142
17 8 142
15 4 139
15 0 136
13 2 133
17 2 136
20 2 139
19 6 140
21 2 139
25 3 136
22 3 137
26 5 138
30 7 141
33 7 137
32 3 133
29 5 136
25 8 136
22 11 132
26 11 131
30 15 130
29 13 129
26 10 125
26 10 128
24 8 124
21 12 128
21 11 124
21 15 120
21 11 121
22 11 118
18 11 119
18 14 118
18 17 115
14 20 115
18 22 118
18 23 121
20 25 124
18 21 121
21 22 118
22 25 122
23 21 121
27 18 123
27 17 124
23 21 124
20 17 121
17 21 123
17 19 121
18 16 120
16 18 116
12 22 117
8 26 118
10 27 117
7 25 120
8 28 118
9 32 121
13 33 120
11 33 124
7 36 120
7 40 124
9 43 126
9 44 125
7 48 126
8 46 123
10 49 124
6 49 128
2 51 124
2 53 127
6 55 125
5 56 123
9 56 127
9 55 126
10 56 130
13 58 126
16 54 129
15 54 128
14 55 129
14 59 125
17 63 128
19 61 127
15 62 124
14 63 120
12 62 117
11 59 118
8 55 119
8 52 119
10 50 122
8 49 122
7 53 125
6 56 127
10 53 125
10 56 121
8 52 120
9 52 122
6 50 118
8 46 118
6 50 117
10 47 118
9 51 119
12 54 122
9 58 125
7 54 121
7 57 119
8 56 119
7 52 120
7 51 120
3 55 119
5 59 121
6 58 118
9 60 114
10 63 112
13 62 110
16 62 111
14 66 107
14 68 110
12 66 114
10 65 116
13 65 117
13 64 120
15 63 118
12 61 119
15 59 115
13 59 115
10 60 116
13 56 113
13 54 110
15 55 106
16 56 109
14 55 110
13 52 106
11 52 107
8 50 111
6 50 111
10 53 110
9 54 111
9 54 108
7 57 104
5 58 105
4 61 105
8 59 107
11 56 107
13 52 103
13 55 103
14 56 101
17 57 101
20 60 103
21 58 107
20 60 108
16 56 108
12 53 111
14 50 107
18 51 106
14 48 110
17 44 109
19 42 108
15 43 106
17 40 102
15 37 102
11 40 105
7 37 109
11 40 110
9 42 110
5 39 112
8 39 115
5 38 115
8 34 112
5 32 110
5 33 108
4 35 111
8 35 112
8 37 113
8 38 116
6 41 117
8 41 117
11 39 117
15 35 114
18 35 116
21 32 112
17 29 114
13 27 113
14 25 109
18 21 111
21 23 110
17 19 107
14 19 107
10 17 111
13 18 110
12 14 111
16 16 110
20 12 111
23 14 110
21 18 110
17 19 113
19 22 110
21 26 106
23 28 106
27 25 105
23 28 103
20 27 104
19 29 105
22 29 108
24 30 105
23 29 106
27 32 103
28 33 104
30 35 100
28 34 100
28 33 97
32 33 96
36 33 93
37 29 94
38 30 96
38 28 97
41 25 97
43 26 93
40 22 90
44 22 87
43 25 91
43 26 88
42 24 89
43 21 90
47 23 93
45 27 93
46 24 96
50 24 96
50 27 94
53 25 95
52 25 97
52 27 93
56 30 92
60 26 92
62 25 91
66 21 87
70 25 90
67 23 86
66 27 86
62 26 86
66 22 90
65 20 86
65 16 88
69 16 87
65 13 87
69 16 88
73 12 91
73 14 92
69 18 92
72 17 94
68 14 93
72 12 95
76 9 94
75 7 98
72 3 96
72 3 99
76 1 101
74 2 100
73 1 99
74 2 98
75 2 98
73 1 99
71 2 102
74 1 99
72 2 99
75 0 97
71 2 101
67 0 104
68 1 105
72 3 107
73 4 108
75 2 111
77 1 114
76 2 112
77 0 111
75 2 114
79 5 113
76 1 111
72 4 107
70 5 104
73 9 106
73 9 107
75 5 105
78 2 102
82 5 102
83 7 100
84 10 99
85 8 95
84 9 96
88 5 95
88 9 99
89 11 100
91 10 101
87 8 99
86 11 102
85 12 102
84 13 100
81 17 101
83 20 97
87 21 93
89 24 97
86 28 101
89 27 99
91 25 101
89 28 101
93 25 105
89 25 103
86 22 106
85 23 108
87 25 105
87 27 108
90 30 110
92 27 107
96 26 103
97 26 99
93 23 96
96 26 100
97 29 103
101 32 103
101 28 106
103 27 105
100 23 104
97 24 108
100 23 111
100 26 115
96 28 117
95 32 117
92 29 114
95 31 117
99 33 113
100 37 113
101 39 113
105 36 112
105 32 108
107 28 104
105 27 106
104 25 104
102 21 108
105 25 108
105 29 109
103 26 111
106 30 112
106 28 109
104 32 111
104 28 110
107 24 112
106 23 115
102 23 115
103 22 117
107 26 116
105 29 116
109 33 120
108 31 122
104 32 118
105 36 115
106 38 112
110 38 116
112 34 113
114 35 116
116 38 119
114 42 119
112 38 117
114 34 120
117 35 119
120 31 115
117 33 112
114 30 111
116 28 110
113 30 106
117 26 110
121 27 111
119 25 113
121 25 110
122 27 114
124 23 115
126 19 116
127 21 119
124 23 117
124 24 113
122 20 117
125 17 116
123 19 115
127 23 118
123 23 117
124 26 118
121 30 115
119 33 117
121 34 119
123 30 122
122 28 125
125 25 129
121 23 128
123 19 128
119 22 127
115 20 128
116 18 124
119 22 126
123 18 125
120 15 125
124 17 124
126 14 121
127 18 117
128 18 120
132 16 118
131 19 117
127 18 120
129 18 116
131 20 120
133 22 118
131 22 118
128 22 115
124 20 111
121 18 113
118 18 114
122 21 110
124 19 114
122 19 111
122 19 108
124 15 108
120 13 110
122 16 113
123 12 117
120 13 120
123 14 121
122 17 122
126 13 122
129 13 122
125 9 119
129 10 123
131 12 122
131 13 124
127 16 128
131 18 129
134 17 131
134 18 130
136 16 132
140 13 130
138 14 132
141 11 131
139 11 128
135 11 126
137 8 123
136 6 123
139 10 122
140 7 126
140 6 123
137 10 124
133 7 122
137 10 126
141 10 127
137 10 128
137 8 132
137 5 135
136 1 131
138 1 132
136 0 128
134 2 124
131 2 125
131 6 124
130 10 121
128 10 123
124 10 122
128 12 120
130 8 119
132 6 115
130 8 111
130 8 109
133 9 112
136 10 115
138 7 114
141 8 118
145 9 122
142 8 121
138 9 124
136 12 124
138 14 124
142 15 121
141 18 123
144 21 127
147 20 127
145 22 125
145 21 125
149 24 126
150 21 129
150 17 133
154 14 136
155 16 134
154 14 137
155 18 137
152 16 139
153 15 135
157 12 138
160 8 136
162 12 134
159 9 138
160 6 138
160 8 142
163 7 138
159 5 134
155 6 134
155 8 130
158 8 131
156 8 132
155 5 129
155 3 128
155 5 128
153 8 124
149 6 122
151 2 123
150 3 122
147 7 124
149 3 122
152 3 121
152 5 117
154 4 116
152 6 119
151 8 122
154 6 118
156 4 121
152 7 119
156 9 120
152 11 122
154 8 120
152 9 117
151 12 119
150 13 122
150 17 119
153 15 121
151 12 118
152 15 118
148 18 121
149 19 124
147 19 123
143 22 120
141 19 120
137 18 116
135 20 114
139 16 110
137 20 109
134 18 108
133 17 112
135 16 110
139 16 108
137 20 110
141 18 107
141 22 104
137 20 100
138 18 103
135 14 103
136 10 102
140 9 101
142 5 99
138 7 99
139 10 102
137 10 103
133 11 106
137 9 106
138 10 102
137 14 106
141 15 110
142 19 113
144 23 110
142 19 114
143 17 111
145 13 109
147 16 107
147 18 104
151 16 103
152 12 99
153 15 99
155 16 102
155 13 104
152 16 100
156 16 100
155 17 103
158 14 101
162 12 103
159 9 100
159 9 103
163 13 102
159 13 99
155 16 97
153 19 99
155 19 95
155 20 97
155 20 94
155 16 96
159 18 92
162 22 88
159 26 90
156 25 91
153 26 92
152 25 90
156 28 93
152 32 89
149 32 87
146 30 85
147 28 83
144 31 80
146 27 78
147 25 78
145 26 77
144 24 74
140 20 72
139 23 74
140 22 73
139 18 71
137 19 68
141 18 67
139 17 64
138 17 66
135 19 70
135 23 74
134 26 78
132 28 76
136 25 79
138 24 76
137 21 78
140 25 75
143 21 73
146 25 76
150 26 75
152 22 74
152 21 74
153 18 71
149 16 68
152 13 64
154 9 66
157 10 70
158 8 73
162 9 77
161 5 78
164 2 78
164 5 82
160 1 85
159 4 85
155 7 88
156 10 88
156 9 90
160 10 90
164 14 94
165 12 95
162 13 93
158 17 93
160 16 97
156 19 97
156 19 96
154 19 93
153 19 96
157 18 98
156 21 95
152 20 91
155 24 88
153 20 91
155 18 89
154 19 89
150 20 86
153 21 86
153 25 87
157 23 90
157 27 89
161 23 93
163 27 94
164 30 95
168 27 98
169 27 95
173 24 95
170 24 93
173 21 92
177 22 92
176 21 96
175 19 99
171 16 95
172 19 97
174 18 93
174 17 95
178 13 92
181 16 89
183 18 92
184 18 95
182 15 98
179 11 95
179 12 96
177 14 100
180 16 97
178 20 93
177 21 92
175 25 93
179 29 91
182 28 88
184 24 89
184 21 86
182 24 87
179 25 84
181 29 83
183 26 84
184 22 88
187 25 92
188 29 95
188 31 91
185 30 90
186 32 91
188 28 90
192 31 92
191 33 89
189 37 85
189 38 81
192 38 78
189 34 82
191 32 82
187 34 80
191 37 82
188 34 79
186 33 79
186 33 83
184 32 81
184 33 83
181 29 80
183 31 77
184 32 80
186 31 78
190 33 81
188 33 82
192 37 80
192 35 76
188 33 73
186 37 76
190 38 80
186 40 76
182 37 77
186 34 77
183 37 76
180 41 73
183 39 77
186 42 76
189 44 80
190 48 79
186 49 75
189 48 79
189 46 76
189 48 76
193 49 75
195 51 76
193 49 77
193 45 78
197 43 77
193 46 75
190 48 76
193 48 77
197 49 75
196 53 79
193 49 80
197 47 81
198 45 82
200 46 86
203 44 89
199 43 88
201 39 84
200 39 82
196 38 86
199 38 84
201 42 85
198 46 82
201 50 83
204 47 80
202 48 76
200 46 77
196 47 77
197 50 81
197 47 78
200 46 81
203 49 84
199 53 88
200 57 88
202 58 86
202 55 89
203 55 90
202 58 86
198 62 82
194 65 83
192 62 80
190 61 79
194 58 78
194 56 75
194 54 74
193 53 71
193 53 73
189 51 71
193 53 67
196 52 69
192 50 70
188 50 73
185 51 73
187 51 69
189 48 65
192 48 62
192 48 60
194 52 64
196 55 60
198 59 60
194 55 60
195 54 58
197 52 54
201 55 56
198 52 58
194 52 61
195 54 58
198 54 60
200 55 63
198 58 62
201 59 59
201 62 63
204 63 60
208 66 56
211 67 60
212 70 60
210 68 61
209 68 60
206 68 60
208 64 62
208 68 66
205 72 66
209 71 69
206 70 68
204 68 71
207 65 68
211 69 65
215 69 67
218 69 65
219 72 64
223 73 62
219 72 60
218 69 58
222 70 62
224 71 66
228 69 68
232 72 64
232 75 65
229 77 68
227 78 71
224 75 73
223 76 70
221 77 73
219 76 76
215 80 79
212 80 81
210 78 85
207 80 83
211 78 86
210 79 82
212 83 83
215 84 79
219 83 76
218 82 76
216 78 75
214 80 73
210 84 69
214 80 69
216 78 72
212 76 74
211 78 73
208 78 76
204 82 73
200 78 73
196 75 72
192 73 69
188 74 66
184 72 63
186 74 62
183 76 66
186 74 63
185 77 65
181 75 61
184 79 63
182 81 62
186 83 58
186 81 62
188 82 62
189 79 63
192 75 65
192 72 64
196 76 68
196 80 67
193 78 68
192 78 66
192 75 70
195 76 74
195 73 72
197 71 71
198 69 69
196 71 67
195 73 64
199 76 63
197 76 61
195 80 59
196 81 63
192 84 59
194 84 58
197 85 58
196 89 57
193 93 60
194 89 57
197 92 61
196 92 64
198 96 60
201 92 58
199 94 55
201 91 54
197 91 56
197 90 60
198 89 61
201 87 59
201 85 63
198 88 65
200 90 63
196 90 61
199 90 65
198 90 64
201 88 67
201 87 64
197 85 64
199 86 67
198 90 69
201 86 71
197 85 75
200 82 78
200 84 82
200 84 84
203 86 83
207 88 81
208 92 78
205 91 77
207 87 73
209 90 75
212 86 72
209 86 72
213 86 71
209 89 74
210 87 73
214 87 72
213 88 75
210 87 79
214 83 79
215 79 77
218 80 81
220 81 80
221 81 84
222 82 87
223 84 86
221 88 88
217 92 89
218 93 86
215 97 83
219 100 82
223 102 81
225 106 83
225 110 80
228 112 80
226 111 78
229 113 82
226 111 80
229 110 80
230 112 79
228 110 77
231 111 77
231 111 73
232 109 76
231 109 75
227 113 71
224 110 68
225 110 68
227 109 65
230 107 66
226 109 69
228 112 67
227 109 66
227 110 69
223 107 72
220 103 73
222 105 72
219 108 69
216 111 73
218 107 75
217 105 74
219 102 73
220 104 69
223 101 68
225 104 71
222 105 73
225 103 77
228 99 76
230 99 72
228 99 72
224 97 68
228 98 70
227 98 72
230 99 69
229 96 69
225 94 73
222 90 69
222 91 66
221 93 62
218 97 64
215 95 66
218 93 70
215 94 68
212 98 71
215 99 74
213 100 72
214 101 74
217 104 72
221 107 76
219 107 74
216 104 77
216 107 77
215 103 75
218 103 73
220 104 75
216 108 75
214 110 79
211 112 81
210 108 84
212 105 81
211 105 77
215 105 74
215 102 76
213 105 75
211 102 73
207 98 70
206 95 72
210 94 70
209 97 69
212 93 72
213 94 73
210 93 72
214 94 74
213 96 73
215 94 72
215 94 73
215 91 73
212 88 73
215 85 71
219 82 68
215 82 66
217 82 67
213 85 71
210 86 73
208 84 76
211 83 74
210 80 70
207 81 73
208 79 72
210 80 71
208 83 67
212 86 69
211 88 68
209 89 68
205 90 66
207 92 63
209 91 62
208 88 58
211 86 61
211 84 63
212 81 59
209 78 60
208 75 62
211 79 62
211 83 58
208 81 54
212 80 54
213 80 55
210 76 56
211 76 58
210 72 59
213 74 58
212 78 59
212 78 56
216 78 55
220 77 53
223 74 50
220 76 52
218 79 52
219 82 52
218 80 51
220 82 50
220 86 54
220 90 55
222 88 58
218 87 55
221 85 53
220 85 57
220 89 53
223 87 51
227 88 53
226 85 50
230 81 52
226 81 56
230 84 60
233 87 62
236 83 66
233 86 64
234 90 66
235 92 66
239 92 64
242 96 61
245 100 62
245 101 65
242 98 65
244 98 67
241 97 69
243 93 71
245 97 68
249 97 68
251 98 69
248 95 73
250 91 76
254 93 78
252 95 79
249 95 79
252 99 79
250 102 77
254 101 77
257 99 77
261 96 76
260 93 77
260 97 74
257 95 77
261 94 74
264 98 70
262 96 68
263 97 70
267 99 71
271 97 73
269 98 74
271 97 75
271 96 78
270 98 75
272 100 71
272 99 73
274 95 72
274 96 74
271 95 78
268 91 78
271 90 74
274 93 76
273 95 72
272 94 73
273 97 70
270 95 71
273 99 71
273 101 74
270 103 72
274 104 75
278 101 78
280 102 77
278 98 78
282 102 75
285 101 78
282 105 74
283 102 74
283 106 74
280 104 78
279 108 74
279 104 71
277 100 72
277 102 70
279 103 70
276 101 72
279 103 72
280 105 68
282 109 68
281 108 66
279 111 65
278 110 66
280 113 66
276 109 69
276 112 71
276 115 73
275 113 76
272 117 74
273 119 76
273 120 75
273 120 76
275 118 78
276 122 78
278 123 78
281 123 80
282 119 76
281 123 79
280 122 79
276 121 78
274 123 81
276 127 84
272 131 82
269 131 81
267 135 80
271 139 77
274 142 75
271 143 71
275 144 72
273 148 72
272 151 70
272 149 70
275 149 68
271 152 72
274 153 69
275 156 67
278 159 68
276 162 68
275 162 70
274 164 72
277 163 73
277 160 73
273 160 75
272 159 78
276 158 75
273 158 77
270 159 77
274 155 78
274 158 76
270 158 75
267 162 71
267 162 69
267 165 73
266 164 77
263 167 73
266 166 77
270 166 80
266 167 83
262 167 80
260 165 78
258 163 75
260 166 77
257 168 81
255 170 85
252 171 82
255 168 79
252 168 75
252 169 78
250 167 79
254 166 80
251 165 82
253 161 83
257 157 85
258 157 84
260 156 85
257 155 82
260 151 84
262 155 88
266 156 88
270 157 84
268 161 85
267 163 82
271 160 80
272 164 76
269 164 77
266 164 78
265 168 80
265 170 76
265 170 72
266 168 68
265 164 71
268 167 72
272 169 75
270 170 72
274 173 74
270 173 70
269 176 72
273 180 76
277 182 75
279 186 78
279 188 82
283 189 80
285 192 81
282 194 84
278 197 87
275 196 89
272 196 89
274 199 87
276 199 85
273 199 84
275 203 86
276 201 90
277 200 86
280 196 83
281 199 79
282 202 75
283 204 72
282 202 74
282 202 70
278 199 74
277 197 70
275 198 70
277 197 69
273 195 71
272 196 73
268 195 77
264 194 74
268 191 78
265 191 82
263 191 86
262 194 85
266 192 85
266 193 87
268 197 86
268 197 86
268 198 88
264 196 85
266 196 84
267 193 84
271 191 86
271 187 90
268 183 89
269 184 90
271 185 92
268 187 88
264 185 89
265 183 91
262 179 90
266 175 94
270 178 97
271 181 94
267 179 96
263 177 93
265 174 90
264 174 90
264 176 91
260 174 95
261 175 93
259 178 93
261 181 97
257 179 95
256 175 97
260 178 96
257 176 97
254 177 94
257 173 96
254 174 99
257 173 95
260 170 91
261 167 94
257 163 95
259 164 97
259 166 98
263 162 102
265 162 104
262 160 108
266 158 109
268 158 112
271 160 116
274 156 112
275 153 112
278 151 115
277 147 114
276 151 112
280 154 115
282 158 112
283 162 109
287 163 110
289 166 113
287 168 116
283 168 116
287 169 116
283 169 116
283 173 120
287 170 119
283 172 118
280 175 116
276 176 114
276 174 118
272 171 118
274 168 116
278 164 115
282 166 114
280 162 112
284 163 115
284 160 118
283 161 115
282 157 117
286 161 114
283 160 115
283 157 117
279 153 116
279 150 120
283 154 118
282 152 118
282 156 122
279 160 121
280 163 117
284 166 119
288 163 121
288 162 124
287 161 123
283 163 126
280 159 122
278 158 123
280 156 122
283 160 120
279 157 120
276 153 118
279 153 119
283 157 115
280 154 113
276 155 112
280 159 109
279 158 110
278 159 113
279 155 116
279 159 113
281 161 116
282 163 116
284 159 120
283 160 117
284 162 120
282 165 118
281 168 116
278 170 114
281 171 117
278 169 118
274 172 120
275 174 123
279 174 126
283 172 122
282 173 122
285 170 122
288 173 126
284 171 125
287 169 121
291 169 120
291 166 116
294 167 116
292 169 118
291 171 118
295 169 119
297 170 116
301 172 119
304 175 115
307 177 112
305 178 108
301 182 109
304 180 107
300 178 107
304 182 106
308 183 109
306 179 108
305 182 110
301 179 109
299 182 111
295 184 107
296 186 106
292 183 107
289 183 104
290 185 105
293 183 104
295 184 100
297 187 104
297 184 101
294 183 99
297 182 100
295 181 103
296 183 102
297 179 103
297 175 107
299 171 103
303 168 105
304 168 109
303 172 109
300 173 106
296 176 109
297 172 110
301 176 110
305 173 107
305 171 107
308 174 107
312 173 105
314 177 102
315 174 105
317 174 108
321 172 108
320 176 108
322 178 111
325 181 112
327 183 113
326 187 109
322 186 109
323 190 105
319 194 102
322 192 102
319 196 105
315 199 106
319 195 103
320 199 106
320 195 108
318 193 104
317 196 107
320 198 105
319 198 103
320 198 102
322 197 102
319 199 98
317 197 97
318 193 98
316 189 99
320 186 96
324 182 99
326 184 101
326 187 105
326 190 102
325 192 98
321 195 102
319 197 105
321 193 105
324 197 102
327 200 100
326 204 97
329 204 97
326 207 101
327 211 98
326 209 99
324 210 101
321 206 104
323 209 106
320 212 104
319 213 106
318 212 105
321 212 108
317 215 105
313 219 107
317 217 108
313 215 106
313 216 108
309 219 111
305 216 114
307 214 112
309 214 113
307 215 112
305 217 113
304 215 111
300 216 110
299 220 107
303 217 107
299 213 103
295 214 107
291 212 108
295 212 110
295 216 106
296 213 109
300 210 109
300 213 106
303 209 105
300 210 104
297 206 104
301 202 108
299 201 111
299 202 114
297 205 116
299 206 116
299 209 118
302 207 114
299 206 117
299 210 121
303 212 117
304 209 115
301 209 118
305 209 118
304 206 115
305 202 116
306 201 112
302 197 115
303 201 119
304 198 117
301 195 118
300 197 118
300 200 116
303 203 114
307 203 112
311 204 114
312 200 115
312 204 111
316 203 109
315 201 110
312 202 113
313 200 111
309 203 115
305 205 112
308 209 115
312 211 119
311 207 116
308 206 118
306 208 115
304 211 115
302 210 115
306 208 114
303 207 111
306 210 107
304 212 105
305 215 102
301 213 101
305 210 100
304 214 104
302 216 102
300 219 101
299 219 99
295 215 95
295 218 96
298 222 99
302 222 96
298 220 94
302 221 92
302 217 90
299 216 90
299 215 91
300 213 95
297 211 92
299 213 94
296 211 95
292 211 91
294 215 92
291 218 96
289 215 95
286 215 97
285 218 97
288 215 97
288 217 95
291 214 94
287 210 94
287 208 91
288 209 92
289 207 93
289 209 92
291 208 90
287 209 93
284 212 90
285 209 91
282 212 93
286 208 93
287 205 93
285 202 92
286 203 91
287 205 95
285 202 93
285 204 95
285 202 96
281 205 100
277 201 97
274 198 100
274 200 104
276 199 104
275 196 108
277 193 109
281 195 105
277 193 108
280 190 106
279 189 108
277 188 111
275 191 114
276 190 112
273 187 111
269 188 115
272 188 117
275 189 119
275 193 115
276 194 115
278 197 113
274 194 114
276 198 111
278 195 108
279 195 111
281 199 112
277 200 115
274 198 117
272 199 115
273 195 119
270 193 119
272 193 123
269 196 126
268 198 127
269 194 129
273 194 132
269 197 132
273 194 133
275 190 135
276 186 139
276 188 139
276 185 135
273 183 133
269 179 130
270 177 126
267 177 126
265 177 123
262 179 124
259 175 124
259 178 121
255 175 123
251 176 127
248 179 123
245 181 124
242 178 121
246 178 123
244 180 123
245 177 127
247 175 125
249 171 125
249 174 123
253 176 119
249 179 122
250 178 123
251 179 125
247 177 129
249 174 125
250 175 124
246 176 125
243 176 126
239 178 125
241 182 125
237 184 129
236 186 132
236 190 133
239 194 135
239 198 131
241 202 132
242 205 129
240 204 132
238 200 132
235 202 132
238 206 136
239 203 133
237 199 130
241 200 134
238 197 130
236 196 128
240 194 127
243 193 127
240 195 129
240 198 126
240 196 123
238 199 126
234 198 122
230 201 121
228 201 121
226 204 122
227 208 121
231 211 120
228 211 124
230 207 126
227 211 123
225 212 126
225 215 125
221 218 121
224 214 120
228 218 116
225 221 112
229 218 115
231 222 111
228 223 107
229 223 111
227 222 114
227 224 113
225 223 111
228 226 113
226 223 116
223 227 120
226 229 122
228 226 121
228 229 125
225 232 121
222 233 120
220 231 122
217 229 118
214 233 115
214 237 111
218 238 109
218 240 106
222 238 107
223 241 103
223 242 99
219 246 101
219 248 100
222 251 101
223 252 98
226 253 96
230 255 92
230 251 93
234 253 96
231 253 95
230 251 92
233 252 93
235 255 95
239 259 91
237 261 90
233 261 92
230 261 92
229 257 88
229 260 90
225 263 89
229 264 87
227 263 83
229 265 81
232 266 84
230 266 80
227 268 76
225 268 73
223 269 74
223 273 78
226 269 79
229 271 78
233 273 78
232 276 79
236 272 78
239 275 82
241 278 81
242 278 85
239 276 89
240 278 88
243 274 85
245 270 82
248 273 84
251 272 87
250 272 88
252 275 91
255 276 95
257 280 96
258 277 99
262 278 103
258 274 107
256 271 109
252 273 111
249 276 115
247 275 115
248 274 114
244 273 111
245 270 108
248 270 107
249 268 110
252 264 114
253 263 115
254 260 119
253 257 119
257 259 120
254 257 119
255 258 116
256 256 118
258 253 116
257 250 119
254 252 117
251 252 121
251 252 125
254 252 123
258 248 124
260 244 127
257 246 129
254 248 128
255 247 125
251 247 127
251 245 125
247 247 127
251 247 128
255 243 128
253 243 128
257 240 128
260 244 130
258 243 127
257 242 129
256 244 127
255 240 124
257 243 124
254 247 127
256 243 127
256 246 125
259 243 126
258 243 127
255 240 129
258 241 128
259 240 129
258 237 128
260 238 130
261 236 128
257 233 127
257 234 123
261 238 120
262 242 124
261 246 123
259 250 122
263 252 120
261 251 116
264 249 117
265 251 115
268 253 118
266 249 118
269 246 115
270 243 114
271 244 111
