47 49 46
51 48 49
53 46 52
56 47 53
52 43 56
50 40 60
53 43 61
57 41 61
61 39 65
58 35 62
61 32 63
59 34 59
61 36 60
65 37 64
64 35 60
68 31 63
64 28 63
64 32 63
68 33 64
70 32 60
68 28 57
66 29 61
65 27 61
67 31 61
70 30 62
72 30 59
71 32 56
72 30 54
71 28 57
67 25 61
63 25 65
66 29 64
66 33 61
65 29 64
68 26 63
68 24 64
70 22 60
67 26 57
64 25 57
60 22 60
58 19 59
60 19 55
62 15 59
58 16 56
58 19 53
57 17 52
61 21 49
58 22 52
55 18 50
54 21 51
52 20 55
50 23 55
53 20 54
53 24 55
55 26 59
56 29 56
56 31 54
59 27 56
55 29 60
58 30 62
62 26 61
59 29 64
62 28 64
65 28 60
69 29 60
65 30 61
69 31 57
71 30 61
69 30 65
73 34 63
75 32 66
79 28 64
80 28 61
80 26 64
82 29 62
83 28 58
83 27 57
85 31 54
83 32 54
81 33 52
79 33 51
79 33 48
82 36 49
78 35 46
80 32 48
80 34 47
84 38 45
80 39 49
80 39 50
77 36 52
75 36 56
78 40 55
82 39 52
84 42 53
84 44 52
80 41 52
76 41 51
80 41 55
82 41 53
80 42 56
82 46 53
85 43 57
86 46 55
86 48 53
85 46 50
87 48 47
90 48 46
92 47 43
91 43 40
87 46 37
84 50 41
84 53 42
83 53 39
79 54 39
81 57 39
79 57 41
80 53 45
83 50 42
79 47 45
78 49 43
76 53 46
72 51 44
68 53 48
66 57 44
66 54 46
63 51 48
64 52 46
67 56 47
67 56 51
63 58 53
65 56 53
65 53 54
68 49 55
67 47 51
71 48 51
74 46 53
70 49 51
73 49 52
70 46 50
67 50 46
70 50 50
72 54 54
71 51 53
74 49 54
77 47 56
76 51 54
72 49 50
72 53 54
73 53 56
73 57 60
75 56 62
74 58 64
76 57 62
75 59 61
76 58 60
80 55 56
79 52 60
80 56 61
80 52 63
83 53 63
79 50 62
82 50 60
83 46 57
84 44 56
86 44 54
89 48 50
86 46 54
82 46 52
78 45 50
82 45 48
82 44 50
80 46 50
81 42 51
85 38 50
83 39 53
86 38 53
82 40 57
82 40 55
79 40 53
83 36 51
86 38 51
90 41 47
93 41 50
92 45 50
93 44 48
92 41 45
91 44 49
94 46 46
98 45 49
95 46 50
97 42 54
101 39 54
98 35 56
100 36 52
98 38 54
99 40 55
103 36 58
105 35 55
101 33 51
105 30 55
102 27 56
102 25 55
102 24 55
103 22 53
104 22 50
108 22 46
106 26 50
110 25 47
113 22 44
113 26 45
109 30 45
105 29 41
106 33 42
105 31 38
106 35 36
109 33 36
108 37 34
108 34 32
106 32 34
105 36 30
107 37 31
108 35 29
110 34 27
109 38 24
111 40 28
108 37 26
111 40 22
107 42 20
109 45 17
105 48 16
101 46 12
103 44 14
103 43 12
107 42 9
104 44 9
101 45 13
100 47 13
101 45 9
104 49 10
102 46 9
101 42 6
100 38 6
101 35 7
99 37 8
97 38 12
99 40 12
95 43 11
91 40 9
92 38 9
89 42 6
88 45 2
84 42 0
85 39 1
85 38 0
85 37 2
81 34 5
84 30 1
83 30 3
79 31 6
78 32 9
79 28 12
77 30 16
74 26 19
71 26 20
67 29 23
69 30 19
67 34 16
70 37 13
68 34 15
72 36 17
73 35 14
71 31 15
71 28 11
75 27 14
76 29 10
80 25 11
80 26 7
78 29 4
82 26 8
83 25 7
82 23 4
86 22 0
85 19 2
81 20 1
83 19 2
82 19 4
78 20 7
81 22 8
83 23 10
81 23 6
80 21 6
84 24 8
87 23 11
87 19 15
87 20 15
83 16 18
86 14 21
89 10 22
92 14 24
95 11 28
97 13 24
98 17 21
96 17 21
92 19 21
93 19 17
91 23 16
91 24 17
89 25 15
90 22 13
90 26 14
92 25 12
90 23 13
92 26 17
89 22 21
85 25 25
82 22 25
78 26 24
81 22 27
77 24 23
81 27 19
78 25 20
76 23 17
75 19 19
71 18 21
73 15 21
72 12 19
76 8 16
74 5 13
75 4 9
73 3 6
69 2 8
69 5 11
70 5 13
68 4 9
69 1 10
68 1 9
71 2 11
75 5 9
74 4 9
75 8 5
76 7 5
79 7 1
82 3 1
80 6 0
78 6 2
80 6 0
77 10 2
74 8 2
78 4 2
82 7 1
80 4 3
79 4 2
80 7 2
77 9 2
73 7 2
72 3 6
74 5 7
78 1 8
75 2 9
77 3 13
74 1 9
78 2 11
74 6 9
76 10 5
72 7 8
72 9 11
74 12 15
72 12 11
73 9 12
74 8 8
71 11 7
67 13 7
69 12 5
71 8 9
68 7 9
72 10 6
69 12 5
65 15 7
68 13 3
70 13 0
69 11 2
71 13 1
73 9 3
72 8 4
70 9 3
68 5 3
72 4 2
71 0 6
69 2 9
71 1 6
72 5 2
69 7 2
73 8 2
72 10 4
73 8 6
71 9 6
67 9 2
63 13 2
61 15 6
62 19 8
65 22 12
66 26 12
62 26 12
65 29 8
64 26 5
68 27 5
67 26 3
65 23 1
62 26 4
63 25 0
64 26 3
65 26 5
69 23 8
66 25 7
65 28 3
66 29 3
70 31 2
74 28 0
74 27 2
78 26 2
77 27 2
76 24 2
76 22 3
73 26 7
69 25 7
71 29 8
71 30 11
69 34 7
67 36 8
70 36 4
71 33 0
74 35 2
75 37 2
73 41 6
72 38 4
70 42 0
73 44 1
72 48 2
73 47 5
74 45 8
74 45 7
75 45 7
75 47 5
77 46 1
78 44 2
79 42 2
79 43 0
75 44 2
77 45 4
80 43 2
83 40 4
79 39 0
76 37 2
74 35 2
77 39 2
80 37 6
80 35 5
79 31 9
75 30 5
71 29 2
67 32 2
65 32 6
67 29 3
63 25 5
61 29 5
61 29 3
64 28 7
62 25 10
66 29 7
65 28 6
68 25 9
67 29 8
65 27 4
61 23 5
59 23 5
55 21 8
53 18 6
51 15 2
54 16 4
55 13 6
53 9 8
56 10 7
57 14 6
61 16 6
59 19 6
59 17 3
63 21 6
66 21 3
69 23 6
70 19 5
70 19 9
74 15 7
71 15 10
68 18 7
64 17 7
68 13 5
67 13 7
63 10 10
65 14 13
62 11 13
63 8 14
66 8 18
62 9 18
64 5 22
67 7 21
63 5 19
63 8 22
60 12 26
64 10 24
61 13 24
61 14 27
61 11 24
65 13 24
64 14 21
67 13 20
70 14 18
69 11 17
73 13 17
69 12 21
66 15 24
69 19 23
70 21 26
66 20 25
70 22 23
66 26 26
64 26 26
61 28 25
60 25 21
62 25 19
64 21 16
62 25 14
62 21 14
63 23 16
59 20 16
59 22 12
58 24 9
62 21 10
61 18 10
62 17 11
65 13 14
63 9 15
66 9 17
63 13 20
59 14 21
63 17 24
62 19 24
66 18 27
65 16 25
63 17 22
66 13 18
62 17 14
62 15 18
66 18 17
67 19 18
63 15 21
60 11 17
61 13 14
59 16 17
63 16 13
61 12 17
64 11 15
63 12 18
67 9 17
65 7 17
64 4 14
61 6 11
58 10 12
57 6 12
60 10 13
57 14 9
57 11 13
57 14 11
56 15 10
52 16 8
51 19 4
49 21 2
45 20 2
41 21 3
41 17 3
41 20 2
39 17 2
36 17 4
32 17 8
32 19 9
31 21 13
30 21 15
27 24 14
24 28 13
22 30 17
20 31 19
20 27 21
17 30 20
14 32 19
14 34 20
10 31 17
10 27 14
13 28 13
13 27 11
12 23 15
15 20 16
16 24 13
19 23 10
23 26 10
25 28 8
27 24 8
24 21 8
21 20 5
21 21 4
17 20 7
13 19 10
17 16 7
16 20 4
13 16 3
13 16 6
10 20 6
13 20 8
15 24 10
18 22 6
19 25 4
18 29 6
14 27 10
13 29 11
9 30 11
6 34 15
7 30 14
4 30 11
8 26 14
9 23 16
10 24 13
8 21 15
7 18 16
6 17 14
3 17 11
4 13 11
2 13 15
6 16 14
9 20 17
12 20 20
15 22 21
12 22 17
8 23 14
9 20 17
13 18 18
11 21 21
8 17 18
7 18 18
5 18 18
8 19 21
8 16 17
12 12 18
9 10 14
11 14 18
11 14 14
11 11 15
10 7 13
7 9 12
7 6 15
6 6 14
4 3 18
4 7 18
3 5 20
2 1 24
1 1 24
5 1 28
6 5 32
10 5 35
8 2 33
12 5 32
10 9 31
9 8 28
13 12 30
13 10 28
12 9 26
16 11 26
20 14 29
23 15 28
24 18 27
24 14 28
24 15 32
28 18 32
31 18 36
27 20 34
30 19 34
27 16 36
28 14 37
28 16 39
28 17 38
30 18 40
33 15 38
31 14 38
33 10 34
32 8 33
35 12 31
31 9 30
28 13 30
26 17 26
30 17 22
32 18 23
28 20 23
29 19 20
33 16 20
31 12 19
33 9 18
35 6 15
33 5 18
32 9 18
33 6 18
30 3 20
27 3 20
24 2 17
24 0 15
26 0 13
29 2 13
30 2 15
33 5 14
30 3 14
34 2 13
30 2 17
29 2 15
33 3 11
31 4 11
28 0 10
25 2 13
29 6 11
27 5 7
28 9 11
30 5 13
30 2 11
28 5 12
25 5 8
25 9 8
21 12 11
22 11 8
26 12 4
29 11 4
27 14 2
29 13 5
27 10 3
27 11 0
25 7 2
25 9 2
21 11 5
24 15 4
27 14 4
24 12 0
28 12 2
26 9 2
25 5 1
29 4 2
33 2 1
31 0 0
28 2 1
31 5 1
35 2 2
31 2 1
32 2 2
35 3 1
37 7 2
33 5 3
32 1 1
32 2 2
34 1 2
31 2 0
28 2 2
24 3 4
27 2 1
25 3 1
22 1 2
23 3 3
26 4 2
27 3 5
24 2 7
23 2 6
22 6 10
22 10 7
22 12 10
19 15 7
22 17 7
20 18 8
20 18 8
24 22 7
26 19 11
29 19 15
33 23 19
37 23 19
33 20 22
33 21 18
35 22 20
31 26 21
29 27 25
30 31 27
34 29 23
36 27 26
36 27 24
39 31 21
38 30 18
36 27 18
36 25 16
32 23 13
35 25 15
32 22 19
29 24 22
32 20 24
33 24 25
34 22 25
30 21 23
28 17 21
27 18 18
24 17 18
21 15 15
20 11 19
23 9 22
21 8 23
18 11 21
16 13 25
20 16 26
16 20 29
15 17 28
15 13 30
18 11 26
18 10 28
18 13 28
15 12 27
19 13 29
18 11 25
19 14 23
16 15 25
14 13 25
13 15 23
14 12 21
18 15 25
17 14 21
16 13 17
16 9 21
13 7 24
17 9 25
18 6 23
19 7 24
23 4 25
26 0 29
26 0 32
25 2 28
23 0 31
23 3 28
19 1 27
16 1 26
13 4 23
13 3 27
16 1 30
16 1 29
17 2 29
18 2 26
22 3 25
24 6 21
24 3 20
26 7 21
26 4 25
30 5 21
31 4 25
33 3 23
37 2 21
40 5 17
44 6 21
43 10 21
43 6 23
39 7 21
42 8 18
42 8 14
43 11 18
44 7 14
45 7 18
44 3 22
44 1 24
48 1 21
49 4 23
49 8 22
53 4 22
53 0 19
49 0 15
53 2 19
49 3 16
53 2 18
50 0 19
50 1 22
49 2 24
51 4 28
54 2 29
55 4 25
52 7 24
51 10 26
49 9 28
49 5 29
51 4 30
52 2 28
54 3 27
57 5 28
54 8 24
57 8 25
59 12 26
56 13 28
58 14 24
54 16 28
57 13 24
61 10 28
59 10 28
62 7 29
58 8 32
55 11 35
55 8 31
55 4 27
54 6 29
56 2 29
56 0 25
56 2 26
54 2 25
57 2 27
59 5 23
57 6 25
58 10 22
58 12 19
60 10 16
56 14 19
52 14 15
52 17 18
52 14 17
51 15 21
54 19 19
50 15 22
47 17 23
47 18 24
51 20 26
51 17 30
53 15 34
51 12 34
54 9 37
54 10 39
55 9 43
54 6 40
54 8 41
50 12 42
51 10 39
55 11 35
55 8 38
55 5 34
58 9 33
58 11 29
60 11 32
57 10 36
61 9 33
58 6 37
62 6 33
63 9 37
66 11 37
70 10 37
74 9 41
72 5 38
68 9 42
66 11 39
62 7 42
60 8 40
64 8 43
63 8 46
59 10 44
63 10 41
63 12 44
62 11 47
64 10 46
64 14 46
68 16 46
66 16 48
62 20 52
65 23 53
65 19 56
61 16 57
63 13 58
62 16 62
63 16 60
59 14 58
58 10 56
60 14 52
58 17 49
60 19 52
62 18 49
63 22 48
60 19 44
58 21 41
56 25 37
52 29 38
52 27 39
49 30 37
50 30 39
52 30 37
53 34 34
53 36 38
50 35 42
49 39 46
52 37 46
53 40 50
55 42 46
59 43 48
63 44 50
65 43 51
69 47 49
67 47 48
64 45 46
63 49 44
62 45 43
59 45 40
57 46 43
60 50 39
60 53 40
57 53 37
53 56 37
49 59 37
48 62 34
44 61 36
46 63 36
48 62 37
48 60 33
44 62 37
41 59 41
38 58 37
41 57 39
42 58 36
41 57 34
41 60 31
41 64 32
37 60 35
33 64 34
31 60 30
35 62 26
36 66 23
37 70 25
40 67 24
42 64 23
41 63 25
44 59 28
41 60 28
38 61 28
37 64 24
39 61 28
43 57 30
43 60 34
47 58 35
49 60 38
48 58 36
44 61 38
42 59 36
38 58 35
40 57 31
43 58 31
41 59 33
42 55 30
41 58 33
41 58 34
44 59 36
42 62 37
38 63 39
41 62 43
43 64 41
43 61 44
42 58 44
40 57 46
42 56 42
38 59 44
38 60 41
35 60 39
34 62 39
36 63 40
35 60 44
39 61 47
39 62 43
41 60 42
37 63 42
39 67 45
43 66 45
45 62 49
44 66 53
40 65 49
37 66 51
35 69 52
33 70 53
32 69 50
36 65 53
32 64 53
32 60 54
31 63 55
32 61 58
36 61 57
33 59 60
32 59 58
35 60 54
35 56 55
37 60 56
33 58 55
37 58 59
38 56 60
42 56 57
45 52 55
42 52 56
40 51 58
44 48 55
43 50 53
41 46 56
39 49 57
39 48 56
41 47 59
43 48 58
46 46 55
46 49 52
49 51 48
48 51 45
44 50 43
47 46 40
49 47 40
49 49 44
51 47 40
50 45 37
48 47 38
48 44 34
50 46 38
53 44 41
54 44 45
53 45 47
55 46 50
57 49 51
61 48 48
57 45 47
55 48 48
56 49 52
54 52 50
57 56 46
56 59 46
60 62 46
59 62 45
60 60 45
59 62 44
56 63 44
54 62 44
53 61 47
57 65 45
61 62 44
60 62 48
56 63 52
55 63 56
59 62 58
59 62 54
60 61 55
63 57 55
64 53 57
60 53 60
60 50 64
60 52 62
64 48 59
61 50 61
57 50 61
55 51 60
59 47 58
57 51 61
59 51 62
60 53 66
59 53 70
63 55 73
61 53 72
65 56 70
67 59 74
64 58 77
67 61 76
69 62 77
69 60 75
70 59 73
71 62 75
71 66 79
73 70 75
75 66 73
79 63 76
76 67 75
75 69 79
73 65 77
69 62 75
67 58 73
66 62 70
67 61 73
70 59 77
67 58 76
63 59 80
60 60 77
64 61 78
62 58 81
60 60 83
57 61 85
56 58 87
54 56 87
57 55 85
53 51 89
53 50 85
54 46 83
53 42 85
49 38 81
52 40 80
50 38 83
51 36 80
53 39 81
54 42 77
54 41 73
57 45 73
60 43 76
61 45 80
62 41 81
66 42 83
69 46 82
73 47 84
70 44 84
69 45 81
73 43 80
77 43 84
75 46 87
74 50 85
75 53 83
73 53 80
70 54 79
66 52 77
70 52 73
74 52 73
75 51 75
79 55 76
76 55 74
75 51 70
73 54 71
69 55 70
65 58 68
65 57 69
65 53 69
63 55 70
63 51 69
63 52 72
62 54 71
60 58 75
58 55 79
54 52 79
51 49 77
51 45 78
49 49 79
50 46 79
46 47 80
44 47 80
45 44 83
49 47 85
52 49 89
48 48 87
45 50 87
42 53 88
39 51 91
38 51 88
41 52 84
43 49 87
44 52 86
47 54 88
44 52 88
48 55 84
52 51 85
52 53 88
54 51 88
51 51 86
47 55 85
49 51 88
53 51 92
53 53 95
53 57 91
54 58 93
57 55 91
54 51 91
55 55 89
56 54 90
53 58 86
51 60 88
47 60 91
47 56 87
44 52 85
41 56 84
42 54 88
41 51 91
40 48 88
42 49 85
38 49 85
41 47 84
42 45 80
39 43 82
43 44 78
47 40 80
46 43 78
49 46 82
50 45 86
47 44 84
43 43 87
44 42 86
47 38 83
50 36 80
54 38 79
58 38 79
59 38 79
58 41 83
55 43 83
52 39 83
56 35 79
52 31 75
53 32 74
53 33 74
51 35 78
48 36 76
52 33 75
56 33 77
57 33 76
53 34 79
57 34 78
60 33 77
61 30 79
65 27 76
65 29 75
68 27 79
71 27 77
70 23 79
73 21 78
71 18 75
69 22 78
68 18 79
66 14 82
62 11 80
62 7 77
62 8 79
60 7 83
62 9 81
58 10 79
58 13 76
62 9 76
58 6 72
57 5 75
61 2 72
65 5 68
68 3 66
72 3 69
75 2 68
78 2 66
81 3 62
80 6 59
84 3 63
80 6 59
76 10 57
80 10 61
77 7 65
77 8 63
78 10 65
81 10 66
79 7 68
77 9 65
79 5 65
83 8 63
86 5 60
85 2 59
86 5 60
85 9 63
84 8 63
80 12 66
79 15 65
83 14 64
79 10 67
76 6 66
79 6 69
79 10 66
75 8 65
76 11 65
76 11 68
76 8 67
77 4 67
80 1 71
76 2 71
80 4 71
84 4 68
80 3 66
80 1 62
76 1 60
78 2 60
78 6 57
75 10 59
78 8 63
81 7 60
78 5 58
78 8 60
78 11 61
81 10 62
85 10 62
83 11 65
87 7 65
86 5 61
89 8 61
93 6 64
97 8 68
100 4 69
101 6 68
98 8 72
94 10 76
96 10 76
99 8 75
96 9 78
94 7 82
93 3 85
97 5 84
96 2 80
92 2 81
95 3 78
97 4 80
98 1 82
98 2 80
101 3 83
101 0 83
100 3 85
98 0 84
97 2 86
99 4 88
95 3 92
97 2 96
95 1 97
93 1 98
94 5 101
97 3 101
93 5 98
93 9 100
97 6 102
101 4 99
102 1 103
101 2 100
99 5 99
98 8 97
102 7 94
106 3 93
106 7 95
109 11 93
107 14 94
103 11 90
102 10 92
101 11 95
100 11 96
96 15 92
95 14 92
94 18 88
97 16 89
94 20 87
90 18 90
88 19 90
87 17 94
88 18 94
91 19 97
87 18 96
87 14 95
85 12 91
88 14 93
88 11 96
91 12 96
91 10 98
89 12 101
89 11 99
92 10 102
90 11 102
87 13 104
90 10 105
88 13 102
89 13 106
88 17 110
87 17 110
83 20 107
82 23 109
79 19 108
83 18 108
85 14 111
83 18 114
81 15 116
82 17 114
83 16 113
82 14 114
85 12 113
82 16 117
86 20 118
86 17 119
82 19 122
78 15 121
77 11 118
79 8 118
82 5 118
83 1 117
82 3 121
84 7 119
85 6 123
82 7 127
79 6 126
81 6 125
82 3 122
79 2 126
80 4 128
83 7 127
79 10 125
80 7 127
76 8 124
74 12 123
75 16 124
73 18 121
77 17 121
75 14 117
76 17 120
74 20 117
74 23 121
70 20 121
70 24 118
72 23 120
76 24 124
80 26 124
82 26 126
82 25 127
85 29 124
84 29 126
80 28 122
81 27 122
83 28 118
83 26 116
82 25 114
79 25 118
78 24 114
79 27 116
77 31 115
76 32 112
72 28 111
68 26 112
67 23 110
64 20 110
62 23 111
65 26 107
63 24 107
64 25 106
61 22 110
62 25 111
63 22 109
61 21 109
61 20 108
64 24 111
68 21 107
71 17 111
70 16 115
74 20 113
75 19 111
72 20 114
68 20 118
64 19 119
66 19 115
64 19 115
64 18 111
65 15 114
67 13 114
69 16 112
69 15 111
72 13 111
72 12 109
68 10 110
70 6 109
68 5 112
68 9 113
68 7 116
67 11 115
68 15 114
67 13 113
65 17 110
64 14 112
65 18 108
67 20 104
70 18 106
71 14 106
67 12 107
65 16 108
65 20 112
61 22 109
58 26 113
58 27 116
62 23 114
62 20 117
60 18 121
61 20 120
59 21 124
59 21 127
60 21 131
58 19 127
56 23 123
53 19 125
51 17 121
51 17 118
47 16 118
51 17 114
54 14 113
50 17 115
51 13 118
55 16 120
56 18 119
54 18 122
53 15 118
56 14 120
59 10 119
60 11 121
64 14 120
67 16 117
69 19 118
69 21 119
65 18 116
69 21 120
67 24 123
64 27 121
65 25 117
69 29 120
66 25 116
62 27 116
59 23 120
55 19 121
51 21 121
49 20 117
45 24 115
41 26 116
38 27 117
37 24 113
37 22 109
37 19 111
33 22 107
37 21 110
35 24 112
31 28 112
30 26 113
31 30 110
27 30 107
29 30 105
28 30 104
24 31 108
23 34 108
22 30 112
25 29 108
27 33 105
25 37 104
27 36 106
31 38 105
33 34 105
31 32 105
29 31 105
28 31 103
25 34 105
25 34 103
27 37 107
29 33 106
33 33 106
30 30 109
30 32 105
30 33 109
31 32 108
29 33 110
32 33 106
29 33 104
26 30 105
24 33 106
20 34 104
20 37 104
20 41 106
22 37 108
20 41 111
21 42 114
21 43 115
23 44 113
27 40 109
31 36 108
32 32 112
34 33 116
31 30 113
32 27 109
30 27 106
29 28 106
31 24 105
29 25 108
31 21 105
31 23 105
34 20 106
37 21 104
39 22 101
39 22 97
38 21 95
37 20 95
36 24 95
34 28 94
36 29 94
39 27 96
35 27 99
38 25 101
37 26 103
37 23 99
34 27 100
34 25 103
30 23 107
26 20 106
22 21 106
21 17 106
18 13 105
22 11 103
26 11 102
30 7 99
28 5 96
26 8 99
29 12 99
28 8 98
25 11 100
22 8 102
22 8 98
22 9 100
21 12 97
24 15 93
25 15 93
29 11 95
31 9 91
34 9 91
34 12 94
38 15 98
38 13 97
34 16 97
31 16 95
27 19 97
28 20 97
28 19 97
27 16 96
31 14 95
32 14 95
30 16 98
32 15 94
29 13 97
27 16 96
28 16 98
27 14 101
30 17 97
31 17 97
30 19 95
30 18 98
27 22 97
24 18 100
24 17 101
27 21 101
25 17 102
23 16 102
22 12 100
23 8 97
25 12 101
27 16 103
25 14 106
23 18 108
19 17 110
15 15 111
19 15 115
16 11 115
16 15 114
15 14 118
15 10 122
12 14 124
15 14 127
13 16 129
10 13 133
11 11 129
11 7 133
15 9 130
17 8 132
15 11 132
14 12 133
16 10 131
15 13 133
15 9 137
18 9 141
16 10 140
17 6 143
18 2 140
20 1 142
21 1 140
22 5 138
26 1 141
27 5 137
30 4 137
32 1 139
32 2 142
28 1 144
26 2 141
26 0 143
23 0 147
21 2 148
23 5 152
20 6 152
19 3 151
23 3 151
21 2 155
17 2 159
19 3 160
20 0 164
17 2 167
21 5 167
18 1 167
21 5 165
25 2 161
24 0 162
27 2 159
30 1 159
34 2 158
35 4 162
38 5 166
36 2 170
40 6 174
40 2 170
42 2 172
43 2 171
44 2 167
46 1 170
43 3 167
39 5 165
40 2 167
43 5 163
41 5 164
44 5 160
48 9 161
46 11 165
44 14 162
41 11 158
44 11 159
42 10 162
46 9 164
48 9 164
50 5 166
51 8 163
55 11 160
51 8 162
50 4 158
52 3 159
56 6 157
53 2 158
52 4 157
50 2 157
54 5 160
51 7 164
50 9 165
52 8 166
56 5 166
56 2 166
58 2 168
54 3 166
56 3 163
56 7 160
54 11 164
54 10 162
57 11 163
53 7 161
56 9 162
55 12 159
58 14 156
56 18 160
58 14 163
61 10 166
61 14 164
62 18 162
66 15 165
65 13 167
64 9 168
65 13 167
69 13 167
72 9 168
76 13 172
74 9 172
73 13 176
76 12 178
75 16 174
76 15 171
73 13 168
76 16 171
80 20 173
79 20 173
77 24 169
80 23 172
84 20 172
80 16 175
80 20 172
83 23 173
82 23 176
83 22 173
83 24 174
86 24 172
82 26 170
78 30 167
82 33 166
85 36 165
81 33 161
84 37 163
87 36 161
87 36 165
84 32 165
81 32 165
83 33 167
84 35 166
85 33 165
86 31 169
83 30 167
86 33 170
87 36 170
90 38 171
94 40 171
97 40 174
94 36 171
91 33 171
91 35 174
95 38 171
93 42 167
91 45 165
91 46 169
88 47 173
91 51 170
89 50 167
90 46 166
94 46 166
93 45 167
93 48 169
95 48 168
96 44 169
95 45 169
98 46 169
101 42 169
100 39 166
98 36 168
102 37 164
100 41 164
104 45 167
105 47 171
108 44 173
109 45 175
108 49 171
111 49 167
109 47 171
107 45 173
109 42 174
112 43 174
116 42 176
113 40 177
110 37 181
106 39 181
105 37 179
101 39 179
97 39 180
101 40 182
103 43 183
101 41 186
101 41 189
104 41 191
106 38 187
108 42 190
107 42 191
109 40 188
107 39 191
108 35 193
105 34 196
105 32 200
101 28 197
100 32 193
99 33 194
97 37 190
93 41 194
91 38 194
91 34 195
87 32 196
84 36 199
83 34 197
85 38 200
83 34 203
83 35 202
84 39 205
83 40 201
81 36 201
84 36 200
82 33 199
86 30 203
83 31 202
84 27 206
84 26 207
81 26 210
83 27 213
86 29 214
86 29 211
85 27 210
84 28 212
84 31 215
88 35 211
88 37 212
84 38 214
81 41 210
85 43 209
82 45 213
81 41 214
81 38 211
82 40 214
81 41 214
78 40 217
76 40 220
75 40 222
73 39 220
71 36 223
68 36 223
64 34 227
63 35 225
64 32 226
67 36 230
70 37 233
72 34 232
70 35 232
67 36 236
68 36 240
70 35 243
67 37 240
68 38 243
72 34 243
75 31 240
73 31 243
76 34 239
80 38 239
79 35 235
83 38 233
84 42 236
81 39 232
82 36 228
84 39 228
81 40 225
77 41 225
76 43 224
77 44 228
73 40 227
70 42 224
67 46 225
67 43 228
68 42 226
65 38 227
67 39 230
65 41 233
63 38 234
64 36 233
68 34 234
65 34 235
69 33 236
70 30 233
74 32 233
72 31 234
68 32 231
70 31 227
70 31 225
68 33 222
64 30 226
68 33 230
68 31 229
64 33 228
67 35 228
64 38 230
62 37 232
60 36 232
64 37 236
66 37 233
68 38 235
70 42 239
69 44 242
72 44 242
70 44 238
73 47 240
73 46 239
74 44 239
71 40 243
71 44 246
73 40 244
70 42 248
71 42 244
68 44 241
70 42 237
67 42 233
64 42 231
66 46 231
69 47 230
73 47 234
72 51 230
71 53 226
67 54 229
69 50 232
69 50 229
68 47 233
65 48 233
65 49 236
67 52 238
65 54 237
66 50 236
63 54 237
65 57 233
61 54 237
63 54 236
64 52 234
67 55 232
71 54 234
67 58 237
65 62 238
69 58 234
72 59 238
70 61 242
70 58 240
73 55 242
77 56 240
79 52 243
75 51 247
72 48 248
74 46 249
70 44 245
67 44 246
64 45 248
68 43 244
67 42 243
71 44 246
67 43 247
69 41 246
69 41 249
67 38 251
67 34 252
65 36 256
67 32 260
63 34 257
65 30 257
61 32 255
60 35 251
58 39 255
58 37 251
58 36 253
62 33 253
59 35 251
60 37 252
59 39 255
59 40 258
60 44 254
56 42 257
58 43 256
54 45 253
56 43 254
59 41 255
63 43 253
63 47 251
62 44 247
61 42 251
61 38 247
60 40 249
59 40 247
56 37 250
56 40 253
58 43 250
57 47 253
57 45 255
61 41 259
59 37 263
62 39 262
64 43 260
66 42 264
62 39 261
61 38 260
62 42 263
58 46 263
58 44 266
55 48 263
57 46 260
57 44 259
55 40 259
54 40 255
51 37 255
55 37 254
55 39 258
58 41 259
58 41 256
61 37 252
65 40 252
61 42 256
64 41 260
67 38 261
71 39 265
72 41 264
69 45 261
71 41 260
71 44 259
67 46 256
64 50 257
66 47 253
63 51 252
66 49 250
63 47 249
62 49 249
58 45 246
61 48 246
58 52 250
54 50 248
51 53 247
52 50 250
51 48 254
52 44 250
56 42 251
53 43 250
51 39 247
50 39 248
49 38 248
48 40 250
49 43 253
50 46 255
51 44 257
50 48 261
50 44 259
51 47 263
50 43 266
51 45 265
50 49 268
51 46 271
55 42 273
52 44 272
54 44 274
54 40 272
58 38 272
55 38 275
52 38 277
48 38 281
49 34 279
48 37 281
44 37 285
43 33 281
39 34 281
41 35 284
44 35 281
42 38 279
45 38 277
43 35 279
43 36 279
43 35 278
41 33 277
39 34 275
42 35 274
40 34 278
42 30 282
45 31 282
48 31 280
45 30 279
43 31 276
46 35 275
49 36 275
51 33 277
52 37 280
52 41 284
49 37 282
47 34 282
47 37 279
45 37 279
45 40 276
45 43 274
44 41 278
40 40 277
37 44 275
36 48 274
36 48 276
32 44 272
31 41 271
32 41 269
30 40 271
34 38 272
30 41 275
34 38 273
34 35 269
37 39 266
38 39 263
39 42 264
43 38 261
44 36 261
48 38 262
46 38 260
45 38 258
48 41 262
48 38 266
46 36 263
44 35 260
46 31 260
44 31 257
41 35 257
43 35 255
41 38 256
39 39 254
43 41 253
47 45 253
50 42 257
51 44 258
47 43 256
43 47 253
39 46 254
37 46 257
34 44 256
36 44 259
34 43 256
37 43 257
37 43 258
33 39 258
34 35 261
38 37 261
41 36 265
39 37 268
35 34 270
39 31 269
35 35 268
38 34 265
41 30 268
37 29 272
40 28 270
36 32 271
39 35 273
39 32 277
43 34 274
47 30 276
51 30 274
54 26 278
55 24 282
53 20 284
49 21 285
52 21 289
48 17 290
46 13 291
44 12 288
45 15 288
47 12 290
47 12 287
46 9 283
44 7 284
40 7 282
41 5 286
44 2 282
46 0 285
44 2 284
48 2 281
52 4 282
53 5 280
52 9 282
53 5 285
50 6 288
46 5 292
50 1 289
49 4 289
48 6 291
49 4 288
48 2 289
46 2 286
46 5 289
46 5 292
42 7 291
43 7 293
40 7 289
40 11 289
39 11 287
41 9 287
40 7 290
39 5 288
41 5 286
39 8 287
37 11 287
40 13 285
39 9 288
39 5 287
40 3 285
44 1 288
43 2 288
47 2 288
46 3 291
50 1 293
54 5 294
55 2 290
55 6 293
57 10 296
60 14 292
57 10 292
60 14 290
58 16 286
56 15 288
53 15 291
56 14 290
59 14 293
61 13 297
61 12 296
64 9 297
66 13 295
68 13 295
70 11 297
72 8 295
71 6 295
68 4 295
69 8 295
69 11 296
72 14 294
72 10 291
72 14 291
71 18 294
67 18 297
68 15 299
69 19 303
68 22 304
71 26 305
67 22 306
69 26 305
65 25 305
65 21 304
68 20 300
69 22 299
66 22 303
65 26 302
68 30 305
66 33 304
67 32 306
65 34 309
69 30 305
70 26 306
71 28 304
69 24 301
68 21 305
72 23 307
74 24 303
71 24 304
70 20 306
74 17 307
76 15 310
75 14 311
75 12 311
75 15 310
74 19 306
70 19 303
68 17 302
65 21 301
68 22 304
71 21 305
71 20 305
70 16 308
72 14 308
69 11 312
67 15 312
71 13 308
70 10 305
73 11 303
71 12 305
74 12 305
76 13 304
79 16 303
77 16 305
76 16 309
77 17 310
74 18 314
76 19 313
74 23 317
74 26 314
77 24 310
77 26 308
81 26 308
81 25 308
77 26 311
81 29 310
84 25 310
84 21 312
84 23 314
86 22 318
84 19 322
81 19 320
84 23 317
80 20 321
81 21 317
83 18 318
85 16 318
85 13 316
88 9 314
88 7 316
86 7 316
82 11 318
78 15 322
81 19 325
81 15 322
83 13 318
81 9 322
85 7 319
84 8 321
87 12 321
83 16 325
87 15 326
86 14 326
85 11 323
86 12 324
87 10 321
91 8 322
89 8 318
92 9 315
96 10 312
100 8 308
98 8 309
102 4 307
106 7 311
107 6 308
104 9 307
100 5 304
102 8 305
98 12 304
98 9 305
96 8 305
97 4 303
96 3 302
94 4 303
95 4 304
93 3 304
95 0 301
99 2 305
98 3 308
101 3 308
97 1 308
93 4 310
90 5 310
86 1 312
86 2 311
83 4 307
84 5 309
82 2 311
79 1 310
77 2 313
76 4 311
72 2 310
68 6 311
69 5 312
70 7 309
66 5 311
62 2 311
62 5 315
61 9 311
61 7 311
62 4 307
59 4 308
60 3 312
64 5 308
60 7 306
59 7 308
63 6 306
65 9 306
62 6 304
63 7 301
62 6 304
59 4 308
57 2 310
53 1 311
52 4 311
50 3 310
47 3 312
45 2 312
43 1 316
45 3 320
47 5 322
47 7 321
45 6 317
47 8 317
46 6 313
48 10 311
47 9 310
50 13 310
48 17 310
52 21 314
53 24 314
52 25 318
52 28 319
53 28 320
54 30 323
58 31 327
60 33 324
60 32 325
60 30 321
63 31 320
66 29 319
68 26 318
66 24 321
64 25 320
61 28 324
65 26 324
67 27 327
63 24 326
67 24 326
64 25 329
66 29 328
68 26 330
64 23 331
67 25 327
65 22 331
68 25 330
68 25 329
68 21 330
68 22 333
64 24 331
68 23 332
70 26 331
67 25 335
66 26 337
62 29 340
58 30 337
58 27 337
54 25 338
54 27 340
51 25 337
53 28 340
52 24 343
54 28 347
52 30 346
49 32 347
45 36 348
46 36 344
43 39 346
47 35 343
46 31 344
49 32 347
48 32 345
45 35 344
48 38 347
49 36 348
52 34 352
51 30 354
50 30 355
51 26 351
52 22 347
52 19 343
49 19 345
51 21 342
48 20 345
46 23 347
49 27 351
46 28 355
48 31 357
51 34 354
47 37 350
48 38 347
49 40 350
52 40 351
52 44 348
52 48 344
49 47 348
47 48 350
49 45 350
53 49 353
50 50 354
54 53 355
53 51 354
53 51 351
54 54 351
53 54 355
50 52 351
48 49 354
47 49 355
47 45 354
47 49 351
43 46 350
40 46 352
42 45 356
38 47 353
38 44 355
34 46 359
34 45 357
30 44 358
31 41 356
32 40 356
34 43 356
32 43 356
34 46 353
35 43 355
39 39 358
40 40 358
41 40 357
45 41 361
49 42 361
45 41 360
48 42 357
44 40 357
48 37 361
51 36 359
47 34 355
49 36 351
45 37 347
48 39 346
47 40 346
47 41 347
50 45 347
50 44 345
51 42 349
51 41 350
51 39 352
54 38 348
55 34 350
57 33 353
59 34 354
55 34 351
56 37 348
52 34 349
49 33 349
51 33 352
51 33 353
49 32 351
48 31 355
50 30 353
46 26 357
49 29 360
48 25 358
44 29 361
45 30 362
48 29 364
52 26 362
55 22 360
55 21 364
55 24 365
56 22 365
60 25 367
57 24 369
59 21 368
62 19 368
65 19 370
66 19 367
66 23 369
70 22 371
72 22 368
69 20 369
67 22 366
63 22 368
65 18 370
64 16 371
63 13 368
61 11 370
58 7 374
59 9 371
58 11 367
58 10 369
58 11 365
57 14 367
55 10 369
59 9 367
62 12 367
60 8 366
56 5 370
56 3 368
53 0 371
56 3 375
60 1 375
62 5 375
66 1 375
67 2 374
66 6 374
62 2 372
66 2 368
67 3 366
71 1 364
72 1 364
70 3 361
67 7 364
67 5 367
71 3 371
73 6 372
70 2 368
73 2 372
72 6 371
68 8 373
65 6 373
65 7 377
66 10 374
70 13 371
72 12 372
70 10 371
70 7 375
73 8 376
72 11 378
68 10 381
70 12 383
67 12 381
65 9 384
63 10 384
64 10 381
63 6 384
64 3 387
61 7 384
63 9 383
59 8 382
57 6 378
57 3 376
53 7 372
52 3 376
54 2 380
55 0 376
57 3 373
59 3 370
58 2 371
57 3 374
56 6 370
55 4 366
53 4 362
56 3 360
52 1 360
55 2 360
56 5 362
54 8 362
50 5 359
51 4 355
49 0 353
53 2 356
54 3 352
51 7 351
54 5 352
57 1 348
58 2 346
61 3 344
64 6 345
62 2 348
65 3 349
61 0 346
59 2 349
59 1 349
62 3 351
61 7 349
59 5 347
57 9 349
53 9 346
57 7 344
61 7 345
60 11 341
58 7 338
57 3 341
58 5 338
62 1 340
66 2 338
65 6 337
66 7 333
66 3 330
65 3 327
64 5 324
68 4 326
64 4 329
61 6 327
58 3 330
62 2 334
62 3 338
60 5 339
58 1 338
62 4 336
66 8 334
69 7 334
71 9 336
71 13 340
68 17 337
72 20 337
74 21 339
71 19 338
75 23 342
79 20 341
76 24 343
73 22 345
72 23 345
73 23 342
74 26 339
76 23 336
74 19 339
73 16 342
69 16 344
66 16 348
68 19 347
69 21 348
70 22 349
71 25 351
74 22 350
76 18 349
79 22 353
80 18 350
80 18 353
82 15 350
78 11 346
75 10 346
78 7 349
82 6 352
84 6 356
87 2 353
86 0 349
84 4 353
87 1 352
88 2 348
88 0 347
89 3 349
86 3 347
88 6 348
89 4 350
87 8 351
91 9 355
90 5 352
86 6 350
87 3 351
87 2 354
88 1 351
89 2 354
87 4 358
90 3 354
89 0 351
85 3 349
85 5 351
86 3 351
85 3 353
86 4 357
83 6 356
82 3 357
82 1 357
85 2 356
82 2 357
78 2 360
75 2 359
78 4 362
81 2 365
82 6 368
79 10 368
83 10 371
83 12 374
87 9 373
84 13 370
81 17 366
84 17 362
84 17 363
83 15 363
86 15 364
88 11 364
85 13 360
87 12 360
87 15 357
91 15 354
89 14 354
87 17 358
89 13 354
90 14 356
89 12 352
86 9 354
85 9 358
85 6 362
87 9 363
90 5 362
92 9 358
92 12 356
91 15 360
88 15 357
87 18 358
83 17 358
81 18 356
85 18 356
81 16 360
80 13 356
76 17 354
77 15 351
81 19 355
85 19 351
83 23 349
80 26 349
80 23 349
81 27 353
84 24 356
87 28 360
88 30 358
87 27 361
84 25 363
82 26 362
78 24 360
81 25 357
79 24 357
82 26 353
84 30 354
81 30 351
77 26 353
80 24 356
83 21 355
87 18 358
83 14 359
85 13 358
84 14 358
81 16 358
78 16 362
76 15 365
74 15 363
74 15 367
75 11 370
76 8 369
78 7 372
77 8 372
78 12 375
76 15 379
73 18 378
72 18 374
70 20 377
69 19 377
67 20 380
69 20 377
70 22 381
66 20 378
68 24 375
65 24 376
69 23 374
72 23 371
76 25 373
78 28 371
74 31 375
74 27 379
71 28 376
75 30 376
79 32 372
80 32 368
83 32 368
86 30 372
82 34 369
82 35 368
84 39 368
84 36 366
82 36 364
79 37 362
82 34 360
84 33 359
85 30 356
81 30 360
85 28 358
86 29 357
84 26 359
84 30 356
83 32 354
84 30 354
80 28 351
81 28 350
77 29 346
74 27 344
75 26 348
78 22 350
74 25 350
74 24 354
71 20 351
75 16 351
79 13 353
83 16 350
87 13 348
87 15 344
86 17 347
89 19 347
86 17 351
90 16 351
89 20 352
90 17 352
92 13 353
92 12 355
88 16 359
89 12 361
91 10 363
87 14 365
90 17 365
87 20 368
85 16 367
87 14 367
91 14 366
94 12 366
98 12 363
98 9 365
94 9 367
90 7 369
89 7 370
89 10 368
88 6 367
84 6 371
86 3 368
88 6 369
90 7 369
88 4 369
91 6 372
90 7 370
90 9 371
87 12 375
86 9 374
83 8 378
81 5 379
80 2 376
80 2 375
76 0 378
80 1 378
76 2 377
80 3 374
83 3 374
81 1 370
84 1 373
88 2 376
90 0 380
87 4 378
85 5 376
82 7 375
85 11 377
82 13 379
81 13 381
83 17 384
82 18 385
84 17 385
88 16 389
87 13 391
87 14 394
83 11 391
80 9 390
81 8 388
84 9 392
84 5 393
85 6 389
81 8 392
78 9 390
78 10 386
79 8 390
78 11 391
77 8 388
77 11 389
76 10 389
77 13 388
73 17 387
77 19 388
81 23 391
83 23 392
86 22 391
82 26 393
79 29 394
77 26 392
79 26 392
77 30 388
80 28 386
76 29 385
75 30 383
73 30 387
73 31 385
76 32 388
75 34 385
71 38 385
69 39 386
68 42 388
64 45 384
60 49 380
64 45 383
63 47 386
62 50 385
64 48 383
65 44 386
64 40 385
63 39 389
65 36 386
64 38 386
67 37 382
71 36 378
72 33 376
68 37 373
71 33 370
71 29 367
70 32 363
70 32 363
67 34 366
69 35 367
66 37 366
62 33 370
63 36 373
63 40 374
64 41 373
60 41 374
61 42 370
58 39 374
54 40 378
54 38 382
57 38 382
61 39 380
64 40 378
61 37 377
57 39 380
60 39 379
57 40 383
54 40 385
58 39 381
54 39 379
50 42 378
51 38 381
48 37 381
52 40 377
55 38 380
53 38 382
57 37 378
55 36 382
56 32 384
57 34 380
57 31 377
59 31 373
60 35 375
63 39 379
62 35 376
64 35 375
66 34 377
64 34 373
68 32 374
67 28 373
69 27 372
71 27 375
67 29 372
69 29 374
70 33 370
71 34 371
70 36 367
67 38 364
68 38 361
64 34 361
65 34 363
62 32 362
64 32 360
62 31 359
63 27 362
67 28 365
63 27 367
63 24 369
63 20 365
65 16 363
67 15 360
63 14 364
61 10 363
62 12 361
62 9 364
59 11 368
57 15 372
54 11 372
51 14 376
48 11 372
50 7 373
47 7 376
43 5 375
42 2 371
43 1 374
45 2 371
48 1 375
52 2 377
55 0 379
57 1 380
56 2 377
56 2 377
55 1 375
53 4 375
50 1 379
48 1 375
49 2 376
51 1 377
48 3 377
49 4 380
48 8 376
44 5 375
42 3 379
45 6 379
41 6 377
38 2 381
39 6 385
41 10 389
45 13 391
45 10 392
48 9 395
51 9 395
53 11 399
50 9 403
54 13 400
58 13 401
57 13 400
61 14 404
60 18 400
61 19 404
63 20 402
64 18 406
64 17 405
65 20 408
68 16 406
64 19 404
64 18 406
61 17 408
60 16 412
63 13 409
60 12 407
60 8 411
58 6 409
58 9 411
54 7 409
50 7 409
46 6 412
49 5 411
51 9 415
47 9 412
48 9 414
45 12 412
41 8 413
41 10 417
45 13 418
45 9 421
45 5 417
46 1 418
49 2 417
49 2 414
48 6 417
47 8 414
49 11 415
52 13 416
48 14 420
48 15 419
47 16 415
49 18 419
51 16 420
54 14 422
58 10 420
62 6 419
65 6 423
67 5 422
64 6 420
61 4 418
62 5 418
62 7 419
61 6 423
58 6 420
61 8 423
58 7 422
54 5 418
53 2 414
49 2 416
45 2 416
41 6 412
41 4 416
40 8 413
40 7 416
43 3 419
44 6 421
44 5 421
42 2 424
42 3 424
42 7 427
42 3 425
43 6 428
39 5 424
35 7 424
36 11 423
37 15 424
36 12 420
39 9 423
41 8 424
40 5 424
39 4 425
39 6 425
38 10 421
41 10 418
43 14 417
45 13 421
45 12 423
42 10 424
44 11 423
45 15 420
49 11 421
47 14 420
45 15 423
49 11 423
46 13 421
47 9 422
43 5 420
39 7 420
36 5 417
35 4 421
31 5 422
33 7 426
34 9 427
37 11 428
37 14 424
35 11 423
32 11 420
30 13 418
26 12 420
26 12 418
24 11 422
25 7 422
23 9 420
24 13 418
22 10 420
23 11 418
22 12 422
26 8 422
27 4 425
28 5 429
26 9 433
27 7 436
26 11 432
27 7 432
24 10 436
26 13 434
26 16 434
28 16 431
30 19 435
30 22 433
27 23 434
24 21 438
20 19 438
23 16 441
25 19 440
27 17 438
31 20 436
34 21 438
34 22 442
37 23 444
41 23 446
45 20 442
41 19 444
42 20 445
46 21 442
47 17 442
43 18 439
45 21 435
47 23 434
51 27 432
50 25 433
47 23 437
48 20 435
49 24 437
53 27 438
55 25 442
59 22 444
58 22 446
61 23 446
62 19 443
66 19 439
66 23 439
66 19 435
63 21 432
59 18 436
59 17 440
55 21 442
55 24 438
59 26 439
59 30 442
61 28 440
63 30 439
67 29 438
66 30 440
63 33 439
59 29 438
55 32 434
56 32 434
54 32 430
50 28 429
50 27 430
53 30 429
53 30 428
57 27 430
59 27 432
59 29 434
63 33 434
63 35 437
61 39 437
59 35 435
60 35 436
59 36 433
56 37 437
58 36 437
56 33 434
58 34 436
56 36 433
59 40 433
63 40 434
62 39 433
66 36 437
70 40 437
67 44 436
70 44 438
69 44 440
66 40 437
70 42 438
68 45 434
71 41 435
70 44 431
72 41 432
69 45 433
71 44 437
69 47 433
71 45 430
67 48 434
66 45 435
66 41 434
68 40 436
68 37 435
68 40 432
67 40 436
66 36 440
66 39 436
65 35 440
61 31 443
61 29 444
65 25 444
63 26 440
65 24 443
65 23 443
65 19 440
63 21 444
64 19 440
62 22 437
64 19 441
60 16 441
62 16 445
61 16 449
59 19 446
56 20 442
52 17 438
49 15 441
48 15 438
48 16 435
49 13 431
49 17 431
52 19 428
48 16 430
47 19 429
44 22 427
40 25 431
39 23 431
42 19 433
38 17 431
38 20 430
41 20 432
38 18 431
37 16 432
39 14 430
43 18 429
45 21 426
45 24 427
48 20 426
48 20 428
49 20 427
49 17 431
50 15 431
53 16 430
53 20 427
54 16 431
57 12 428
54 9 428
50 13 425
46 15 429
42 15 429
46 16 433
46 18 430
43 20 430
41 16 430
41 20 432
42 23 428
42 23 431
39 24 433
43 23 431
44 26 430
48 28 430
52 28 428
53 32 427
49 34 426
52 35 424
53 39 428
53 43 430
52 40 428
54 39 428
54 40 425
55 38 422
55 34 418
52 38 415
52 41 413
48 45 417
49 45 413
49 42 409
51 44 407
47 45 410
43 41 412
44 42 415
47 45 412
51 43 412
55 43 412
52 45 408
51 49 406
49 51 404
52 50 408
49 51 404
49 48 401
46 44 403
46 47 400
43 44 398
45 43 397
45 45 399
44 44 400
41 42 403
40 39 399
44 35 395
48 38 393
52 40 394
56 39 392
54 35 395
51 39 396
49 38 395
51 37 399
54 36 400
56 32 399
55 34 400
59 32 400
56 30 399
53 29 397
50 30 395
