45 35 44
46 37 47
50 39 43
50 39 42
46 38 46
47 39 44
45 36 45
42 40 43
44 40 45
45 44 49
43 41 53
41 45 57
45 42 58
42 38 55
41 42 54
42 41 57
41 42 57
40 39 55
42 38 54
46 42 56
44 39 60
40 41 57
40 45 54
37 43 58
36 44 55
37 42 51
34 43 52
30 45 56
28 48 52
28 50 55
25 53 57
22 50 60
22 48 64
22 44 68
24 43 72
26 43 72
29 43 72
27 39 76
26 38 76
23 38 78
25 40 77
25 44 73
24 48 74
25 44 75
26 42 79
23 39 81
19 37 84
23 40 87
21 40 83
17 43 80
15 47 78
13 44 81
10 46 85
7 45 83
11 41 82
11 45 82
15 49 79
19 46 81
18 49 82
19 48 82
22 46 85
21 47 86
17 49 83
17 46 87
16 45 84
20 41 85
24 39 82
26 40 82
23 40 85
23 41 86
24 45 90
21 42 89
23 39 88
20 37 87
21 38 89
25 39 86
28 39 82
25 35 83
26 37 80
22 38 77
26 36 75
23 39 79
26 37 83
25 35 79
23 31 76
23 27 76
26 29 79
30 25 80
32 21 83
33 23 82
29 27 83
26 24 82
24 27 79
21 25 80
17 22 77
19 18 74
18 15 71
16 15 68
14 18 68
13 21 66
14 17 62
13 14 65
13 15 67
10 11 67
9 12 70
5 8 73
3 10 71
6 13 71
7 9 68
6 5 72
8 3 73
10 2 76
6 1 77
6 4 81
8 5 77
10 1 74
9 5 72
8 5 70
8 4 73
8 2 72
12 2 74
8 2 75
6 3 76
4 2 77
7 2 81
6 4 82
5 0 78
4 0 76
5 2 77
5 5 74
1 3 73
0 5 72
1 2 71
2 2 75
1 2 75
2 2 75
2 4 76
3 4 72
7 6 70
3 10 67
0 12 66
2 12 66
2 14 70
0 10 67
0 10 68
2 13 72
2 16 71
6 14 68
3 13 66
0 13 69
0 10 68
2 14 67
0 11 65
2 8 61
5 7 59
8 8 55
10 10 59
9 9 63
8 6 65
5 8 61
7 10 59
3 10 60
5 9 61
5 11 60
4 13 60
3 13 56
5 13 56
9 17 56
7 18 55
5 14 52
9 15 51
10 12 49
11 14 45
10 12 46
12 9 47
10 12 50
14 13 50
17 11 49
20 15 46
17 11 44
16 14 41
20 11 44
24 12 40
24 8 43
26 9 47
25 8 48
22 11 49
24 13 45
22 12 41
19 10 43
21 14 39
18 17 42
19 17 44
20 17 40
17 19 42
15 19 43
11 19 42
13 15 41
17 14 43
19 14 47
21 12 50
22 12 49
21 15 49
19 11 52
15 15 55
15 18 51
15 22 49
12 19 52
13 21 53
12 24 55
13 23 58
12 19 58
16 19 59
20 17 57
24 18 53
24 14 50
25 16 51
28 16 49
26 16 48
23 15 44
24 16 42
21 20 40
19 19 40
17 21 36
16 22 34
19 20 32
20 22 36
23 24 40
26 24 44
26 23 47
30 22 49
30 20 46
30 16 50
29 19 52
27 21 53
27 20 52
30 17 51
31 14 47
28 15 44
30 15 44
33 13 44
37 13 48
37 13 50
35 15 53
31 17 50
31 15 53
33 11 56
36 13 57
33 17 61
37 17 64
35 13 66
34 15 63
36 13 66
36 14 62
35 16 62
37 14 65
38 11 62
34 14 60
30 16 59
33 14 59
36 18 60
36 15 56
34 17 56
37 21 57
38 17 60
36 17 59
32 16 55
35 20 51
34 23 48
31 20 45
29 16 49
26 14 46
28 13 50
27 12 49
27 15 51
31 16 51
30 13 47
26 9 47
30 11 44
27 9 45
30 13 49
26 13 47
25 14 47
21 15 46
25 12 44
23 9 48
24 7 45
25 5 48
26 5 50
30 3 53
29 3 52
29 2 51
28 1 50
30 5 51
32 5 47
30 7 44
26 11 40
22 9 41
20 8 37
19 8 39
23 11 36
22 15 33
24 16 33
28 20 32
28 22 29
32 19 29
29 21 30
26 18 32
23 14 35
25 17 36
26 14 40
27 10 41
31 11 40
35 12 44
37 14 40
37 13 40
35 11 41
38 8 41
36 9 38
35 13 38
36 13 38
36 13 42
39 9 46
38 12 42
36 10 40
37 13 37
34 10 40
32 12 36
32 13 35
29 9 32
32 10 31
35 7 27
38 7 28
40 3 28
38 2 29
35 0 25
32 2 22
32 0 23
31 2 21
29 2 19
30 4 16
31 7 16
33 5 12
35 1 11
31 2 15
28 3 11
28 4 15
31 0 14
31 2 14
33 2 11
34 6 10
30 7 12
28 3 12
26 6 10
29 3 7
27 2 6
30 6 9
34 10 11
38 14 7
38 15 11
39 18 11
42 14 12
44 10 15
43 6 18
47 4 18
50 5 14
53 3 11
52 1 8
51 2 11
47 5 9
49 9 10
46 10 7
42 12 9
40 10 13
44 9 13
40 12 13
42 14 9
43 14 8
47 18 7
48 19 8
44 20 6
45 24 2
42 23 1
40 19 2
36 19 2
35 15 2
39 13 3
39 11 2
40 13 2
41 10 1
44 10 4
45 10 4
43 8 3
40 7 2
43 9 3
47 12 7
46 15 5
43 12 5
47 16 2
49 13 6
47 15 4
48 11 5
47 10 5
44 6 1
44 10 0
42 11 2
44 12 2
40 16 4
38 18 7
40 21 11
37 18 11
33 22 14
30 20 11
28 24 8
31 24 7
30 24 9
27 24 5
24 27 3
20 24 6
23 20 5
19 23 8
18 26 5
19 29 3
21 27 0
25 27 4
21 30 6
23 27 9
26 27 11
23 23 10
19 24 14
19 22 13
17 19 11
21 17 12
20 19 12
21 20 11
23 16 7
20 19 7
18 15 3
21 18 6
18 14 3
18 12 1
14 10 0
14 11 4
11 11 0
12 11 2
14 9 5
18 7 9
14 7 5
16 9 3
17 10 0
20 6 2
18 7 6
18 8 7
17 8 8
18 4 11
22 6 12
19 8 11
20 5 14
16 7 12
15 7 16
18 5 12
15 3 10
16 5 10
17 4 7
15 0 5
11 1 7
11 4 8
14 2 6
15 2 5
13 4 1
10 5 2
11 3 1
15 4 5
16 5 9
16 8 9
20 5 7
22 7 3
26 4 2
26 2 2
22 1 3
19 2 5
19 3 4
16 7 1
18 5 2
18 8 0
19 4 3
19 7 6
19 11 3
17 14 6
17 11 10
16 7 8
17 7 11
20 10 9
21 11 10
17 8 6
21 8 2
20 8 4
20 8 5
22 6 2
24 8 5
25 9 1
25 7 2
25 5 6
29 7 9
28 6 12
30 7 10
31 5 7
30 3 9
32 1 7
30 3 8
32 7 8
32 6 12
31 2 16
31 1 16
34 5 19
30 8 20
27 11 18
31 13 15
35 12 11
35 11 8
33 11 6
37 8 10
37 9 12
34 7 10
35 8 6
38 5 5
39 7 6
43 11 9
44 11 12
43 10 10
45 11 10
45 12 9
42 8 7
43 12 11
46 9 9
49 9 12
47 12 12
48 15 8
44 12 5
45 16 8
45 18 5
49 18 6
47 22 7
45 24 7
47 20 6
46 21 8
48 24 11
50 22 13
48 23 9
46 20 13
50 23 17
46 27 18
42 29 21
45 26 17
41 26 16
38 24 12
40 27 11
40 24 11
41 22 9
44 19 11
40 20 8
39 22 9
35 23 11
36 22 14
34 19 18
38 21 22
39 23 22
35 25 23
31 29 22
28 31 22
28 30 24
30 34 20
26 37 23
30 37 27
30 40 23
33 41 21
34 37 18
33 38 16
36 35 12
35 32 14
31 28 18
34 32 16
37 29 12
38 29 11
34 30 13
36 27 14
37 25 13
34 25 12
33 29 12
35 29 10
34 33 10
38 35 7
34 38 7
38 42 7
34 45 9
37 42 12
34 43 14
37 44 12
37 44 14
38 47 16
37 47 19
38 48 19
39 48 20
39 50 22
42 46 24
40 48 26
44 46 23
47 50 23
49 53 20
50 56 22
47 59 24
47 61 23
50 57 23
53 57 24
54 59 22
58 59 20
62 59 16
61 59 19
63 61 17
67 64 15
63 67 19
64 71 17
66 71 21
65 74 19
62 78 23
60 76 23
59 79 25
55 82 25
52 81 24
48 83 27
46 80 23
50 78 22
47 74 26
49 70 25
52 71 29
52 70 33
55 74 36
52 70 34
50 66 33
49 65 29
49 67 30
46 64 26
47 62 27
45 61 26
43 60 26
44 56 26
45 54 27
47 58 29
46 57 28
42 55 28
40 58 31
44 59 30
45 61 34
43 64 38
41 63 42
37 60 43
39 56 41
38 58 42
41 60 42
41 56 42
43 60 46
39 64 44
36 60 45
36 63 45
39 62 41
41 62 44
38 60 41
40 60 42
39 62 46
42 60 49
41 57 49
40 54 53
37 57 51
35 57 47
36 58 49
38 59 48
35 62 49
33 66 46
33 65 42
30 63 43
32 62 46
30 64 47
31 67 45
34 66 44
31 64 43
27 65 42
28 68 42
30 69 44
30 70 45
27 71 49
24 72 52
24 71 49
23 72 49
26 70 50
29 72 51
28 68 50
29 68 53
28 70 57
29 68 61
26 67 57
26 68 57
25 64 59
29 61 57
28 59 59
25 62 60
28 63 63
31 65 67
35 64 71
31 63 74
33 63 72
32 63 72
29 62 75
27 65 74
25 66 74
29 66 73
27 63 75
29 59 75
30 56 74
28 55 75
29 55 75
33 56 75
29 53 78
27 56 76
29 55 80
26 58 77
27 61 78
24 64 78
27 60 75
29 56 77
30 55 75
27 52 72
28 53 71
30 57 69
30 53 69
32 49 65
36 50 64
39 46 63
36 47 65
32 44 69
29 48 70
33 49 69
33 48 66
31 51 67
27 52 67
24 53 69
25 55 67
26 59 68
30 60 71
28 56 71
29 56 70
28 54 68
24 58 72
28 60 73
32 58 75
34 58 74
37 54 78
40 54 77
43 54 76
45 58 76
46 59 80
44 58 77
43 56 80
39 56 83
40 57 83
40 61 86
43 60 88
43 62 89
46 60 87
43 56 85
45 55 84
41 52 88
45 50 90
44 49 86
48 52 88
47 50 86
47 48 86
44 49 85
47 49 84
51 45 84
48 45 80
47 46 84
48 46 83
45 44 79
47 48 81
43 44 84
42 42 84
41 41 85
37 42 88
35 41 86
35 38 85
32 36 89
32 39 86
36 39 82
40 39 78
41 42 76
37 44 75
41 47 72
38 43 75
36 43 73
40 43 71
41 43 71
38 42 72
40 42 72
43 45 70
40 42 66
41 44 66
44 41 63
47 43 60
51 39 58
54 42 56
58 44 52
59 43 48
55 41 52
57 37 48
59 36 50
62 34 49
66 31 52
63 27 56
61 30 54
63 30 56
66 33 53
67 29 54
67 30 52
66 30 50
65 27 54
66 31 58
66 33 55
62 31 53
59 30 53
59 31 54
57 31 56
60 33 60
56 30 56
55 33 57
59 35 61
58 35 63
58 36 59
56 37 55
57 37 55
60 39 59
61 41 56
58 43 60
59 46 61
55 44 60
53 41 58
50 45 61
46 46 65
47 42 65
49 38 64
53 40 64
49 43 64
49 47 66
45 44 70
45 47 69
42 49 67
45 52 65
45 54 66
48 55 67
45 59 68
46 63 69
47 66 65
46 64 62
43 61 65
41 60 69
43 59 66
41 60 66
37 57 70
38 54 68
39 54 64
37 54 65
36 55 67
38 52 69
40 56 69
44 52 70
41 55 67
40 56 71
44 60 70
46 57 66
44 54 63
44 52 59
42 55 57
39 52 55
43 53 56
41 56 52
38 53 52
40 56 50
40 60 48
40 59 45
40 63 45
38 65 41
41 68 37
41 72 35
44 68 36
43 70 39
47 70 40
43 74 37
42 71 39
42 71 38
38 71 36
41 67 36
44 64 40
48 61 38
47 62 42
50 65 45
53 68 43
54 71 47
56 68 47
52 64 47
53 62 44
51 60 46
51 59 48
50 60 46
53 63 48
53 65 45
53 67 42
54 65 44
52 62 47
55 61 45
51 59 49
51 61 50
52 59 48
55 61 47
51 58 50
52 60 50
54 64 46
55 60 42
59 60 38
59 64 36
55 60 37
52 58 41
51 58 39
49 62 39
47 60 39
43 61 38
43 65 35
44 67 39
42 67 39
45 68 40
41 70 38
38 71 40
37 70 39
35 68 37
35 66 37
38 69 41
41 65 45
39 63 45
38 60 49
34 56 50
30 52 53
34 52 55
31 52 54
35 52 56
31 53 60
27 57 60
24 54 58
20 57 57
24 53 61
26 53 58
29 55 56
26 58 53
23 59 49
24 55 45
20 51 43
19 48 42
15 46 39
19 43 42
18 40 39
14 39 43
11 42 44
7 43 48
7 45 48
4 42 44
3 40 46
6 39 47
9 42 47
13 45 47
10 48 50
13 45 48
16 46 51
12 42 52
11 38 48
11 38 49
15 39 45
11 43 48
7 44 47
7 42 49
11 41 46
13 40 49
15 43 50
15 42 48
13 44 44
14 47 42
17 45 45
15 49 44
14 52 41
16 52 44
14 54 40
10 52 42
7 49 40
11 51 39
9 54 39
7 51 40
8 47 37
4 50 41
1 49 44
0 53 46
1 57 50
2 61 54
6 59 51
6 56 55
6 52 57
7 48 56
9 45 59
6 49 59
7 48 55
9 46 52
6 48 48
5 50 48
4 50 44
4 51 45
5 55 48
1 56 48
0 57 47
4 53 44
6 54 40
6 52 42
5 54 40
4 51 36
2 51 33
6 48 37
4 50 40
3 50 41
7 53 38
10 57 36
7 60 37
6 56 37
6 53 39
7 52 38
4 48 36
0 47 35
3 46 39
0 50 36
2 46 33
3 47 32
3 46 36
4 44 39
5 43 37
6 47 38
6 44 42
9 41 39
13 39 41
16 40 41
16 39 44
18 38 41
19 34 41
23 38 40
24 42 41
28 45 38
28 45 39
26 42 38
28 44 41
31 47 37
30 45 38
31 43 40
27 44 41
27 45 43
27 47 42
24 51 46
24 54 46
21 50 47
19 48 45
16 45 42
12 48 45
16 47 46
17 48 43
16 52 39
16 51 43
20 53 46
16 56 50
18 56 54
20 56 53
18 59 49
16 57 52
13 61 50
9 65 46
11 68 44
9 70 44
11 69 47
15 67 45
16 63 49
12 64 47
11 62 44
15 58 41
15 62 41
12 63 45
11 60 45
12 59 42
9 59 43
10 58 43
12 55 46
15 57 49
14 56 51
16 59 51
17 55 49
13 54 51
14 52 47
11 49 49
12 47 48
15 43 49
19 40 47
17 44 51
20 41 54
17 40 57
17 39 55
16 35 58
14 37 55
15 36 51
17 32 52
18 30 48
21 34 47
24 36 45
28 36 47
25 35 46
28 35 48
25 32 52
28 33 52
26 30 49
23 33 49
22 31 48
25 32 48
22 31 45
23 27 48
21 27 44
23 23 43
26 27 44
24 23 42
25 26 46
26 25 49
27 22 52
29 26 52
32 22 54
32 19 53
36 19 53
39 22 50
43 24 47
40 25 45
40 23 41
36 19 40
35 20 36
34 16 37
33 12 33
36 14 34
38 17 38
42 20 39
43 20 41
46 22 44
50 20 42
51 17 38
52 19 34
48 17 30
49 17 30
50 13 28
52 10 26
53 9 22
57 10 18
56 9 19
54 13 17
50 17 20
47 14 21
51 15 17
53 17 20
55 15 20
56 19 16
60 18 17
63 19 13
61 19 13
60 22 11
61 21 8
64 17 5
66 14 4
66 11 8
68 7 8
71 7 11
75 5 15
77 3 14
78 0 13
80 2 15
82 2 17
78 5 20
74 1 22
72 0 24
71 2 22
68 2 25
67 2 23
64 5 25
64 4 25
67 8 21
68 7 22
65 3 21
62 4 18
60 1 15
60 4 12
59 3 16
59 5 16
55 5 19
57 9 19
58 7 17
56 5 15
60 9 16
56 5 13
60 2 13
56 4 14
55 0 17
59 2 20
62 6 24
60 8 22
64 12 21
66 15 19
66 16 15
70 20 18
71 24 22
69 20 21
69 16 22
73 15 19
72 17 19
73 14 22
77 14 18
76 18 19
76 16 20
80 14 19
76 15 16
76 13 17
79 14 13
81 17 13
85 16 17
87 18 20
90 16 20
86 18 16
89 14 18
92 11 22
88 11 22
92 14 23
88 10 22
89 12 25
93 13 27
96 16 29
92 17 28
92 18 24
91 20 21
87 20 23
87 20 26
89 18 24
89 16 20
87 12 20
87 16 18
91 13 21
95 14 19
94 16 19
94 20 16
91 21 13
87 21 11
88 21 12
85 18 13
85 20 11
85 21 13
89 22 15
86 22 11
85 21 10
86 18 6
86 20 6
87 22 8
84 19 12
83 21 11
85 22 9
82 24 6
80 26 10
80 23 6
83 21 6
82 25 8
85 25 7
85 22 4
84 18 0
80 22 2
78 18 2
77 16 5
81 16 9
81 18 6
83 18 9
85 21 7
83 17 10
84 16 14
80 15 12
78 15 9
80 17 9
81 18 7
83 14 3
85 18 6
89 19 3
88 15 7
86 18 6
84 22 6
81 24 9
85 20 9
84 19 13
84 16 11
87 12 7
89 14 10
86 16 7
89 20 9
89 16 8
87 19 6
86 22 10
85 21 8
81 22 5
79 22 1
76 25 2
72 28 3
75 28 1
77 24 2
79 25 4
80 23 4
77 26 4
73 23 3
71 27 4
74 27 5
72 29 7
73 29 11
75 27 14
71 24 16
70 23 20
73 26 24
76 23 23
79 27 22
82 25 26
85 21 26
85 20 24
83 22 27
80 19 24
83 15 25
86 14 23
85 16 27
83 14 31
82 11 27
81 7 28
81 7 27
78 11 23
81 7 24
80 9 27
82 8 26
81 6 25
79 5 29
78 9 27
79 8 27
83 7 28
84 7 31
88 8 33
91 5 33
93 5 29
97 9 31
101 13 30
105 17 30
101 19 34
101 23 36
102 19 39
102 23 40
105 23 41
101 27 45
100 29 47
102 32 49
99 33 53
100 30 53
96 30 51
99 34 54
103 32 57
107 29 58
110 30 60
109 28 62
111 28 66
113 25 66
115 23 67
118 23 63
115 20 59
118 19 60
114 16 61
114 17 62
112 16 63
111 18 64
115 16 68
114 15 72
115 19 73
119 22 77
120 25 80
122 24 81
125 26 79
129 22 80
131 23 80
131 20 77
134 23 81
134 26 81
131 22 82
133 18 85
130 22 82
134 25 84
134 22 81
135 23 77
138 22 76
136 23 78
132 19 74
131 16 77
127 17 73
127 19 73
127 22 74
126 20 75
127 22 79
125 20 79
121 17 76
121 20 79
118 17 82
121 14 78
121 17 77
118 13 77
121 11 73
119 8 72
119 8 73
121 10 76
125 9 74
122 12 74
122 8 72
120 5 68
116 1 65
115 0 67
117 2 70
121 2 67
122 2 71
124 0 73
122 2 69
122 2 70
122 2 74
126 1 74
126 2 74
124 2 73
124 4 73
127 8 75
126 11 73
127 8 74
126 4 75
124 6 79
123 4 83
126 4 83
130 5 79
134 9 80
132 8 79
133 12 76
131 10 80
135 14 84
131 18 88
133 14 90
137 14 91
133 15 89
129 18 85
126 19 84
130 20 86
126 18 82
125 20 86
126 24 87
124 24 83
125 22 84
126 20 82
123 20 86
125 17 90
125 14 94
122 15 90
122 16 86
123 14 90
121 16 88
122 18 84
126 20 82
128 17 81
128 21 77
131 21 79
129 20 82
132 24 82
130 27 82
126 30 82
126 29 86
123 32 89
120 35 86
121 35 89
122 33 91
121 32 89
117 30 87
115 27 91
117 23 89
117 24 85
120 26 88
118 24 91
120 26 87
121 29 91
122 33 93
123 29 95
126 30 93
128 27 94
129 26 95
125 24 96
128 22 93
126 21 97
125 21 99
123 23 103
119 27 101
121 27 103
120 30 105
121 26 109
124 30 112
121 32 111
121 34 114
123 33 116
119 30 117
117 34 117
119 30 119
116 28 121
118 26 123
120 22 119
123 24 116
122 26 120
125 28 118
123 26 116
122 24 118
120 21 121
120 20 124
118 19 122
117 22 122
120 23 122
116 23 123
114 24 120
117 28 117
118 31 116
117 32 112
113 36 111
112 34 114
109 33 112
107 36 109
111 37 105
110 36 101
108 34 101
104 30 103
101 29 105
99 30 107
100 27 108
104 23 107
107 23 104
108 26 104
105 26 105
106 29 105
108 27 106
107 29 108
108 31 109
104 27 111
104 29 114
105 28 118
107 24 117
111 25 118
108 21 119
104 17 116
108 21 115
111 19 111
114 15 113
110 11 110
111 7 110
114 11 113
116 7 115
113 4 117
115 6 115
114 6 115
114 7 116
116 5 117
118 8 120
118 11 117
118 15 119
118 11 119
120 14 115
119 14 117
123 12 121
122 10 120
123 13 121
119 10 118
115 6 116
115 5 116
117 2 114
119 2 111
123 0 110
123 2 107
120 2 106
124 3 109
120 2 106
124 0 102
126 2 99
130 3 99
130 4 103
132 6 103
135 4 104
136 1 108
136 2 110
132 1 108
132 2 110
133 4 111
134 5 111
133 3 112
129 2 110
129 4 112
130 2 109
133 2 113
135 2 114
133 1 118
132 3 118
134 3 122
131 4 124
129 8 124
128 11 123
126 9 120
122 8 122
126 9 119
130 9 120
130 12 119
128 12 121
132 12 122
135 11 120
138 8 122
141 6 124
144 8 122
144 10 122
140 8 118
141 5 122
144 6 122
148 2 118
147 1 120
150 4 121
150 6 120
154 8 123
158 8 120
156 8 117
156 12 116
160 14 118
160 11 121
163 7 119
159 11 121
157 9 118
161 7 116
157 6 115
161 4 116
164 6 112
165 2 109
163 4 111
162 7 110
161 7 111
157 11 111
157 13 108
160 10 110
156 10 108
154 9 108
150 10 105
154 13 106
156 12 108
157 14 111
160 12 110
158 14 112
157 11 109
155 7 111
156 7 114
156 11 113
153 9 113
154 9 110
153 7 113
155 9 109
157 10 110
153 8 110
155 4 110
151 7 113
147 9 117
143 5 119
145 1 121
143 1 117
146 3 113
142 3 109
140 0 112
138 1 113
136 2 116
133 2 116
135 1 112
132 4 109
131 2 105
127 6 104
123 7 104
124 7 102
124 6 106
120 9 103
118 5 106
115 3 106
118 3 103
117 6 107
115 9 110
112 11 111
109 13 111
111 10 111
107 9 107
104 6 104
105 2 103
102 2 103
104 2 99
106 2 98
102 2 102
105 1 101
104 5 97
108 6 96
107 9 100
105 11 99
104 7 97
105 11 101
109 12 102
107 10 106
105 7 108
101 3 107
101 5 108
101 2 104
97 5 105
96 6 103
100 9 99
100 12 103
96 8 104
94 5 108
96 4 107
96 7 111
97 5 111
95 7 113
91 4 113
92 7 113
91 7 115
91 10 118
93 9 118
91 6 119
93 8 117
89 7 117
86 4 119
83 8 115
84 8 114
82 8 112
85 10 108
89 13 105
88 12 105
92 16 102
93 15 101
96 14 104
97 15 107
97 16 110
94 13 111
90 10 109
88 11 111
86 12 108
82 14 110
84 16 113
88 19 111
84 19 110
82 19 110
86 20 109
82 20 113
85 18 116
86 14 114
84 18 117
82 17 116
83 18 119
81 18 115
82 21 117
85 19 115
89 21 116
86 21 116
88 23 116
84 20 116
86 23 115
89 25 111
91 26 111
87 27 113
90 23 111
91 19 111
89 21 111
85 20 107
84 22 111
87 19 111
86 23 113
90 25 113
88 23 114
88 19 111
92 23 110
95 23 108
99 24 109
97 21 106
94 18 108
92 17 110
96 17 112
98 21 114
102 20 114
99 19 117
102 18 114
105 14 112
103 12 114
100 9 110
103 13 112
99 12 112
96 10 115
94 12 113
94 14 113
96 17 110
98 16 106
95 12 103
92 9 99
90 9 103
90 5 100
87 9 96
87 5 95
88 7 97
87 11 98
84 9 100
80 6 99
78 8 95
81 11 91
81 8 95
81 10 98
80 8 94
79 11 98
76 15 94
75 13 91
77 15 92
74 18 94
78 19 96
79 20 100
78 18 101
77 19 100
76 22 98
74 19 101
74 23 101
76 20 100
80 17 103
83 17 105
80 15 108
76 13 105
78 10 107
75 7 105
76 3 102
75 0 100
77 2 100
74 4 98
73 3 95
75 1 98
74 5 99
76 8 95
80 12 96
81 13 94
85 16 95
84 14 98
87 12 100
91 13 97
94 16 96
96 13 99
96 15 103
93 14 101
93 14 101
90 17 97
86 18 93
90 17 96
90 19 94
94 17 97
92 15 94
94 18 90
90 19 89
87 20 92
84 24 89
80 26 90
81 25 86
83 21 83
87 19 81
83 16 84
83 17 86
82 16 85
82 19 86
82 20 83
78 20 86
74 16 82
73 17 80
76 13 79
73 14 75
74 12 75
75 16 74
73 12 73
75 14 76
75 12 72
72 9 74
73 7 78
77 11 80
81 8 80
85 5 76
87 3 76
89 6 80
87 5 82
86 4 79
88 5 79
85 6 80
86 4 80
87 2 76
90 1 77
92 0 77
93 2 80
95 2 78
99 1 74
96 2 71
100 4 72
102 4 70
103 0 71
103 2 67
100 3 68
102 0 65
104 2 65
107 2 67
103 2 64
101 1 63
105 4 62
109 6 66
110 10 66
113 9 70
114 9 74
114 11 76
118 11 80
117 14 82
118 18 80
118 14 76
121 10 78
117 7 77
120 5 80
118 4 76
117 4 73
120 0 74
116 2 72
115 4 72
119 2 75
116 0 76
115 2 73
117 4 73
118 2 75
118 0 78
118 4 78
118 1 80
116 2 82
112 1 80
114 0 80
112 2 84
114 3 81
118 2 84
118 0 84
122 0 84
121 3 87
119 7 83
115 4 81
118 7 85
114 3 85
118 5 89
122 4 93
122 4 94
118 4 98
120 5 102
123 7 102
123 11 102
120 14 98
119 11 96
120 12 98
123 16 95
119 16 96
116 20 96
116 19 93
113 19 89
115 17 92
118 13 92
120 9 91
119 8 87
115 12 88
115 15 87
116 12 89
114 14 91
117 18 92
120 19 94
117 20 97
120 21 97
123 25 96
122 27 92
124 28 92
122 24 91
120 26 91
118 23 87
116 27 87
112 24 90
116 27 88
113 30 87
114 30 86
114 34 89
110 30 86
107 33 89
103 34 91
101 37 91
99 40 88
102 40 85
100 39 84
98 41 80
94 41 79
96 37 77
97 37 81
99 35 83
103 38 82
99 34 86
95 35 83
91 32 80
93 28 81
91 25 82
88 25 82
84 28 80
80 27 84
77 29 82
73 27 84
72 31 85
74 33 81
73 32 85
73 30 87
75 28 86
75 28 87
72 30 83
73 30 84
71 28 85
69 31 85
73 34 84
75 36 88
78 39 85
74 43 87
76 47 87
79 46 84
79 45 82
79 49 84
79 49 83
81 46 87
80 43 89
81 40 87
79 36 86
81 33 90
82 35 88
79 36 86
82 37 84
80 35 82
79 34 82
76 33 82
77 30 80
80 29 77
84 27 77
83 23 73
79 21 74
83 25 72
79 21 75
75 21 71
75 24 72
74 28 75
75 30 72
72 30 75
74 30 71
75 33 69
76 33 71
78 34 71
80 30 69
76 29 72
75 30 69
72 30 70
74 26 73
70 29 77
69 32 74
70 32 78
66 35 78
64 39 75
65 37 72
65 38 72
61 37 71
60 33 69
58 31 69
55 35 68
53 35 72
55 35 76
55 38 74
55 35 77
51 36 79
48 34 76
47 37 72
44 35 70
48 33 66
49 35 63
51 35 59
48 32 61
50 33 64
52 30 65
56 33 69
53 29 73
53 29 73
56 28 72
53 30 70
53 27 71
57 26 73
61 25 75
64 24 78
67 27 77
65 26 80
68 29 84
69 31 85
69 35 89
66 36 91
68 32 93
68 36 96
67 38 98
66 37 94
62 36 98
64 34 94
64 35 96
63 37 99
61 34 97
63 36 98
60 38 101
59 41 100
59 43 98
56 43 97
59 46 94
61 47 93
60 46 93
56 50 96
59 54 92
57 56 89
54 54 86
50 54 82
50 51 80
48 48 78
46 48 74
49 47 71
45 51 69
48 55 72
51 56 71
47 58 67
49 58 68
46 58 70
46 54 71
50 55 74
53 56 74
50 60 78
53 64 78
57 64 77
60 64 80
60 65 76
59 65 74
58 63 75
57 66 74
61 67 72
57 70 68
54 72 68
53 76 65
56 79 66
58 76 69
55 73 73
51 70 69
49 72 68
51 70 70
49 69 67
46 73 67
43 75 71
45 76 67
49 73 70
53 73 66
50 73 66
49 77 70
46 81 66
43 83 63
46 85 65
49 81 64
45 80 66
45 83 63
48 86 67
51 87 70
52 87 68
53 89 64
49 86 60
51 85 60
55 85 57
53 86 53
50 83 57
51 80 53
54 77 57
58 74 59
58 74 60
55 77 64
57 81 60
61 82 56
65 83 54
68 83 53
72 85 57
70 81 61
69 85 65
65 82 68
64 78 71
61 82 70
61 86 73
61 83 74
62 81 73
66 78 71
67 76 74
66 75 72
66 71 74
69 69 76
66 65 74
67 64 72
69 61 75
69 62 73
72 58 76
68 54 72
72 51 71
75 48 74
71 51 77
71 49 76
72 52 79
75 55 82
76 54 81
79 51 79
82 53 78
82 53 79
81 52 77
85 52 79
87 51 83
85 51 84
83 48 84
84 49 81
82 49 84
78 47 82
76 49 83
74 47 84
72 49 84
69 47 85
70 43 83
69 39 85
66 43 82
66 44 78
68 40 76
68 44 80
67 46 77
68 48 78
65 45 80
62 48 78
65 48 82
68 48 82
67 46 80
68 49 76
70 53 78
68 49 82
66 47 83
62 43 81
60 47 78
57 51 80
53 49 81
51 50 77
51 50 79
50 50 76
47 46 73
50 45 76
54 44 77
54 41 73
50 41 72
54 41 70
56 41 73
53 42 76
56 43 75
56 44 76
56 46 72
57 44 74
59 43 76
55 42 79
51 38 77
53 41 77
54 43 73
58 40 75
56 44 73
56 47 70
57 50 66
56 47 66
53 51 64
57 51 68
59 50 68
56 51 66
59 49 70
59 46 68
61 47 66
65 46 70
66 47 74
63 50 78
59 46 82
56 44 83
55 48 82
56 47 82
60 43 78
59 43 79
61 40 82
59 38 78
56 38 80
53 35 81
56 34 85
58 32 83
61 32 86
62 35 84
64 31 84
60 32 82
56 28 83
58 24 83
55 27 86
53 28 89
52 25 90
50 24 86
47 24 87
47 21 84
48 20 80
47 18 79
47 15 83
51 15 82
49 17 84
48 21 88
47 22 85
51 26 87
47 25 84
46 26 81
46 22 85
47 24 85
46 20 89
47 18 89
49 17 88
51 17 87
50 17 86
53 15 86
53 15 82
53 19 86
50 21 88
52 20 85
52 16 89
56 19 89
59 16 86
62 18 88
60 22 87
61 24 89
59 25 92
61 22 96
60 22 94
60 21 91
58 21 94
57 19 98
55 18 98
56 17 101
59 15 101
59 12 97
62 10 96
61 7 98
60 8 100
56 7 104
52 4 105
56 8 105
57 4 104
53 8 103
57 11 107
60 15 104
62 15 100
60 12 103
56 10 105
52 12 108
55 13 106
56 16 104
59 13 101
57 10 101
60 12 98
59 11 95
55 11 93
53 14 90
53 10 93
49 6 92
52 4 91
55 2 90
52 0 89
53 2 89
56 5 91
57 2 93
59 3 94
60 7 94
59 5 94
60 6 94
56 2 91
60 3 93
62 3 93
65 7 91
63 7 90
62 11 93
66 8 97
66 7 94
62 5 94
60 2 92
61 2 90
57 5 88
60 3 89
57 4 89
60 2 87
62 6 90
58 4 89
58 3 88
59 7 87
59 6 87
58 2 89
54 2 88
53 1 85
50 3 87
50 7 86
47 8 87
43 5 89
42 8 90
39 12 87
43 11 86
45 14 84
49 18 85
53 21 84
57 22 85
59 24 87
62 25 84
66 27 88
68 26 84
65 23 83
63 25 86
62 28 90
66 26 88
66 30 89
70 33 91
73 35 87
76 33 86
73 30 84
69 32 84
69 32 83
71 35 87
75 36 83
72 37 80
76 41 79
76 43 77
74 43 78
74 40 78
70 42 81
67 42 79
65 40 81
63 42 80
59 44 84
60 40 84
61 41 84
65 45 82
63 42 86
64 39 84
67 36 85
66 39 86
65 35 83
67 34 79
70 36 80
73 37 82
74 40 78
72 41 82
75 44 78
78 41 79
74 41 83
73 42 81
74 43 83
75 46 81
72 47 83
76 51 80
76 47 83
73 45 86
71 47 82
73 47 82
76 50 85
73 50 85
73 46 83
69 43 85
72 42 83
71 39 85
71 41 89
71 40 85
72 36 85
74 40 83
77 37 80
76 39 80
74 39 84
72 38 83
69 39 82
67 38 80
68 39 84
64 43 80
60 40 77
59 38 77
56 35 79
54 38 79
51 34 83
54 35 86
58 33 89
62 29 91
59 32 90
57 35 86
53 34 82
54 33 80
53 30 81
53 33 82
52 31 82
56 29 81
55 26 81
55 24 78
59 25 75
60 22 73
61 26 69
59 30 73
62 33 70
58 37 66
60 37 64
59 41 66
58 40 62
58 39 64
57 40 65
57 41 64
59 41 66
61 45 63
64 42 63
68 46 59
65 48 56
67 45 57
67 46 56
68 42 54
69 40 57
65 41 61
63 42 64
67 46 68
68 49 68
71 53 70
74 57 71
72 58 73
72 60 75
74 63 74
76 67 71
79 70 68
83 74 68
83 75 71
84 74 73
87 70 72
85 70 71
85 68 75
85 64 76
82 67 78
81 64 81
78 61 82
81 59 82
85 62 79
83 61 77
81 58 75
79 56 71
77 53 68
77 49 68
80 51 67
76 47 66
77 43 64
77 42 67
79 42 69
81 43 73
80 43 73
82 45 72
80 42 70
82 40 69
85 42 70
83 46 74
80 48 70
84 45 67
86 46 66
84 48 69
83 51 73
84 55 71
86 56 68
90 60 64
88 58 63
84 59 60
83 63 64
86 60 65
85 59 64
85 55 63
88 55 61
88 55 63
87 53 61
91 52 57
89 53 61
92 55 60
91 55 60
94 55 63
91 57 67
95 59 66
94 60 67
90 62 67
86 60 68
87 57 71
86 59 73
87 59 75
84 57 75
85 59 77
83 63 77
85 64 78
82 67 81
80 66 81
78 67 85
82 71 84
82 71 86
85 70 89
89 69 88
85 73 91
81 71 88
80 73 91
78 74 92
79 75 89
76 77 87
72 77 85
75 75 82
77 73 79
78 72 76
76 71 79
78 70 83
77 73 87
76 69 85
79 66 81
75 68 83
77 64 87
74 61 86
77 61 83
79 61 87
76 60 86
80 63 88
76 61 86
72 57 90
73 56 87
71 53 89
75 55 93
77 59 90
81 63 86
82 67 87
83 71 90
84 75 93
88 78 92
85 82 93
84 79 90
84 81 89
80 83 92
84 84 95
84 80 93
84 77 89
88 79 88
90 80 86
91 81 90
89 79 92
86 77 92
82 76 96
80 72 94
79 68 97
81 71 99
80 75 102
77 72 104
75 69 107
71 71 105
71 69 104
72 69 102
74 72 99
70 72 98
71 68 95
73 68 93
75 65 94
78 64 95
81 65 96
78 66 93
78 62 91
79 64 92
75 68 93
76 71 95
74 69 93
76 65 96
75 66 95
72 68 98
75 64 95
76 64 96
76 65 99
72 69 95
75 68 95
77 69 92
77 73 94
74 70 98
76 69 94
77 65 92
75 69 95
71 73 96
75 70 97
73 71 95
76 70 92
76 66 91
75 69 89
77 65 90
73 67 89
76 70 90
77 72 88
80 74 85
83 73 84
86 73 84
87 77 82
88 80 86
87 80 83
86 83 87
82 80 84
86 82 80
83 83 78
81 87 79
81 84 75
78 82 71
81 84 69
82 85 70
81 84 70
85 85 68
83 81 65
86 83 62
89 86 60
93 90 57
93 87 59
95 91 58
99 92 61
102 90 58
106 90 55
104 86 56
107 84 54
105 86 51
108 82 55
111 84 54
107 83 56
107 83 56
108 85 56
112 83 54
110 84 58
113 88 56
109 85 52
110 85 55
106 88 56
105 88 54
107 85 54
107 87 55
103 84 54
104 80 52
102 76 51
103 75 50
99 77 50
100 77 52
98 74 50
98 73 47
94 71 43
90 74 40
88 77 41
84 77 37
85 75 41
88 72 45
90 73 43
88 75 46
88 73 43
89 69 39
90 70 39
89 71 36
89 69 40
85 71 40
88 75 42
87 76 46
88 80 49
84 84 45
81 88 45
78 89 41
74 87 41
76 86 42
79 86 41
78 83 43
76 87 44
76 86 44
74 89 43
74 89 40
71 88 44
73 87 43
70 90 41
67 93 43
67 95 42
64 93 38
63 91 39
66 92 41
66 90 38
68 92 34
68 96 30
71 94 33
72 98 36
70 94 33
71 97 30
74 93 34
72 89 33
68 87 30
65 91 34
63 95 31
60 92 31
62 96 35
66 93 36
64 91 36
66 87 34
69 88 36
69 87 35
71 89 39
74 88 39
71 86 38
70 87 41
74 83 38
74 83 41
72 80 44
73 80 44
74 81 44
76 78 48
77 74 47
81 76 51
79 76 51
80 80 53
81 78 50
78 82 53
79 78 57
75 79 54
75 79 56
76 77 57
74 77 55
73 73 53
70 73 52
70 75 54
70 76 57
72 76 55
71 75 59
70 75 58
69 78 60
69 80 56
71 79 54
69 76 57
70 79 58
67 81 56
65 85 59
61 81 55
58 77 56
58 78 53
55 79 51
55 81 53
55 80 55
53 78 55
57 76 56
58 80 56
60 83 57
59 81 57
62 81 55
63 80 59
62 78 59
62 74 63
61 75 59
58 73 56
58 70 60
55 74 64
54 73 68
53 77 69
53 81 72
56 79 74
52 80 71
52 83 75
56 79 72
55 79 71
57 81 68
55 85 72
55 88 73
55 90 72
53 92 69
57 94 72
61 92 75
61 89 71
58 91 69
59 94 65
56 96 65
52 96 64
53 97 65
54 98 69
54 98 67
57 97 70
53 95 71
54 95 67
51 96 69
52 95 71
53 95 70
54 98 72
55 94 71
51 91 69
53 95 65
54 97 67
54 96 64
58 96 60
58 96 61
60 92 64
61 95 68
57 93 72
58 96 72
56 98 71
52 94 75
56 98 73
58 99 70
58 103 69
55 99 68
55 98 65
59 101 69
58 102 71
56 105 75
60 109 76
56 108 73
54 105 70
50 107 69
46 109 69
47 108 69
43 108 72
42 110 75
44 107 79
44 109 76
40 107 75
41 108 71
40 105 68
42 109 64
38 105 66
39 109 63
38 111 62
42 110 63
46 113 60
48 114 58
51 115 58
49 115 54
46 118 56
50 117 54
52 119 53
53 121 54
49 119 54
45 116 53
43 113 49
43 112 45
47 114 44
50 111 47
48 114 51
48 110 52
51 113 52
55 114 50
58 115 54
58 111 58
54 110 54
50 108 56
54 109 58
57 106 61
58 110 64
60 112 63
61 115 66
59 112 62
59 110 61
59 109 64
56 105 63
52 102 59
50 106 61
50 108 64
52 105 65
51 102 64
48 103 66
47 104 64
47 105 62
47 105 66
44 108 64
40 111 61
44 108 59
43 110 57
45 112 53
46 110 51
45 112 54
43 115 51
46 112 49
50 109 46
48 111 46
52 108 42
51 105 41
52 108 38
51 110 37
51 109 33
52 106 35
54 107 36
51 104 35
54 105 39
56 104 41
55 108 43
59 109 43
58 112 40
62 114 42
64 115 42
67 111 44
67 115 43
70 112 45
67 111 42
64 111 43
65 115 47
68 116 49
70 117 51
71 116 51
68 120 52
67 116 49
71 115 50
72 111 51
69 113 51
68 114 55
71 110 52
73 109 50
70 108 48
68 110 49
72 108 50
74 110 48
77 114 52
80 111 51
79 114 47
77 117 47
81 113 43
78 112 47
76 111 50
78 110 54
79 107 54
83 106 57
82 102 61
84 104 58
87 104 60
84 102 60
80 103 60
79 99 56
79 103 55
77 106 52
77 110 52
80 106 52
81 103 50
79 106 48
77 106 50
81 110 48
79 110 48
83 106 44
86 102 48
82 102 47
85 103 46
83 99 45
82 96 44
86 92 48
86 90 48
87 94 45
91 96 41
88 92 42
92 91 42
90 94 41
89 95 41
85 92 43
87 90 40
89 89 43
89 85 46
92 87 50
88 91 51
85 89 48
86 87 44
85 85 48
85 87 50
89 84 50
85 82 54
88 82 58
90 83 56
93 86 58
90 85 56
92 81 58
92 84 62
94 83 64
96 82 62
95 78 61
98 76 57
96 76 53
93 76 55
93 75 59
96 73 61
92 73 60
95 69 57
95 73 54
96 69 53
100 72 52
97 75 48
101 71 51
97 69 49
94 66 45
96 64 44
100 65 41
97 67 45
94 64 49
94 66 49
90 66 50
86 68 47
83 68 50
80 69 47
77 73 43
81 69 39
80 65 39
81 66 41
82 64 42
86 62 44
84 66 44
83 68 46
82 64 48
80 68 44
83 72 48
87 73 46
85 71 50
81 68 52
78 64 48
74 65 46
73 68 46
75 65 44
71 64 43
73 63 47
77 65 45
75 63 48
76 67 45
76 66 46
73 64 42
72 68 44
69 68 42
72 67 43
69 64 45
71 62 45
75 64 42
73 66 43
69 63 40
65 61 39
66 63 36
63 66 40
66 67 40
69 69 37
72 73 36
72 75 39
74 71 37
70 71 33
67 68 34
66 65 33
68 67 36
64 65 32
67 64 30
71 63 33
75 65 33
75 62 35
71 63 36
67 59 32
67 63 29
68 59 29
67 59 28
71 55 27
71 53 28
74 53 32
76 50 33
74 54 33
70 57 37
70 60 41
73 64 39
71 67 35
73 70 36
74 68 33
78 69 36
82 70 35
83 73 33
79 73 31
78 72 29
78 76 25
79 72 27
79 68 29
77 72 25
73 72 23
76 70 24
72 67 28
73 65 32
70 61 28
70 59 26
68 60 25
72 56 24
74 60 22
78 64 19
80 65 19
76 66 17
75 62 19
76 59 23
73 62 22
75 58 26
78 59 23
75 55 22
76 56 19
79 59 23
82 57 22
82 60 22
85 61 25
84 59 27
85 57 26
83 58 27
85 55 27
88 59 28
90 58 28
88 60 26
90 62 26
88 61 28
89 59 32
89 60 28
92 59 32
91 63 34
90 67 31
93 70 31
92 67 34
94 67 35
97 71 36
93 67 40
97 64 42
99 66 40
95 67 42
96 65 45
93 65 47
93 69 47
95 72 50
96 76 49
100 72 45
101 70 42
105 73 43
106 70 42
107 73 45
106 69 49
102 71 48
104 75 48
101 73 49
100 77 48
104 76 44
103 76 40
105 80 43
109 80 41
112 77 43
115 80 39
117 82 41
113 86 42
116 83 43
113 80 42
114 77 41
115 76 42
111 73 45
111 74 44
114 70 44
117 71 43
114 72 41
116 76 43
112 72 45
114 70 46
112 73 44
108 74 44
104 77 41
108 78 41
105 80 37
101 77 38
100 80 39
102 79 36
106 75 39
106 74 39
107 78 40
111 74 41
108 77 37
111 79 40
114 80 41
117 80 38
117 83 34
120 79 37
123 76 35
122 72 38
125 76 41
126 73 38
128 73 40
132 73 43
134 74 40
132 77 39
136 81 36
140 83 35
143 84 32
143 84 35
141 84 34
142 87 36
142 90 38
141 89 40
142 92 38
143 96 41
139 96 38
139 100 42
143 100 41
141 100 38
137 101 36
138 105 37
137 105 38
134 101 36
137 100 34
137 96 37
138 95 34
142 95 34
141 99 36
145 100 36
145 104 35
148 101 36
151 98 36
154 99 33
156 98 32
154 102 34
151 106 33
148 103 31
151 104 30
151 105 31
151 108 35
149 108 36
146 104 40
146 104 37
147 103 35
145 104 31
141 103 30
137 104 31
133 103 28
136 102 31
138 99 32
136 103 34
135 107 38
135 105 41
131 106 43
133 108 45
135 108 43
131 109 39
130 108 37
130 110 34
127 108 30
128 106 29
131 105 30
132 105 26
132 105 25
136 106 22
138 106 24
138 108 23
134 106 23
137 104 27
140 108 27
144 106 27
140 108 28
140 111 29
136 113 29
137 115 31
140 111 29
141 109 32
144 106 31
147 110 35
150 113 32
149 111 36
146 115 33
145 119 31
141 116 31
143 115 28
147 112 24
148 109 28
145 111 28
149 109 30
149 106 31
145 104 31
143 100 31
145 103 34
149 100 37
146 103 39
149 99 41
148 97 38
149 99 36
149 103 34
152 99 31
153 98 34
156 99 31
154 99 28
155 97 27
153 96 31
153 93 27
151 90 23
153 91 24
155 90 26
152 93 25
149 92 21
149 91 17
146 91 19
143 92 21
142 91 20
140 90 16
138 93 20
139 93 24
141 95 22
143 94 19
146 95 19
148 91 19
146 93 23
147 95 26
144 98 25
145 101 24
149 104 21
150 108 23
152 107 23
148 109 25
148 106 29
146 102 29
142 102 32
145 102 30
144 104 31
145 106 35
147 103 39
151 101 40
153 102 39
152 102 41
155 103 40
158 102 41
161 104 39
163 102 39
163 99 37
167 99 41
164 100 37
167 102 35
169 103 38
173 104 41
171 101 38
169 101 42
171 101 43
168 104 44
167 100 42
164 103 46
167 100 50
166 100 46
170 96 44
170 98 41
167 98 39
168 94 42
171 96 41
170 95 42
168 96 38
167 94 36
171 98 35
169 99 32
166 96 29
163 94 29
160 98 31
159 94 35
160 91 31
159 87 30
158 88 34
162 90 30
163 86 29
161 90 25
160 90 29
156 90 26
159 90 25
162 90 24
162 91 28
160 93 32
160 96 28
162 100 28
160 96 25
160 94 21
164 95 24
161 97 21
158 100 23
156 100 25
154 99 29
156 97 25
156 101 28
155 101 24
157 103 25
161 101 27
162 103 29
166 105 32
168 107 30
169 108 27
171 106 26
168 110 22
168 108 25
171 108 28
173 109 24
177 113 27
178 113 28
181 113 25
180 111 24
182 109 24
185 112 21
182 110 25
178 113 27
174 116 29
177 113 29
178 114 29
176 112 26
180 112 23
179 113 26
175 115 22
172 115 23
168 114 25
167 112 25
171 113 27
167 113 26
169 117 28
169 116 30
171 119 26
168 117 30
169 120 29
166 122 26
168 125 24
169 128 21
172 126 22
172 123 24
176 127 25
173 128 27
171 124 31
171 120 28
171 123 26
171 125 23
175 126 26
175 126 27
178 129 27
180 131 27
176 131 25
173 128 22
177 129 22
177 128 20
174 129 22
171 126 22
168 129 22
166 131 19
168 129 18
165 127 19
161 126 19
159 123 16
159 119 18
156 115 22
159 116 21
161 114 22
160 115 24
160 119 21
162 120 19
163 120 20
159 118 21
157 119 25
161 116 28
164 112 28
162 116 28
164 119 32
160 122 34
158 123 31
159 122 27
160 119 26
163 121 24
164 125 24
165 121 26
164 124 22
160 123 23
159 125 19
160 122 16
158 125 15
158 127 14
162 125 11
166 124 13
169 120 12
171 124 15
168 126 13
165 130 11
169 134 10
166 134 7
165 132 11
163 131 7
165 134 9
162 138 13
159 142 17
155 142 21
155 141 21
156 140 21
160 138 19
159 138 15
158 139 15
155 136 11
155 132 12
154 134 8
151 130 4
154 133 4
158 136 3
158 134 7
159 135 8
163 134 10
160 130 12
159 133 10
