41 31 33
44 35 34
44 33 33
48 37 35
46 38 36
44 35 36
47 34 38
46 35 36
47 35 33
43 36 29
43 37 27
47 33 31
43 33 33
41 35 33
37 33 29
40 34 27
42 33 31
41 36 33
37 33 32
39 30 30
38 27 34
34 23 36
30 25 40
27 26 37
27 29 36
25 27 39
28 28 43
31 32 47
27 29 49
25 33 51
29 36 48
33 32 52
36 30 54
36 33 52
39 30 50
38 27 48
36 24 52
34 21 48
38 22 46
35 25 43
32 27 43
29 23 43
26 20 40
30 18 43
33 16 47
35 14 46
39 10 50
37 12 52
34 10 49
35 9 52
38 5 56
41 6 52
39 9 49
43 8 46
46 7 49
49 7 45
51 6 47
47 7 48
49 4 45
50 6 48
48 6 52
47 4 55
45 5 52
42 2 50
40 2 49
39 2 52
36 3 49
39 1 47
40 2 51
44 0 51
44 2 55
43 1 58
46 5 59
47 7 58
44 4 61
43 1 61
41 2 61
43 0 59
45 2 58
45 2 54
45 1 57
46 4 60
44 0 60
48 4 61
50 6 58
54 10 56
54 9 53
50 12 55
47 10 55
51 10 53
53 7 57
51 5 59
55 1 60
52 0 56
54 0 58
58 2 60
57 4 57
58 3 53
62 3 50
61 7 50
59 3 46
55 6 43
54 7 41
54 3 40
58 1 43
55 0 39
58 2 36
57 3 35
56 0 38
57 4 39
60 5 40
62 5 40
65 6 41
69 2 42
73 2 38
71 6 36
69 6 35
68 3 33
71 4 31
72 3 30
73 1 34
71 5 30
74 1 29
78 2 30
81 0 26
84 2 27
82 1 24
84 2 28
82 6 26
85 7 27
84 9 24
84 9 28
83 8 29
82 11 28
81 15 26
83 11 27
84 12 30
88 10 28
85 13 24
82 14 25
81 17 27
83 19 31
87 18 28
88 14 28
85 17 27
83 18 30
79 20 30
80 20 27
82 20 24
78 21 25
80 20 21
83 23 21
84 20 20
86 18 19
90 22 16
93 22 16
95 22 15
93 21 11
97 22 14
97 23 10
96 20 12
96 24 11
94 26 12
95 28 11
98 24 15
95 27 18
91 23 18
88 27 19
91 25 17
91 22 17
92 24 15
89 26 12
89 22 14
93 19 12
96 15 14
97 18 14
94 16 10
98 20 7
99 18 4
97 15 1
96 18 2
95 19 2
93 23 1
94 20 2
94 22 0
94 22 3
95 24 4
91 21 2
90 25 2
88 28 0
89 29 2
85 30 0
82 26 3
84 28 2
84 28 2
80 24 3
82 21 7
85 19 8
87 15 11
91 15 14
95 11 18
96 9 20
97 5 24
94 6 24
94 3 23
90 7 19
94 4 19
97 5 19
98 9 17
96 13 16
98 15 15
95 15 11
98 14 9
94 12 13
92 11 11
88 15 14
86 16 15
82 19 16
79 22 17
83 25 18
84 28 15
85 27 15
88 25 13
88 29 13
92 33 11
88 34 14
86 30 13
87 34 9
91 31 12
87 33 15
90 33 11
88 33 8
87 35 6
84 35 8
82 36 4
84 36 0
83 39 3
85 36 2
82 38 0
85 41 1
87 41 2
83 39 5
87 39 7
88 39 9
84 41 7
85 39 11
82 43 15
82 47 16
85 50 16
86 49 16
88 51 19
86 55 21
84 54 18
88 57 19
85 55 20
83 57 20
86 53 17
90 50 19
90 50 15
88 46 16
91 47 16
87 51 13
90 48 15
87 51 16
86 48 13
89 47 16
86 45 18
88 48 21
90 52 17
91 48 21
87 47 25
83 46 25
81 50 29
85 52 31
81 52 30
82 48 26
79 47 26
78 44 30
76 45 27
72 42 30
73 38 32
70 37 34
73 40 34
73 42 34
77 46 36
80 47 32
80 47 31
79 46 30
78 44 34
80 40 32
76 37 34
77 33 37
73 37 39
73 37 43
72 36 44
70 38 48
69 36 49
72 33 46
72 29 48
75 27 51
72 27 54
69 30 52
69 30 50
71 33 46
74 37 42
74 40 46
73 36 49
75 34 48
75 33 45
79 32 42
79 30 40
78 29 43
79 26 47
78 23 51
78 24 51
75 20 51
78 23 52
77 23 56
74 19 53
78 22 55
78 21 58
79 23 61
79 21 57
80 25 53
80 27 57
79 27 59
77 30 61
73 28 58
69 24 60
69 20 61
67 19 62
69 16 64
66 15 65
69 15 68
65 15 65
62 12 65
60 14 63
64 11 61
60 7 59
58 4 61
55 2 65
59 5 65
55 1 62
55 1 58
55 1 54
57 2 50
58 5 54
62 6 54
61 10 53
63 13 51
65 9 52
67 11 49
64 8 51
68 5 50
72 2 53
75 3 54
76 0 55
77 2 55
79 2 59
80 2 56
80 3 56
84 7 52
81 7 51
83 10 47
82 11 43
80 12 47
84 8 44
84 12 42
82 11 38
86 11 40
83 15 43
79 16 43
80 13 46
76 13 50
80 15 52
83 19 50
82 19 46
80 21 49
79 19 45
79 23 49
77 25 52
75 29 54
75 27 51
73 26 53
69 22 50
65 20 50
67 16 49
68 14 51
66 16 55
69 15 55
73 14 56
74 18 54
75 15 52
72 16 53
68 13 56
66 10 52
69 6 53
72 3 56
75 7 53
78 8 52
81 9 53
82 9 51
81 6 52
79 6 54
77 2 58
77 2 55
80 2 56
76 2 52
73 2 56
69 4 54
69 7 57
66 6 53
67 4 54
64 0 50
68 2 50
72 2 49
76 2 50
80 0 54
79 3 53
77 3 54
75 2 56
71 4 60
75 2 60
72 6 59
73 7 58
76 3 59
76 2 63
77 5 65
74 9 69
71 8 70
74 9 73
72 12 77
69 13 81
70 15 78
67 19 82
65 17 83
61 19 84
61 19 81
58 21 80
60 24 77
59 24 74
59 28 78
59 31 82
60 27 82
60 25 82
60 29 85
63 29 88
63 33 88
62 29 85
60 25 85
61 28 83
58 25 84
54 28 82
55 30 82
55 30 86
55 27 84
56 23 80
53 27 77
52 26 76
48 29 74
51 31 75
49 33 75
45 34 76
43 32 77
40 29 77
40 25 81
41 28 80
45 28 83
47 29 79
48 33 82
49 35 81
52 34 82
53 38 78
49 35 75
53 35 75
52 35 75
48 39 75
49 35 77
50 32 74
46 33 70
50 34 74
46 31 73
45 34 72
44 36 75
40 34 79
41 33 82
45 30 84
48 26 87
49 26 90
49 29 87
49 31 89
52 34 93
56 36 95
55 35 96
57 39 97
60 42 97
63 40 96
65 38 97
69 42 98
70 41 97
73 45 98
77 44 94
75 44 97
75 42 100
76 45 99
80 43 101
79 40 101
76 44 103
73 43 105
75 39 104
79 41 101
76 45 100
80 43 104
80 40 107
80 37 103
76 36 99
80 40 96
80 42 94
84 42 96
86 41 96
89 38 93
86 37 96
84 38 93
81 40 91
82 41 94
81 44 91
81 42 94
81 46 98
78 47 100
82 48 104
83 52 100
87 51 103
87 52 101
87 56 102
89 57 105
92 59 101
96 63 102
98 65 100
102 69 103
100 70 102
97 68 100
96 64 101
100 65 102
100 64 104
99 66 107
100 65 107
104 68 104
102 65 101
98 63 98
100 63 101
101 61 99
101 62 102
103 66 104
104 63 103
104 63 100
105 61 100
109 63 101
109 59 103
111 62 101
114 65 102
118 69 99
119 67 97
119 66 95
116 65 98
112 63 98
109 60 98
111 60 99
113 59 96
114 61 92
110 58 95
111 55 92
111 59 90
108 62 92
107 58 88
111 62 88
108 61 87
110 63 85
106 63 88
102 67 89
100 67 86
100 67 82
97 63 78
97 64 78
100 60 75
103 62 74
103 61 77
103 58 75
106 57 79
107 56 82
107 54 83
108 55 86
110 56 82
113 58 86
110 55 90
106 54 94
103 54 91
99 54 87
96 57 85
93 57 81
91 55 81
88 59 84
89 55 83
88 52 86
87 53 84
88 49 81
85 51 85
84 52 84
85 50 88
89 54 88
90 58 89
90 55 86
88 51 85
85 52 89
81 54 89
77 56 88
79 53 92
75 50 92
78 52 88
81 56 89
82 58 89
86 56 88
86 58 88
86 56 87
86 57 87
88 61 87
92 61 86
92 58 82
88 55 86
92 54 84
93 52 87
91 54 90
93 57 90
94 55 86
96 58 88
95 55 84
96 56 80
93 52 81
90 48 77
86 46 80
89 47 78
85 46 76
83 50 72
82 53 75
80 53 76
80 56 72
83 53 72
84 55 73
85 54 77
88 56 81
87 54 80
87 58 83
91 56 83
89 56 86
93 58 83
91 57 81
95 54 78
94 54 80
96 58 78
93 54 79
92 56 78
96 56 78
97 55 76
98 59 75
95 61 72
99 60 75
100 63 76
97 64 73
95 60 70
98 62 67
99 58 69
95 61 73
99 58 69
96 62 73
99 64 74
101 62 78
98 62 80
102 60 78
98 61 81
96 62 81
98 60 84
99 60 88
102 60 87
98 61 85
95 64 85
95 63 83
92 67 82
95 69 82
99 68 81
100 67 79
99 65 79
101 69 76
98 65 80
102 67 77
99 68 75
99 70 76
95 73 74
91 72 73
93 70 77
90 68 80
92 71 83
94 71 79
96 68 79
93 65 83
93 69 87
93 72 86
94 74 85
92 78 84
92 78 86
92 76 86
92 75 88
89 71 90
92 74 88
94 77 86
98 80 88
94 81 85
93 85 82
91 84 84
93 82 87
97 83 91
100 84 88
98 81 85
99 83 83
100 81 80
103 85 76
105 82 72
104 86 71
104 84 69
104 83 73
104 87 77
102 83 78
106 84 76
104 81 77
100 84 75
97 80 76
100 76 72
98 77 72
96 78 75
92 74 74
90 76 75
92 74 72
89 71 71
90 71 69
89 67 72
88 68 76
85 65 72
88 69 70
90 68 68
89 67 71
90 63 74
94 59 73
97 60 71
97 59 75
100 59 73
104 55 74
107 58 76
104 57 74
106 60 77
104 62 78
101 63 79
104 60 78
104 58 80
106 59 77
106 56 74
102 53 76
99 53 80
98 55 79
94 51 82
91 51 79
87 52 78
88 50 80
86 51 81
87 52 78
90 52 74
92 48 73
88 45 73
90 47 69
94 43 67
91 40 63
87 41 62
91 44 63
95 47 63
99 51 64
102 51 61
101 47 65
105 44 65
102 44 64
102 46 65
104 44 63
100 41 60
104 43 61
102 44 57
102 47 60
102 45 56
106 45 57
108 43 56
112 39 54
114 40 50
117 36 48
114 33 48
110 31 46
107 32 47
107 36 43
103 38 40
105 35 40
106 32 38
103 33 36
101 29 38
101 30 36
100 34 39
104 31 38
102 35 34
106 38 38
110 42 34
114 43 33
110 41 30
111 43 26
112 44 22
110 48 22
109 44 26
111 41 27
108 41 30
111 39 31
109 41 30
107 42 27
103 39 24
100 37 22
96 40 26
97 39 27
93 43 26
92 42 29
93 40 30
92 44 33
94 48 30
92 52 30
92 51 26
94 51 23
90 53 23
87 52 25
91 56 25
88 53 21
86 57 20
82 58 24
85 61 23
87 63 26
89 66 29
89 70 32
92 68 33
94 64 29
90 66 30
92 68 31
94 70 28
95 72 31
98 76 28
101 75 27
99 74 24
98 70 27
97 71 30
100 70 33
102 71 35
105 69 39
101 65 42
98 63 45
97 60 45
93 60 48
97 63 50
96 67 54
94 67 55
92 67 51
94 65 53
97 66 54
96 69 54
97 68 57
95 71 60
94 75 62
92 76 64
95 80 66
91 79 70
91 80 66
92 82 65
91 78 64
92 79 66
92 77 65
95 78 67
96 79 65
94 75 61
92 71 65
95 73 66
96 74 67
96 74 67
93 76 64
94 77 63
90 81 63
94 83 67
97 85 70
99 88 70
98 88 66
99 88 64
102 90 65
98 92 69
101 92 72
103 93 69
102 94 73
106 96 76
104 92 76
102 92 72
98 93 68
99 97 65
102 96 68
105 100 72
107 100 72
107 100 69
106 98 73
109 100 76
105 102 73
104 98 73
102 98 74
106 102 77
102 104 80
105 101 76
103 103 76
106 103 72
108 102 74
108 100 70
111 103 66
115 106 63
113 103 60
114 106 61
113 105 57
113 107 53
112 111 53
114 109 50
111 112 53
110 108 51
109 110 49
108 109 47
108 108 47
109 111 45
113 111 46
117 110 46
113 106 48
110 102 47
113 105 51
113 102 47
110 104 48
113 106 50
117 103 49
114 105 52
113 101 56
114 97 59
110 97 55
108 99 52
107 96 48
107 92 46
106 96 46
108 92 49
112 96 48
111 96 46
107 98 50
108 99 53
109 98 50
113 96 54
112 93 53
108 92 50
109 92 46
105 88 46
101 87 44
104 87 47
102 83 51
105 80 54
103 77 55
104 80 56
100 77 56
101 77 59
99 79 63
102 79 66
106 80 69
109 78 67
106 82 70
109 84 68
110 82 64
108 79 65
109 76 69
107 78 73
103 80 75
106 77 75
102 73 72
106 76 71
110 80 71
112 81 68
116 78 70
114 74 69
115 78 73
116 81 70
114 85 71
118 83 71
114 83 68
115 84 72
114 81 76
111 77 75
115 76 73
116 73 74
113 70 76
117 69 72
113 66 72
110 69 76
109 66 80
112 69 80
110 66 77
108 65 81
111 61 85
112 63 89
116 59 92
117 62 92
113 66 95
112 65 94
110 63 92
107 64 95
110 62 95
108 66 95
104 65 97
103 66 97
104 66 97
107 63 99
109 64 101
106 68 105
108 70 103
109 67 103
113 63 105
117 59 104
118 56 101
118 58 97
122 55 96
124 51 100
126 52 97
128 51 97
125 47 97
127 47 99
126 43 102
126 42 99
130 41 102
134 42 106
132 40 106
133 37 102
133 39 98
130 40 95
129 43 96
130 46 99
131 47 98
133 47 96
132 48 94
134 47 94
132 44 92
136 40 91
132 41 95
136 41 92
135 45 93
132 49 95
135 51 93
133 48 94
137 45 95
141 49 91
142 53 88
146 54 89
142 52 90
138 56 89
137 58 88
133 55 85
130 53 82
132 57 79
132 60 82
131 56 85
132 53 84
131 54 82
133 55 83
133 55 83
131 52 80
127 51 84
127 51 82
129 51 82
127 48 86
131 50 90
128 47 86
130 47 85
130 49 82
132 45 79
136 46 78
134 45 82
136 46 86
134 48 84
131 49 87
128 51 85
126 48 85
129 50 87
132 46 86
131 47 88
130 50 85
130 48 85
134 50 86
132 52 85
134 52 86
131 53 82
134 53 86
133 56 85
130 52 86
129 54 84
132 55 85
131 53 87
127 52 91
124 53 91
122 51 92
120 53 94
120 52 90
116 49 86
119 51 84
119 54 81
121 58 78
120 61 80
124 57 76
125 58 73
128 55 77
129 56 73
126 57 70
122 53 74
121 49 70
123 46 74
119 47 76
123 50 72
124 47 76
128 45 73
130 46 71
130 46 69
127 48 71
125 47 75
125 49 77
123 45 80
124 42 83
122 40 84
125 37 80
122 35 78
122 35 82
122 38 83
126 35 83
129 33 83
131 35 81
131 36 85
127 39 88
127 37 90
126 38 94
127 35 92
131 33 92
127 29 89
130 33 91
132 29 88
132 29 87
131 32 87
131 28 88
129 28 86
127 27 85
126 28 82
126 28 80
130 26 80
133 24 79
137 28 81
138 28 79
138 25 81
142 28 79
146 29 80
147 25 77
144 28 74
141 27 78
138 30 78
136 27 76
135 29 72
134 32 74
138 35 70
138 31 69
137 33 72
133 33 75
135 31 71
135 29 73
138 25 69
139 25 68
137 26 65
134 30 68
135 30 68
139 27 71
142 23 72
145 25 72
146 29 76
142 29 80
142 26 84
143 24 86
139 27 88
143 28 88
143 25 88
147 23 87
146 26 84
145 25 80
143 24 79
144 23 76
145 20 73
148 21 72
148 24 68
151 27 71
151 28 71
150 25 72
147 29 71
151 29 71
155 26 68
155 25 72
159 23 71
159 22 68
163 24 70
167 26 70
168 27 70
170 25 66
167 28 65
164 32 63
166 28 64
163 29 65
165 28 66
169 32 64
170 34 65
174 37 61
175 38 57
171 41 59
168 39 58
170 42 59
174 42 60
177 41 63
175 44 60
173 44 62
177 41 59
181 39 57
181 43 54
178 45 56
175 49 59
176 45 60
179 41 60
178 40 63
180 38 59
177 39 56
173 40 52
176 36 52
172 33 53
173 37 51
174 37 52
173 34 53
175 30 55
179 34 52
183 30 55
186 30 55
184 27 59
184 27 63
183 23 66
185 26 66
182 24 70
178 23 73
181 19 70
177 18 67
173 18 70
169 22 69
172 26 70
168 25 72
164 22 74
167 22 71
163 23 68
163 27 67
164 27 69
168 31 71
171 32 67
167 28 63
171 28 66
170 28 63
166 30 63
166 32 59
170 36 63
168 37 59
169 40 60
172 39 59
176 37 62
172 41 63
176 39 65
173 39 61
173 39 59
172 40 62
171 44 62
173 48 60
170 47 61
168 50 60
164 49 59
168 50 59
167 50 63
167 47 61
170 51 59
168 47 61
167 47 62
165 43 64
168 44 63
168 47 60
172 48 58
173 46 59
174 47 60
172 43 63
170 47 60
168 47 62
166 45 62
162 48 66
166 48 65
167 47 65
168 46 62
166 48 61
164 51 58
163 48 57
166 49 54
164 45 53
160 45 50
160 43 51
160 46 53
158 48 49
155 50 47
155 47 49
155 44 46
156 41 48
157 37 45
159 39 49
158 41 47
155 37 43
151 34 40
155 35 40
155 38 43
153 36 39
151 38 42
147 38 40
147 42 39
144 44 36
145 44 39
141 48 41
141 45 43
142 45 39
142 46 39
141 47 36
144 45 37
147 42 35
146 40 32
150 36 31
150 39 31
151 38 27
151 41 23
148 37 23
149 35 22
148 34 20
147 32 23
145 32 26
143 36 22
141 39 21
141 38 25
137 40 24
135 42 20
137 46 23
135 47 19
135 43 20
132 40 19
134 44 19
131 41 22
133 42 26
135 46 30
136 46 32
138 49 31
137 52 34
138 49 31
139 52 34
140 53 30
136 56 27
132 54 25
134 51 27
130 52 26
127 56 29
125 54 27
122 51 31
122 51 34
125 49 37
123 47 35
122 44 38
123 43 38
124 45 42
125 42 46
128 41 49
131 44 52
133 46 50
132 49 49
129 53 48
128 57 45
132 59 42
129 58 38
128 62 37
127 61 33
127 58 37
130 57 41
130 61 43
134 63 41
135 59 44
138 61 44
137 65 40
141 68 42
139 72 43
138 73 42
141 69 40
139 65 44
137 67 45
136 68 45
136 66 49
134 63 53
133 67 54
131 69 53
135 65 49
131 61 49
128 62 51
131 65 50
128 63 50
132 66 54
128 68 58
129 65 58
132 68 60
131 72 59
127 71 60
123 68 59
125 72 55
127 76 56
129 78 52
132 78 51
133 82 55
130 85 56
133 82 53
129 80 56
131 83 59
131 87 56
135 83 57
131 81 54
131 77 56
127 77 58
131 80 60
127 78 58
128 74 61
130 78 59
133 74 61
129 76 58
130 78 59
132 74 58
136 76 62
134 74 66
138 75 64
137 79 61
141 83 65
137 83 63
139 80 63
143 77 64
145 76 68
148 78 64
148 78 68
151 80 72
152 78 69
148 76 73
146 75 72
146 77 75
143 74 79
143 78 77
146 76 79
143 76 77
145 78 81
147 78 82
143 78 83
144 78 86
146 75 85
143 74 87
142 73 87
145 69 83
148 73 79
147 72 81
145 71 82
146 73 86
146 69 88
147 72 90
147 70 92
144 74 89
145 72 85
149 70 85
153 74 84
153 77 83
154 80 81
152 77 85
156 74 85
153 73 81
152 75 82
150 74 81
151 76 84
153 77 84
153 75 80
153 79 82
149 83 83
148 82 87
145 86 90
142 89 90
139 85 92
143 83 95
146 84 98
145 83 99
146 82 100
146 79 99
150 76 96
151 76 96
149 73 93
150 77 89
149 78 88
148 79 89
149 81 90
146 84 87
149 80 87
149 81 91
147 83 90
149 83 91
149 79 87
153 76 85
152 76 88
149 75 88
152 76 92
150 72 89
153 70 85
151 69 84
155 69 83
156 72 81
159 70 82
155 74 81
154 77 78
154 75 78
156 76 80
158 78 84
158 78 87
160 82 91
164 86 89
165 89 85
169 87 88
169 83 92
165 86 88
164 86 87
162 89 85
158 88 84
155 88 84
153 92 83
154 95 85
153 94 82
155 93 80
158 95 79
160 93 83
157 97 83
153 98 84
155 95 81
153 98 80
151 94 76
149 97 74
145 96 75
146 99 71
143 102 75
147 99 78
148 100 76
152 99 73
151 98 73
150 94 76
149 96 80
149 95 81
148 97 80
150 95 82
151 97 83
155 98 87
158 99 83
160 99 81
160 100 77
156 101 78
158 98 79
159 95 81
162 99 77
160 97 78
164 101 79
163 98 81
164 97 78
165 95 74
163 97 78
163 101 80
160 97 77
160 96 79
163 96 82
159 98 78
161 98 75
163 102 77
160 99 75
158 103 78
154 102 82
154 102 79
152 101 78
149 105 81
146 108 77
142 104 76
142 103 78
138 99 82
141 101 86
143 100 86
147 102 84
150 106 88
154 104 87
154 100 90
150 98 93
148 97 90
147 97 92
148 94 94
151 94 98
153 98 99
154 101 100
150 105 101
150 107 103
147 110 105
143 109 102
141 106 101
139 105 102
140 101 100
140 102 98
140 104 100
139 107 96
142 105 99
138 101 100
138 103 101
140 105 105
139 103 107
138 102 108
136 98 109
132 97 108
136 99 112
137 97 112
138 95 115
136 92 115
139 90 115
137 94 111
137 91 114
141 93 115
137 89 117
136 86 114
135 90 111
131 91 113
131 89 110
127 92 114
127 88 111
127 86 107
126 82 105
122 86 107
122 84 107
123 87 110
119 84 107
123 82 110
121 86 111
123 89 114
121 92 118
125 92 122
123 93 118
125 91 119
123 89 118
120 92 120
117 92 124
118 88 124
120 87 121
120 88 118
123 87 119
127 87 116
129 87 120
128 85 118
132 83 117
132 79 120
128 82 121
132 82 118
136 83 120
133 81 121
129 81 125
126 81 123
122 79 120
120 76 122
116 79 120
119 75 117
117 74 118
116 77 114
115 77 112
111 80 110
108 78 114
110 82 112
113 80 116
114 78 116
112 75 116
109 73 115
111 73 112
108 71 111
105 68 107
106 71 110
107 71 109
107 74 105
108 70 101
110 74 98
108 78 97
107 80 97
108 77 99
105 74 102
109 72 98
110 74 100
114 71 104
113 71 100
111 73 97
109 74 96
105 78 96
102 79 100
102 78 100
103 76 97
100 74 96
102 76 98
98 72 98
100 74 95
104 72 93
103 75 91
99 79 89
95 75 88
96 76 90
99 73 94
97 75 97
101 77 93
104 80 97
104 77 101
103 80 103
103 83 105
105 80 104
104 77 101
104 80 101
106 79 100
105 76 96
105 72 99
105 71 96
104 71 98
107 72 97
111 72 99
112 68 97
111 65 93
110 61 96
106 62 98
110 63 102
111 61 101
114 61 105
111 60 102
110 63 99
114 65 95
110 63 96
113 62 92
115 59 91
113 61 92
115 57 89
115 53 88
111 50 88
111 50 87
110 54 91
106 58 95
103 56 91
104 54 89
104 54 90
107 54 89
105 55 85
105 58 85
108 57 86
108 57 85
106 56 87
103 60 83
101 56 83
100 54 79
103 51 75
103 51 72
99 55 71
95 59 70
92 55 74
90 55 75
88 52 75
91 50 75
89 49 72
93 50 73
89 48 69
89 48 68
93 45 64
97 45 60
95 49 60
92 52 57
93 50 59
89 54 59
88 57 60
87 57 62
90 59 59
90 63 58
94 63 60
94 67 63
95 71 67
92 67 67
89 68 71
90 66 74
89 68 72
88 69 76
88 72 78
85 72 76
88 68 74
86 66 71
86 69 69
82 66 68
78 70 64
77 72 63
77 68 66
77 70 66
81 69 65
79 66 68
75 68 67
76 65 71
77 67 75
78 69 72
79 67 71
79 64 70
75 63 73
71 64 70
73 65 73
77 64 71
74 66 72
72 68 75
71 65 75
73 67 72
75 70 72
79 70 73
81 71 77
85 74 77
85 71 75
87 71 74
85 74 73
89 74 71
86 72 75
84 71 75
87 70 72
88 73 69
88 75 67
90 73 67
90 69 64
88 66 60
91 63 60
89 65 56
85 68 53
84 70 49
88 67 50
92 69 48
91 72 45
94 70 47
90 74 48
87 73 47
91 69 51
94 69 55
95 66 52
93 67 48
96 65 49
99 63 53
98 64 56
101 63 56
104 59 54
104 59 50
102 56 47
100 58 46
96 58 48
97 58 44
93 57 43
94 61 43
95 59 40
91 61 37
88 61 37
88 64 39
84 60 37
83 61 38
83 62 40
86 59 36
82 59 37
83 56 41
86 53 37
89 52 33
86 52 37
82 49 34
78 52 37
76 52 41
72 50 40
73 49 41
74 49 44
77 47 42
80 51 39
84 55 41
80 53 45
83 49 46
79 47 44
82 50 46
81 49 45
82 51 42
84 52 44
84 55 40
86 55 39
83 56 36
79 59 40
79 62 44
75 60 48
71 59 44
74 60 48
72 63 45
75 59 49
78 63 47
79 65 43
80 61 41
79 59 39
82 57 35
83 53 32
85 49 34
86 50 34
87 50 38
85 46 35
81 49 36
82 46 35
78 44 33
80 42 37
80 42 38
84 42 38
82 45 35
81 42 38
81 46 37
83 48 41
84 49 37
81 49 38
78 47 35
76 49 34
74 49 37
72 47 40
74 48 40
75 45 37
75 49 34
72 52 35
76 48 36
80 51 32
81 52 32
84 55 34
88 58 35
88 57 34
86 57 35
86 56 32
89 57 31
88 58 35
85 58 39
89 61 36
85 58 38
86 57 41
86 58 45
84 58 49
86 56 49
85 55 48
85 59 44
86 55 42
83 53 40
82 49 37
79 50 40
79 52 36
76 51 37
79 54 41
82 50 41
78 49 41
74 47 40
77 51 38
74 50 37
70 46 38
67 42 40
63 40 44
67 39 41
69 43 37
70 47 41
70 48 43
71 47 46
75 43 42
73 41 41
77 45 43
74 42 45
75 41 45
75 40 45
75 40 41
79 36 41
80 36 45
84 39 46
84 41 45
83 42 43
86 42 43
83 42 46
81 40 46
81 41 47
80 40 50
81 41 53
78 42 52
82 40 49
80 42 45
78 46 45
78 46 46
77 49 43
79 46 46
76 47 43
76 51 41
77 49 42
80 52 42
79 52 44
82 52 46
83 48 48
85 47 44
81 51 48
78 55 46
77 53 43
80 55 43
77 59 46
75 63 43
77 61 45
74 57 46
70 53 49
70 52 51
69 53 49
67 57 52
70 61 54
68 61 50
65 65 52
63 65 51
59 67 49
59 68 45
61 69 46
57 67 50
61 71 46
58 67 44
55 71 42
55 75 43
52 73 39
48 70 35
48 71 36
46 67 32
42 67 34
45 68 34
48 72 31
47 69 31
49 66 27
51 70 28
52 68 30
56 72 32
58 72 33
60 74 35
58 74 38
54 72 41
55 74 43
52 75 44
56 78 43
58 80 40
54 83 39
57 81 40
57 82 43
59 79 47
55 79 49
57 80 45
57 84 46
55 84 44
55 83 46
56 85 44
53 81 43
51 77 42
52 76 44
50 76 48
53 77 50
52 80 54
49 82 58
46 81 59
44 78 60
46 78 58
45 81 55
42 83 51
46 82 49
48 79 50
46 79 54
48 81 56
51 77 57
49 73 57
46 76 55
46 77 55
48 73 56
46 76 53
46 79 53
47 80 57
44 76 53
47 75 57
45 72 54
44 76 54
42 74 58
40 75 60
36 79 58
36 79 60
36 80 57
33 84 58
36 83 55
33 83 58
31 85 57
29 87 53
28 85 54
32 85 54
32 86 56
32 85 56
29 86 58
33 87 61
37 86 57
38 83 58
35 83 54
32 79 56
32 77 60
35 74 59
36 71 55
36 70 58
32 67 56
35 64 58
35 60 60
34 58 63
37 62 60
34 61 58
33 62 56
31 63 60
27 62 56
25 66 55
28 62 54
30 62 54
27 61 58
27 62 57
30 58 59
33 58 58
36 55 58
34 59 55
37 57 57
36 61 58
34 60 56
38 59 53
40 63 54
39 66 50
42 70 46
46 74 46
42 75 45
43 71 49
45 74 47
44 73 44
45 75 48
46 77 44
45 74 45
45 78 42
47 79 43
48 80 41
48 80 41
49 81 37
50 80 36
49 82 39
46 86 43
49 84 43
49 85 40
53 89 40
52 89 38
48 87 42
50 91 45
52 93 42
56 95 38
58 94 40
59 91 39
60 92 41
59 88 44
55 90 40
54 90 42
55 89 41
54 89 41
53 93 43
49 94 46
47 96 47
43 100 46
44 98 48
42 95 51
43 98 49
44 94 46
40 93 46
36 89 47
37 89 43
40 90 44
37 86 48
40 88 47
36 84 43
39 87 44
38 83 41
42 84 40
45 84 41
48 80 42
52 84 39
50 87 35
47 86 36
46 82 38
44 86 35
46 86 34
48 82 36
49 86 38
50 85 39
47 84 35
49 80 36
51 82 32
53 85 36
52 82 35
51 80 31
48 80 29
46 82 32
44 82 36
45 85 38
43 88 38
39 91 39
39 90 38
41 87 36
45 83 33
48 84 31
44 80 29
47 77 33
49 79 31
48 81 34
51 78 36
47 74 37
46 78 36
47 81 32
48 77 34
50 74 32
52 74 32
56 72 33
55 72 31
53 76 31
50 72 30
54 70 33
58 69 33
61 65 29
57 68 31
58 70 34
61 70 38
60 73 41
64 71 38
60 71 37
60 72 39
59 73 39
55 74 40
57 70 40
59 66 36
57 62 35
58 64 38
58 64 40
56 60 40
60 62 38
62 58 42
64 61 44
62 64 45
64 68 41
63 66 40
63 68 36
63 72 37
63 75 39
61 79 40
59 81 44
58 78 45
55 76 46
55 78 44
59 80 41
58 76 37
62 78 37
63 80 38
62 79 39
63 82 40
62 83 40
61 85 41
58 84 44
54 88 46
54 88 47
56 87 44
60 89 42
59 90 45
63 92 43
64 89 41
66 93 38
64 95 40
60 95 43
56 97 44
60 97 48
63 95 52
62 94 54
59 92 54
59 90 51
62 87 48
58 83 49
59 84 52
56 88 49
52 86 53
55 85 55
59 88 57
55 90 57
56 86 57
52 90 55
49 89 59
53 87 57
52 85 57
53 85 54
51 85 55
47 84 59
43 84 62
47 88 66
50 92 66
51 88 66
50 87 65
53 90 61
53 89 59
55 93 63
52 92 67
49 90 71
48 92 67
51 91 69
48 92 70
51 90 73
47 89 75
46 93 73
42 91 69
38 90 68
40 87 68
40 87 71
42 88 69
39 90 71
41 87 71
42 89 71
44 91 74
40 87 74
44 85 77
48 83 75
47 82 79
48 83 76
52 79 75
48 80 74
48 82 74
50 81 77
54 78 74
50 80 75
49 82 73
45 78 76
41 75 79
39 79 82
37 75 83
36 78 84
34 74 87
31 70 84
31 71 82
34 67 81
32 66 85
35 64 88
36 68 92
33 70 94
30 73 95
28 70 92
24 70 88
22 73 90
21 70 86
19 70 84
20 70 80
22 68 76
19 64 74
21 62 74
17 62 76
16 63 75
16 59 79
12 55 81
14 55 79
13 57 81
9 56 83
6 56 84
2 59 85
2 55 81
5 59 77
7 62 73
3 58 77
7 55 80
8 53 79
7 56 76
10 54 74
6 51 73
2 50 75
2 47 74
1 50 73
2 49 71
0 53 71
4 54 69
1 56 70
5 55 72
7 55 74
8 58 76
5 61 72
7 63 72
8 66 73
10 67 72
6 70 68
3 71 65
3 69 61
3 71 57
0 71 60
1 68 57
1 68 60
1 70 59
4 67 57
5 68 58
3 67 58
4 71 58
7 74 60
4 77 64
7 81 60
10 80 61
14 81 61
10 77 63
6 80 63
7 78 60
11 76 62
10 72 62
6 68 61
5 71 59
1 73 62
5 71 64
2 75 67
0 78 68
2 74 65
3 75 69
2 76 69
0 73 68
1 69 64
1 72 61
2 70 61
1 71 58
2 69 55
2 71 51
3 73 55
7 76 54
8 73 51
6 74 53
4 71 57
8 67 55
9 63 52
11 62 51
8 63 51
11 66 52
11 64 48
7 68 50
9 69 48
11 67 44
12 70 47
15 71 46
18 67 46
14 70 48
10 66 52
7 67 54
9 69 53
5 67 49
1 64 45
1 65 46
3 65 47
2 63 51
2 63 51
5 61 52
9 64 56
10 60 60
7 58 58
11 54 58
14 56 55
16 58 55
14 56 58
15 58 54
13 62 57
11 60 59
10 62 57
13 65 59
14 63 60
12 66 63
11 69 64
13 69 61
16 66 61
19 65 58
16 67 62
15 68 62
11 67 62
14 70 58
17 67 57
13 69 56
10 68 58
9 70 62
12 70 61
12 71 58
12 75 54
8 76 50
6 79 48
7 76 51
3 79 50
4 76 49
7 75 52
3 75 53
5 79 56
9 76 59
10 75 61
8 75 59
8 77 57
10 79 59
6 83 62
9 83 59
8 84 61
8 86 59
5 88 55
7 88 53
5 91 49
7 90 45
10 89 41
13 86 37
16 83 39
20 83 38
20 87 38
17 87 42
14 86 38
11 82 40
9 81 40
11 79 38
14 82 37
10 80 36
12 84 38
10 88 39
10 92 35
13 88 33
15 91 31
16 92 32
12 88 29
9 86 31
12 88 34
14 88 33
14 91 36
11 93 35
15 97 37
19 100 40
19 100 41
21 101 39
20 100 40
23 100 39
21 102 38
21 105 41
24 102 38
22 101 35
18 101 33
21 100 36
18 102 38
16 102 35
18 100 33
14 104 29
10 108 30
9 109 28
9 113 24
12 109 21
15 106 24
18 102 22
20 102 24
21 105 21
18 103 25
21 100 21
24 103 23
25 106 27
23 109 28
20 107 30
22 106 31
24 102 34
20 100 32
16 104 35
18 101 38
19 100 42
22 99 39
20 100 36
24 98 33
24 101 36
23 105 32
23 108 31
21 104 27
21 101 25
17 105 21
13 106 18
13 105 20
17 104 16
16 108 12
19 108 14
18 104 18
18 103 16
21 100 12
17 100 15
19 99 19
21 97 17
17 95 18
19 92 16
17 92 18
15 88 19
12 84 21
11 87 24
9 83 28
5 83 29
8 82 33
4 83 29
8 84 25
7 82 21
5 80 21
4 82 20
7 81 20
9 84 24
12 84 23
12 86 23
10 84 24
7 80 20
4 79 17
1 75 21
2 71 22
5 73 24
7 73 25
5 71 24
3 68 20
1 64 22
2 68 19
2 70 22
2 71 18
4 69 17
6 68 15
8 67 18
4 69 20
2 71 24
6 70 28
5 69 28
6 69 31
3 65 35
0 62 38
1 64 37
3 61 41
3 59 45
0 61 43
1 58 44
2 57 48
1 54 47
2 52 50
1 50 47
3 51 49
2 49 50
2 45 54
3 46 56
3 50 54
5 51 50
2 54 49
0 58 48
2 54 50
2 57 51
2 54 54
2 50 54
2 50 53
2 54 53
2 53 53
4 56 54
1 54 51
4 56 53
1 58 51
2 59 53
2 62 49
5 64 48
9 67 48
5 64 48
9 66 50
5 70 46
5 67 49
1 64 45
3 60 44
1 57 48
2 59 45
1 55 45
2 57 43
4 60 45
1 63 42
1 63 43
1 61 44
1 63 42
2 63 43
5 65 42
2 61 41
3 58 42
5 60 46
3 60 50
7 64 48
11 61 46
7 63 50
4 67 50
2 66 49
3 69 53
7 73 50
5 73 46
9 71 43
11 73 40
9 70 42
13 70 38
9 70 40
13 66 44
15 64 48
19 68 50
16 70 46
18 69 46
15 66 48
14 64 47
16 64 48
17 60 47
18 60 49
15 62 50
11 63 50
7 67 54
9 68 55
10 70 53
13 74 57
11 75 55
8 78 55
11 78 53
13 77 56
17 81 53
14 78 52
13 74 51
11 78 50
15 81 49
14 81 51
12 77 55
14 77 55
12 78 57
13 78 53
12 74 50
9 74 52
9 76 56
9 75 53
12 75 57
9 71 59
5 73 57
9 76 55
10 79 53
8 82 57
10 85 54
14 87 54
17 89 50
13 91 54
9 95 57
8 99 57
6 103 53
5 106 54
7 109 50
5 106 47
8 103 49
6 100 52
3 102 55
2 106 58
4 105 54
5 106 52
4 106 51
4 108 51
4 111 54
8 113 53
10 114 52
8 112 55
4 113 52
1 113 54
2 110 52
5 114 50
2 112 49
2 114 47
2 112 45
5 115 49
8 116 45
6 119 43
6 120 46
4 116 47
0 113 44
2 113 43
0 115 41
0 115 44
2 115 41
2 119 43
4 121 40
5 117 38
9 114 40
13 116 44
9 117 40
5 118 37
4 119 41
7 119 43
6 117 45
10 113 45
12 114 49
14 112 47
17 109 50
15 106 51
18 102 55
17 103 53
17 99 51
17 103 51
13 101 54
10 102 53
6 99 56
2 96 53
4 100 52
2 98 51
2 99 50
2 102 48
3 105 52
0 103 51
3 100 49
2 97 46
5 93 43
7 94 44
6 94 42
4 91 40
4 93 36
3 90 32
7 93 36
8 97 40
4 94 37
2 98 41
5 94 40
8 94 36
9 94 35
10 90 34
13 87 37
9 89 33
6 90 37
10 91 38
12 95 34
14 99 30
17 98 34
14 96 36
15 95 34
11 93 31
10 97 35
10 98 37
14 100 33
10 99 34
14 100 35
15 102 37
18 105 36
16 109 34
17 106 32
20 105 30
20 108 32
21 106 30
18 107 31
14 110 33
17 110 34
15 106 36
19 110 40
17 107 44
21 110 47
20 114 49
17 117 50
17 121 46
16 122 50
12 118 47
14 115 45
12 119 45
9 116 41
9 112 42
13 111 46
14 111 50
14 109 52
13 105 54
10 109 54
11 109 53
7 112 50
8 116 53
12 120 54
12 123 52
15 127 50
18 130 51
21 128 48
21 129 52
23 130 53
24 134 49
25 134 46
27 132 45
23 135 42
25 135 40
23 135 36
26 131 37
28 134 38
24 133 34
28 130 30
30 130 32
34 133 33
38 130 32
39 132 30
43 128 34
41 132 36
37 130 35
40 132 33
41 135 35
37 138 35
37 134 35
40 132 34
36 131 38
40 130 42
36 128 38
37 131 41
33 129 43
32 127 43
36 129 45
32 126 44
28 123 47
27 121 46
29 121 48
31 119 48
31 123 52
28 125 56
26 127 53
22 123 55
21 123 55
18 119 55
16 120 52
17 119 54
14 120 55
15 122 56
18 118 60
19 120 59
22 123 63
20 119 60
20 123 57
20 126 53
18 127 49
15 127 49
19 124 47
23 121 47
26 118 51
23 116 49
25 119 47
22 120 50
23 121 47
20 125 49
17 129 46
18 133 49
16 132 52
13 135 49
16 136 49
13 134 52
17 137 56
21 141 56
22 141 58
22 137 56
23 138 58
27 134 59
31 137 60
28 134 59
26 132 60
30 128 61
30 131 61
29 132 60
25 132 64
29 133 62
29 132 66
33 130 62
35 126 59
34 130 61
34 127 58
35 126 60
33 123 62
34 123 62
32 120 63
34 116 61
36 120 64
39 118 60
40 122 56
37 120 59
36 120 55
35 119 56
31 117 59
27 121 56
29 118 56
25 120 59
25 124 55
28 124 55
27 120 57
26 122 55
24 126 51
20 122 55
17 126 56
17 128 55
15 127 54
16 123 57
13 119 56
16 121 54
18 122 52
15 126 56
19 123 53
21 124 55
18 125 52
21 127 54
22 124 51
25 128 51
27 127 48
28 130 50
24 129 50
24 126 48
25 126 51
21 129 52
21 129 53
21 127 54
17 131 52
21 129 49
20 132 51
17 128 50
14 126 52
14 122 50
17 121 52
21 121 52
18 124 56
20 120 56
19 118 54
15 121 55
19 121 51
17 117 50
13 115 48
13 117 50
16 117 51
13 120 47
14 121 48
15 118 50
18 119 52
17 117 54
15 120 56
14 118 59
16 122 56
15 122 53
14 118 54
17 114 57
16 116 57
12 113 54
16 113 58
18 113 58
18 115 55
17 112 59
16 110 58
12 106 56
11 108 56
11 112 58
8 108 60
10 108 61
7 107 57
6 110 61
7 109 64
3 111 64
2 110 64
3 111 63
4 107 64
0 104 63
2 107 60
2 111 61
2 115 63
1 114 67
2 112 69
2 116 66
2 115 69
2 111 67
2 111 71
1 108 73
2 107 73
6 103 77
3 104 78
2 104 82
6 100 82
7 100 78
4 104 79
0 108 77
2 108 76
1 110 79
4 111 80
1 109 81
3 109 78
2 105 74
1 104 72
2 100 76
2 100 72
2 103 72
3 102 70
6 98 70
3 97 72
2 93 68
6 93 67
8 94 67
6 90 68
9 87 70
10 86 66
8 82 67
6 79 69
10 83 68
13 81 70
11 79 71
14 78 73
10 77 75
11 73 72
13 74 69
15 71 69
11 72 69
10 71 68
13 68 72
16 66 70
17 67 73
15 65 75
14 64 78
16 64 81
19 63 77
17 61 79
16 59 83
17 59 80
19 59 82
22 61 78
23 59 77
26 56 78
23 58 75
24 57 74
28 61 74
27 65 73
31 67 73
30 69 72
28 68 74
25 72 71
27 74 74
31 70 77
34 67 73
30 65 75
29 67 75
28 65 78
29 66 75
32 63 75
33 64 71
29 66 68
33 70 65
30 68 63
34 65 62
36 68 59
32 68 60
33 64 59
30 66 55
32 63 55
34 61 56
34 65 52
34 63 50
37 65 51
39 64 50
36 65 47
39 63 48
36 60 52
36 63 50
35 65 50
32 62 50
31 65 52
34 69 51
32 70 53
33 68 56
29 67 58
29 64 57
30 64 60
26 63 56
29 66 53
28 68 51
27 72 50
29 69 50
25 67 47
25 71 49
26 74 48
23 71 48
20 69 50
23 71 46
24 70 43
20 67 41
21 63 44
17 65 45
14 67 49
10 69 47
13 71 51
17 69 53
18 66 52
15 70 52
14 68 51
18 67 52
18 63 55
22 63 56
26 64 53
23 60 49
23 57 46
24 61 42
27 63 45
23 59 45
20 56 46
20 53 50
23 49 52
24 47 48
26 47 45
24 48 47
26 52 47
25 52 48
24 52 50
21 53 49
22 49 47
25 48 49
24 44 53
21 44 50
21 47 54
23 50 54
27 47 54
23 50 54
23 47 56
27 43 59
31 39 55
29 42 51
25 44 49
25 45 50
29 44 46
28 47 50
29 48 46
33 46 49
35 46 50
31 48 53
27 47 54
31 51 54
32 54 58
34 54 59
34 57 55
34 54 53
30 57 49
29 58 52
31 58 50
27 59 51
27 56 53
31 57 55
29 56 55
29 53 59
26 55 62
27 57 63
28 56 66
28 56 65
30 58 63
30 59 61
32 59 60
29 62 60
31 65 56
28 65 60
32 62 63
31 65 67
27 68 64
31 72 64
31 72 67
31 75 71
33 75 74
33 73 77
37 72 79
40 68 77
41 64 74
45 64 71
49 66 67
45 66 71
45 70 73
41 66 73
44 69 71
40 68 74
44 64 75
42 61 73
38 60 73
40 63 70
37 64 70
33 62 67
34 62 69
34 65 70
32 63 71
29 64 75
30 61 75
32 64 74
28 61 70
28 65 70
24 66 71
28 69 75
27 70 76
23 74 79
20 72 78
21 71 77
17 67 73
15 67 69
19 67 66
22 66 70
22 65 71
21 68 72
20 70 76
16 73 79
18 71 75
18 73 78
20 77 82
21 76 86
21 73 88
19 73 92
17 72 91
18 72 89
18 72 87
18 71 90
15 74 94
17 71 94
20 74 94
20 74 93
21 76 92
18 77 92
19 75 89
17 71 88
20 69 89
19 70 87
22 70 91
22 72 87
23 70 85
19 74 85
15 73 88
18 74 89
22 71 89
23 74 85
25 71 84
23 71 86
27 72 87
30 71 88
30 67 84
26 65 87
25 62 88
26 60 86
27 64 89
28 67 90
29 63 92
31 59 95
34 62 92
37 64 95
33 61 91
33 60 89
35 62 90
32 61 89
30 58 87
29 57 88
25 59 91
23 60 94
23 61 94
23 59 94
26 57 94
26 53 93
29 57 92
31 59 89
28 58 88
32 62 92
28 63 95
30 64 97
32 61 98
31 65 95
34 67 97
37 68 101
41 69 100
39 69 103
43 73 103
44 72 105
46 74 103
45 77 99
49 79 96
50 77 92
49 79 95
53 75 97
55 78 100
54 75 99
51 74 100
48 78 102
44 78 102
43 75 106
41 75 106
45 77 109
41 75 112
42 79 110
39 77 107
35 79 106
35 76 106
35 75 105
38 71 106
41 72 103
39 68 101
35 64 104
35 68 108
39 68 108
38 65 112
34 62 112
34 62 111
38 63 108
41 66 105
39 62 103
38 60 100
35 64 98
33 66 94
29 66 96
32 69 92
32 68 96
30 70 98
34 73 98
36 72 96
40 69 92
42 73 91
43 77 90
40 81 90
40 83 90
36 80 88
38 83 88
42 82 86
45 78 90
48 79 92
45 80 88
41 83 90
39 82 90
37 86 88
40 90 88
44 86 91
48 88 92
51 84 96
53 87 100
52 91 98
48 94 94
46 98 92
46 100 94
48 98 92
49 97 89
48 100 92
46 101 89
46 102 87
44 102 87
44 101 91
41 102 91
41 102 90
40 103 93
42 99 95
42 97 98
39 97 98
39 100 101
40 98 100
41 96 104
41 100 107
41 101 107
40 97 109
44 99 106
45 102 107
49 104 110
52 104 110
48 104 112
52 108 113
49 104 109
51 103 105
47 104 108
43 101 108
39 102 110
40 100 110
37 101 112
37 102 111
37 103 107
38 107 109
34 107 112
34 104 115
33 105 118
34 103 117
31 107 119
35 106 121
37 104 120
40 105 122
44 107 118
45 111 116
42 113 115
42 116 116
42 120 115
45 123 116
46 120 117
47 117 116
51 116 113
50 119 112
54 123 109
50 119 110
53 122 113
55 121 109
53 122 110
49 119 111
53 118 112
51 118 114
53 114 113
51 117 117
53 115 121
49 112 117
47 109 118
43 108 120
46 111 121
49 115 125
53 117 127
56 114 126
60 118 126
59 121 124
55 124 124
56 125 125
52 129 127
48 131 126
45 131 128
43 129 130
46 128 130
49 129 131
51 131 132
48 130 128
49 129 126
45 126 127
46 123 123
50 120 127
47 121 124
51 123 128
52 119 124
56 120 124
55 124 128
57 120 131
57 116 130
54 114 131
50 112 134
47 116 135
46 116 138
42 119 136
39 123 138
35 125 142
32 126 145
29 126 143
31 124 140
31 126 142
35 130 145
32 133 141
34 132 141
30 128 138
32 125 135
30 121 136
29 118 138
29 119 137
27 119 140
29 121 142
31 122 143
33 120 139
32 121 138
34 124 136
36 126 132
40 130 134
39 132 132
37 136 128
34 135 124
31 135 123
29 132 122
28 136 126
26 139 130
27 135 129
30 131 128
30 127 131
26 129 128
22 131 124
21 133 122
23 134 119
23 134 116
20 136 117
24 132 116
24 134 117
25 133 121
23 131 118
21 127 121
25 126 119
22 125 119
18 122 119
16 119 118
12 120 119
11 122 115
11 119 116
8 121 112
9 125 110
5 129 110
7 129 106
9 131 110
10 134 112
11 132 116
10 134 114
9 138 111
13 139 108
10 137 109
11 138 112
10 136 108
11 132 109
10 133 110
9 136 106
13 135 105
14 133 109
11 134 110
14 131 110
15 128 106
15 128 106
17 125 106
