40 37 38
39 34 36
36 30 39
37 28 37
37 29 36
37 25 40
38 29 41
41 33 45
45 35 46
42 32 47
46 36 48
43 33 44
46 34 43
44 33 41
42 30 43
43 31 39
47 28 38
51 24 39
55 28 37
56 32 34
55 30 36
51 31 39
51 30 43
52 31 43
53 30 46
57 30 46
54 26 44
58 30 42
62 34 40
61 33 39
61 34 38
57 34 38
61 38 39
58 39 39
54 38 40
58 41 43
58 39 46
61 36 47
61 38 45
64 37 43
67 34 39
70 35 41
69 32 44
69 34 43
69 32 40
72 30 42
70 34 40
71 30 44
70 30 46
70 29 49
71 31 52
75 31 49
71 29 51
73 32 52
70 33 56
68 33 55
72 33 56
69 37 60
69 40 61
67 42 60
67 41 61
67 38 60
64 42 61
67 45 59
67 46 61
64 48 61
65 47 65
65 50 68
63 46 69
60 42 70
62 45 66
64 41 67
61 45 70
57 43 70
58 41 66
59 43 68
62 46 71
63 49 73
61 49 71
64 50 73
68 49 72
68 50 69
65 47 68
67 46 69
69 43 73
68 41 75
68 44 74
68 41 75
70 43 75
66 40 73
70 38 70
69 36 74
65 38 70
69 35 74
69 36 71
73 35 74
77 38 76
80 37 73
76 34 71
72 33 68
70 30 72
66 34 76
67 36 76
69 37 76
67 41 79
64 41 82
64 37 84
67 41 83
71 41 86
75 41 87
73 37 85
75 37 88
76 40 84
76 40 85
77 36 88
75 34 88
71 38 91
68 37 87
65 36 89
65 38 85
61 35 85
62 31 84
59 32 82
61 31 79
57 27 82
59 24 86
57 21 87
58 19 86
57 18 87
56 20 88
52 16 89
56 18 86
59 15 89
61 15 89
59 12 85
60 16 86
62 16 88
64 18 92
60 20 95
59 19 93
56 19 93
58 21 92
56 21 94
54 18 96
58 19 92
55 18 93
52 18 94
55 19 98
56 21 94
57 23 91
61 27 92
58 31 89
59 30 93
56 33 94
58 33 95
54 30 99
54 34 102
52 37 100
55 35 101
57 37 101
59 36 97
60 35 98
57 39 94
55 41 98
54 38 102
52 37 106
56 37 110
52 40 113
48 40 112
45 38 115
48 38 118
48 38 120
45 38 116
49 40 119
48 37 121
44 33 125
45 31 123
46 34 119
46 36 115
49 33 111
53 29 110
56 25 106
56 23 109
55 27 105
52 28 104
48 29 106
51 30 103
54 32 104
54 32 105
58 30 107
61 32 108
64 30 104
60 30 101
64 31 101
67 27 100
69 24 99
72 22 103
69 25 102
68 26 106
72 24 107
72 22 106
74 18 107
70 17 108
70 13 111
71 10 109
68 7 110
65 7 106
61 7 107
59 7 103
62 5 106
66 4 107
62 4 109
59 0 108
61 3 106
63 4 107
62 0 104
66 2 100
62 1 101
64 2 100
63 3 103
63 7 99
67 3 100
69 2 101
66 3 104
65 7 102
63 4 103
65 5 107
68 4 107
65 1 108
63 1 109
65 0 113
68 2 112
68 0 115
69 0 111
68 2 112
68 2 112
68 2 108
67 3 109
67 1 106
65 3 109
63 7 110
63 8 110
60 4 110
56 5 107
59 6 106
61 3 106
57 6 110
58 10 106
59 7 105
56 6 107
59 9 109
58 7 112
54 7 112
58 8 111
57 8 112
54 4 113
54 0 112
57 2 114
58 0 115
58 4 113
60 7 116
61 3 119
65 2 122
62 0 119
59 2 122
58 2 120
62 2 123
66 4 120
68 1 122
71 5 120
69 9 116
66 9 116
63 8 116
60 9 118
56 6 119
56 7 122
54 11 125
53 11 122
57 10 124
61 7 126
64 10 128
67 10 128
67 14 127
71 12 126
73 15 128
76 15 126
73 16 127
73 12 130
70 12 132
74 16 135
75 19 131
79 21 129
77 19 131
79 15 135
77 14 132
77 14 133
75 13 133
75 16 130
75 20 130
78 19 127
79 23 123
78 20 122
75 16 118
73 19 114
69 15 110
65 14 108
67 10 110
63 9 106
63 5 110
65 2 112
66 6 112
62 10 116
62 13 115
65 14 115
66 16 118
64 19 122
68 19 123
67 18 126
65 19 125
69 18 122
67 19 119
64 22 123
68 22 127
66 20 125
63 21 127
65 19 129
65 21 129
67 25 126
67 22 128
63 20 131
61 23 129
60 22 128
61 18 125
60 20 121
59 21 120
55 21 118
53 24 119
52 27 118
51 31 115
52 30 118
52 31 115
50 32 119
54 36 123
55 34 123
57 37 122
54 41 124
55 45 123
59 43 126
61 47 123
57 46 123
53 44 119
56 42 118
55 40 122
55 38 119
57 35 115
59 37 114
63 34 111
60 37 111
64 33 114
66 30 111
65 28 110
64 26 106
60 24 105
60 23 106
64 19 104
67 16 106
63 15 107
66 11 109
66 13 109
65 12 113
66 12 113
64 13 117
60 10 115
60 10 118
63 10 116
62 8 112
63 4 111
63 5 109
62 6 106
65 6 107
63 5 108
63 3 111
63 7 113
60 8 111
57 9 113
61 5 111
60 4 110
56 7 111
53 6 111
52 5 111
51 2 111
55 0 107
54 2 107
52 5 104
51 1 107
48 4 111
45 7 114
47 6 110
45 9 111
45 5 108
47 3 106
45 6 106
47 3 105
47 7 105
44 9 107
40 11 105
43 14 106
43 18 110
39 15 109
41 12 109
37 10 106
36 7 106
39 7 108
35 10 109
38 8 112
42 8 115
45 10 113
49 8 117
49 7 115
47 5 115
45 7 118
42 3 116
39 6 117
37 6 113
39 10 114
37 9 118
33 8 115
32 8 114
34 6 117
34 7 118
37 5 121
41 4 122
39 8 122
39 6 124
38 7 123
36 8 121
37 4 122
35 2 122
35 2 120
35 2 121
34 4 117
37 8 120
39 9 123
35 8 120
37 11 119
38 13 117
36 13 113
36 11 110
39 10 109
40 7 111
41 10 113
39 11 116
40 13 112
42 12 112
41 13 116
41 13 119
37 11 115
35 12 113
32 13 109
30 13 107
26 16 109
26 12 105
30 10 107
34 9 111
31 9 115
32 5 119
30 8 122
33 4 120
35 2 116
33 3 112
30 5 109
29 2 111
33 5 113
36 3 114
36 3 118
33 0 119
32 0 119
34 2 120
37 4 122
38 2 119
37 5 116
34 8 116
33 6 118
37 7 120
39 3 123
42 7 122
38 3 124
34 3 121
34 4 121
32 3 120
33 3 117
34 7 116
35 4 112
31 5 110
31 9 113
31 8 109
31 11 113
31 9 112
35 6 114
39 9 112
36 11 116
34 11 113
37 8 110
34 8 111
38 7 107
38 4 103
40 7 101
37 8 105
40 10 109
42 14 106
39 12 103
39 13 101
36 10 98
34 12 96
34 16 94
34 20 90
36 22 88
36 26 90
33 30 87
32 29 85
36 32 88
36 29 89
40 29 87
42 26 88
40 27 88
42 28 91
42 29 92
40 28 92
41 30 91
43 26 95
47 28 93
50 29 90
46 31 91
48 32 93
51 30 94
52 34 91
51 31 89
47 32 91
46 34 95
43 33 95
45 37 91
45 41 92
44 38 91
45 39 92
46 37 94
44 38 96
43 41 97
40 40 99
39 37 99
39 39 99
38 35 95
41 33 99
38 30 97
39 34 93
36 30 92
33 33 95
33 32 94
33 32 94
32 36 95
31 37 97
27 34 96
26 37 93
27 35 89
26 33 93
23 34 93
26 30 92
22 29 91
26 26 89
28 26 86
26 27 86
22 30 83
20 31 79
17 34 81
14 37 83
12 40 85
13 42 83
17 38 79
14 41 78
11 43 82
11 39 86
7 35 89
5 34 85
7 34 88
9 38 92
13 35 96
13 31 97
12 35 96
9 34 92
10 38 95
13 36 94
10 39 96
13 38 100
16 41 101
14 43 99
14 45 97
12 46 96
16 46 93
15 42 90
19 46 91
16 46 92
16 44 92
18 44 94
18 44 91
19 47 93
21 47 89
17 46 89
16 44 91
12 41 90
9 44 89
13 44 92
10 41 96
8 42 100
8 44 101
6 47 102
9 48 103
8 49 100
7 48 102
7 50 101
10 47 105
9 43 101
11 47 105
10 43 103
8 43 105
10 39 106
14 38 102
15 40 101
19 36 102
15 34 101
16 38 102
20 36 98
19 37 97
18 36 98
22 37 101
23 34 101
21 33 97
17 33 99
14 31 102
17 33 100
21 34 102
23 30 105
21 27 104
19 28 101
21 26 102
18 26 99
17 23 96
15 27 100
19 28 100
20 30 96
19 33 99
20 30 102
24 27 98
22 30 94
23 26 90
23 27 87
19 27 88
20 26 89
24 26 92
23 22 95
25 20 94
26 19 91
30 19 91
31 23 90
28 27 86
24 28 86
26 26 83
28 23 86
27 25 86
26 27 83
28 24 82
24 27 78
22 31 78
18 34 80
19 34 81
15 32 83
12 33 85
10 36 86
11 34 83
7 32 81
10 29 85
11 26 84
14 30 85
14 28 84
12 27 84
16 27 82
20 28 79
17 29 83
14 28 86
10 31 85
7 35 89
4 35 90
6 33 89
4 31 86
8 29 85
9 26 89
11 30 90
11 27 88
10 26 86
13 30 88
11 32 88
15 31 92
15 29 93
11 28 95
12 26 91
9 22 90
6 18 92
5 17 92
8 20 90
8 16 92
6 19 94
3 22 90
2 20 88
2 20 92
2 18 89
6 22 86
7 21 86
5 19 90
3 21 87
2 25 88
2 24 85
5 20 84
3 18 82
2 14 81
2 15 84
2 18 82
3 16 79
2 12 75
2 12 79
1 13 79
2 11 83
0 11 81
2 13 82
0 10 84
3 7 86
0 9 84
2 11 83
2 8 84
0 10 80
3 11 77
4 11 78
4 13 80
2 12 83
2 10 81
4 8 77
7 7 74
7 5 71
9 2 75
6 5 71
4 2 73
4 6 75
2 10 77
3 14 77
2 13 76
5 9 77
3 10 73
1 14 71
2 17 68
3 14 68
0 11 69
3 13 66
3 13 69
2 16 66
2 12 66
0 8 66
2 4 68
3 0 70
6 0 70
8 4 69
8 0 72
12 0 68
10 1 65
14 2 63
14 1 61
12 0 64
8 2 64
10 0 65
9 2 64
8 0 61
9 2 59
10 1 60
7 4 60
11 7 60
14 4 61
14 7 57
18 8 58
22 5 59
24 9 62
25 5 60
29 3 62
26 4 66
27 8 68
26 6 67
28 6 66
24 3 69
23 5 73
27 9 76
24 11 78
23 12 79
21 11 83
19 15 82
18 11 81
21 12 80
20 16 81
22 18 78
18 20 75
17 19 75
16 18 75
15 21 77
14 18 77
12 15 80
12 12 77
9 16 78
7 12 80
9 8 77
11 4 78
10 5 75
7 2 76
6 6 80
8 3 84
12 2 87
12 4 83
11 5 86
7 7 85
9 10 86
9 9 86
12 10 82
15 11 79
19 13 79
19 14 83
19 15 80
23 17 78
27 14 74
28 16 77
29 17 76
32 19 78
30 23 77
32 19 76
34 23 76
31 24 76
35 25 75
32 26 71
29 29 73
29 32 73
28 28 75
30 30 78
29 27 81
32 23 81
30 22 85
32 19 84
30 17 81
28 16 84
31 19 85
31 21 84
32 23 80
28 22 76
26 20 77
28 24 76
32 24 74
30 20 72
26 17 71
28 19 73
26 20 73
22 22 73
22 20 73
24 16 71
21 12 68
20 9 68
20 13 65
24 17 69
25 21 69
29 21 69
26 23 73
30 27 73
27 29 70
26 29 68
24 29 67
26 30 66
29 26 62
31 23 66
34 21 69
33 20 72
33 17 71
35 19 70
35 16 71
39 17 68
38 13 68
41 16 66
42 19 68
44 16 67
41 13 67
39 12 68
38 14 72
40 15 75
41 16 76
44 18 75
44 19 78
43 23 79
44 22 81
48 19 77
46 15 81
48 13 82
50 17 78
46 19 78
46 23 76
46 19 73
43 22 71
43 26 75
43 24 76
40 23 73
37 21 71
33 24 71
29 28 75
27 32 74
30 34 76
32 30 77
29 27 78
32 29 74
30 30 75
26 34 72
28 38 68
25 35 65
27 38 65
30 41 62
32 40 60
31 41 59
33 38 62
30 40 64
30 42 60
34 38 64
36 34 68
37 32 68
39 33 66
41 30 63
41 32 64
40 31 65
43 29 66
45 29 66
44 29 67
40 32 68
39 30 65
39 29 62
39 26 63
35 27 65
36 29 69
36 25 69
34 27 71
30 27 73
29 29 70
26 32 71
22 30 72
18 28 72
21 25 70
20 25 70
16 23 67
14 25 65
15 29 67
15 31 65
15 27 61
14 28 63
18 29 63
15 33 67
15 33 65
17 30 64
20 34 67
16 38 63
17 39 62
21 40 62
18 37 63
22 41 65
26 43 68
24 44 71
20 40 73
20 39 75
22 35 74
20 37 77
17 40 78
21 38 75
20 34 73
20 36 76
22 34 78
24 30 78
26 29 82
24 27 86
23 29 89
23 29 91
19 28 94
23 28 90
19 31 86
23 31 86
27 31 83
30 30 82
26 26 79
23 26 78
24 30 77
24 27 75
23 28 75
26 28 77
22 32 73
26 35 70
26 32 74
29 30 74
28 31 71
26 27 71
24 28 68
22 28 72
22 25 73
19 22 77
16 24 74
14 25 76
18 29 76
17 29 78
16 31 75
14 29 74
17 33 76
13 29 77
11 28 81
14 29 83
13 27 80
12 30 81
14 32 80
14 35 78
11 32 78
14 36 76
12 38 73
9 35 75
7 33 73
9 30 70
11 26 66
11 26 62
9 30 58
10 28 57
11 31 55
15 32 52
19 28 55
20 31 55
22 34 58
18 32 61
20 29 57
17 32 57
13 32 60
16 28 62
14 24 61
18 21 58
20 21 57
18 20 55
19 21 52
22 22 49
24 23 51
28 22 51
24 20 53
22 20 54
19 22 52
18 24 52
20 23 55
17 25 51
21 23 50
24 19 51
28 17 55
31 19 59
34 19 58
32 18 59
34 17 55
32 20 54
34 21 57
30 20 53
33 18 49
30 18 48
34 21 47
35 21 47
32 24 49
35 23 53
31 23 52
32 26 52
30 26 50
30 26 51
34 30 47
35 29 45
35 31 47
31 31 50
30 28 47
29 30 50
31 32 50
34 32 54
37 32 53
40 30 53
37 34 49
35 30 53
35 31 49
35 27 51
38 28 50
36 32 46
35 28 50
33 30 53
30 32 57
32 31 56
36 33 59
33 33 62
31 30 58
34 26 60
32 22 64
34 21 67
31 23 63
30 19 61
31 17 57
27 13 54
24 9 56
23 6 55
23 7 52
26 7 48
26 11 52
27 13 56
25 11 53
29 11 51
30 10 52
30 9 54
29 5 56
32 4 59
28 3 59
24 4 58
28 6 56
30 3 58
29 7 62
31 10 58
29 7 59
28 6 59
30 10 58
32 13 56
34 15 60
30 18 59
32 21 59
34 25 59
33 23 63
35 23 66
35 25 66
37 21 68
39 25 72
41 29 71
45 25 73
48 26 71
51 25 72
53 26 72
53 28 76
56 32 78
54 28 74
57 30 75
59 26 71
57 24 72
57 23 76
59 20 74
62 20 70
63 21 74
60 20 76
58 23 79
61 25 77
59 28 80
56 30 78
55 33 79
59 37 75
62 38 78
62 34 76
62 37 75
59 39 73
61 36 72
63 40 70
62 40 67
66 38 64
65 35 61
62 39 64
59 42 64
56 44 61
55 41 65
56 38 63
55 36 60
55 37 62
55 34 60
57 32 58
57 35 61
53 34 62
50 32 60
46 32 64
42 30 66
40 28 68
38 32 71
40 35 69
36 39 66
35 39 65
37 40 66
41 41 63
43 40 62
45 36 65
46 35 61
45 38 62
43 39 66
41 41 69
43 40 67
46 43 65
46 39 68
50 43 68
53 43 68
56 41 70
56 41 67
55 38 63
57 38 62
53 38 64
57 41 65
61 45 69
60 47 69
63 44 66
66 42 69
66 40 72
64 37 70
60 38 71
64 40 67
61 42 69
61 38 66
65 34 63
66 34 62
70 37 60
66 34 59
67 33 59
67 35 60
68 33 57
64 30 53
63 29 57
63 32 54
61 32 50
60 34 49
58 35 53
58 35 56
61 38 53
62 37 54
65 40 53
69 37 49
73 37 49
70 34 46
67 30 44
63 28 45
62 30 48
65 34 45
65 32 44
68 30 43
64 33 40
67 37 41
69 35 42
65 35 42
68 39 45
68 39 44
66 39 41
64 43 40
64 43 40
67 42 42
71 43 43
73 44 41
69 44 38
66 48 35
63 52 37
62 55 36
66 56 33
67 58 31
66 54 27
67 57 26
71 61 30
69 60 28
72 60 26
76 64 29
80 63 29
79 59 30
75 57 32
77 53 36
81 54 36
78 57 38
76 53 35
72 49 38
71 49 39
71 45 37
71 48 37
72 45 35
74 47 39
78 44 39
77 42 35
73 45 36
74 47 34
74 48 34
76 50 35
80 53 35
81 54 33
80 50 35
79 54 35
83 55 35
81 52 39
79 56 39
78 52 43
74 56 43
76 55 46
80 57 43
84 60 39
86 57 43
86 57 45
89 60 48
88 58 51
92 58 48
88 58 45
92 57 47
92 60 49
94 64 45
97 67 43
99 70 47
100 66 49
101 63 52
105 60 48
104 63 50
105 62 50
107 63 50
103 63 48
105 59 48
105 57 49
105 61 45
104 62 47
104 64 49
101 63 48
100 65 50
98 66 46
100 62 44
101 66 46
105 66 48
108 62 52
104 63 52
103 63 50
102 62 49
104 59 45
105 58 43
108 59 42
112 59 41
115 62 39
111 64 40
113 63 38
109 63 39
110 67 40
110 70 36
114 74 36
110 71 32
113 70 28
110 68 24
109 65 28
109 62 30
106 60 29
108 57 25
112 58 24
111 55 25
114 59 21
115 60 25
117 64 21
119 67 23
115 69 21
113 73 19
109 70 17
111 66 18
111 64 15
107 63 13
110 65 11
112 61 13
111 62 10
114 61 12
110 57 10
110 56 11
113 58 7
111 55 5
108 53 4
112 57 5
112 54 6
112 56 5
113 52 3
111 54 0
109 57 3
109 56 6
109 56 9
112 55 9
112 51 5
116 55 2
115 51 5
112 48 7
113 48 3
111 52 2
109 51 2
110 51 1
114 51 2
116 50 5
112 51 1
111 52 0
111 56 1
113 55 0
116 51 2
116 52 2
117 52 2
113 52 0
112 55 2
115 59 2
112 59 3
109 57 0
112 60 2
114 60 4
114 59 6
112 58 3
115 58 2
113 55 1
114 51 2
110 48 2
111 52 2
108 48 5
106 44 1
104 48 5
106 50 5
109 53 3
106 50 5
102 50 1
102 52 2
100 48 5
98 46 1
95 43 2
92 46 4
94 50 8
97 52 4
95 50 3
96 49 6
100 50 2
103 46 2
105 42 1
107 40 0
109 44 2
105 44 2
108 40 1
106 43 2
102 42 2
106 40 6
104 44 10
100 48 14
99 47 16
102 50 13
98 51 10
94 54 10
90 50 6
93 51 10
95 52 10
94 53 12
94 56 11
97 55 8
99 59 4
98 61 0
102 58 0
101 55 2
100 52 6
101 54 6
99 51 2
99 55 5
101 59 6
97 59 8
93 56 6
93 53 8
89 50 12
88 52 9
89 52 8
93 51 4
90 49 7
89 46 9
88 49 6
85 51 5
82 49 4
82 48 4
83 45 6
87 43 2
83 46 2
80 43 4
79 45 6
81 41 5
79 43 2
81 39 1
79 39 3
75 37 2
78 39 5
77 40 2
73 42 2
72 45 6
73 41 3
69 44 6
66 41 6
69 45 5
65 41 9
68 41 7
68 38 4
68 38 5
67 41 2
66 45 0
69 48 2
73 51 6
75 47 5
78 45 5
74 43 8
76 42 9
72 45 11
69 47 13
69 50 16
71 53 14
72 53 11
75 55 10
75 53 10
72 51 13
74 53 16
76 49 13
73 52 9
75 54 11
78 51 11
81 55 15
83 59 17
87 56 14
85 52 15
88 50 15
84 47 17
80 51 19
83 47 21
81 46 19
85 43 17
85 45 20
84 43 17
86 47 16
89 43 20
91 43 22
94 47 26
97 50 24
101 53 26
103 50 30
107 49 34
108 51 38
112 49 39
108 52 37
105 49 34
101 52 31
103 55 30
102 51 31
104 50 30
104 51 30
105 48 27
102 51 24
99 48 27
98 49 29
96 46 29
93 44 33
94 45 30
95 43 29
94 40 26
90 38 26
88 34 28
86 30 32
85 29 34
89 29 31
87 32 31
83 32 33
80 33 35
80 29 39
83 33 39
87 37 40
91 41 38
88 38 38
89 34 34
92 35 38
91 32 40
93 33 37
97 33 33
94 31 35
95 28 38
97 26 36
101 29 34
99 25 32
103 29 36
99 29 34
96 27 35
93 26 37
90 26 34
92 29 38
90 32 36
94 29 32
96 33 34
92 37 34
94 37 31
98 33 28
101 35 26
98 34 26
97 36 27
93 34 27
93 31 31
91 30 30
91 26 32
95 30 29
95 31 33
93 33 32
97 29 33
97 29 30
96 31 26
96 33 23
92 36 23
92 33 27
88 37 24
86 36 24
86 32 26
87 32 22
86 30 24
82 34 21
79 32 18
78 33 20
82 29 16
79 31 17
80 29 14
81 33 12
82 31 16
83 31 18
81 27 22
84 28 20
80 24 16
83 24 17
83 26 18
81 28 15
83 30 14
79 26 18
77 22 15
81 23 19
83 24 21
80 27 24
78 30 27
75 27 28
79 29 26
81 31 28
83 31 26
80 27 27
78 30 26
79 32 22
78 29 25
76 33 21
72 31 18
75 32 18
79 29 19
79 25 20
78 23 17
79 27 20
80 24 19
78 21 16
74 18 19
76 17 20
74 19 24
78 23 20
77 19 16
81 21 19
82 17 23
82 21 21
86 22 25
87 18 21
90 21 17
89 21 15
91 20 12
95 21 13
95 21 15
93 24 16
92 28 13
91 26 17
90 26 18
90 26 17
88 29 17
88 30 13
90 34 11
89 31 9
85 32 6
83 32 9
87 29 10
90 29 8
87 33 8
87 30 8
86 33 4
86 37 3
82 41 5
79 39 6
83 41 9
81 44 8
85 48 8
86 49 5
84 45 8
87 43 6
84 44 6
86 46 6
83 47 3
82 49 5
78 49 1
79 48 1
83 50 2
86 51 6
84 51 10
84 55 6
87 56 5
85 60 8
83 63 12
79 60 13
79 58 15
82 55 17
84 55 21
84 59 20
87 61 22
91 62 19
91 62 19
94 63 19
94 66 16
97 65 16
97 62 12
95 60 8
93 58 8
94 54 11
92 52 11
92 56 14
94 53 17
92 56 16
96 55 19
95 59 20
92 57 23
93 58 27
97 59 29
94 59 32
90 56 31
93 60 35
96 63 32
96 66 28
95 70 25
99 71 23
96 68 20
93 65 17
91 68 15
88 71 16
89 68 16
86 72 15
86 69 14
84 67 17
86 63 20
82 59 16
82 63 17
79 66 14
82 64 13
78 60 16
80 56 17
77 52 14
78 53 13
79 54 11
77 53 7
80 53 6
83 53 4
79 52 2
80 53 2
81 55 2
82 54 2
80 53 5
81 51 1
85 47 0
81 51 4
80 47 8
84 45 4
84 43 7
84 42 10
83 44 10
81 41 9
77 39 8
79 38 4
82 37 1
79 35 2
80 31 6
80 30 3
76 31 5
75 30 4
77 26 2
80 28 4
79 27 5
78 28 7
78 27 8
76 26 6
76 24 7
78 24 8
78 23 12
78 23 13
79 22 15
75 26 15
76 28 19
80 31 21
84 32 19
88 28 18
90 30 15
92 32 18
91 28 15
91 27 12
92 28 14
95 30 17
93 33 13
94 37 10
92 34 7
95 35 6
94 39 10
97 36 12
95 33 12
91 31 16
94 28 19
95 26 22
98 24 26
101 27 29
100 27 28
98 31 29
98 31 30
94 30 27
92 26 25
95 27 26
92 24 26
89 22 22
93 20 24
96 16 26
94 19 29
93 20 27
93 16 30
91 19 27
93 20 31
90 20 33
89 21 37
93 21 33
90 25 36
86 21 33
83 22 34
84 21 37
82 17 36
83 15 39
83 18 40
84 20 42
80 16 45
81 18 47
84 14 48
84 15 45
80 11 43
79 8 45
77 9 46
73 8 42
74 7 43
75 11 45
76 7 48
72 6 46
71 7 44
71 5 47
67 9 43
70 8 44
69 10 48
65 13 49
66 9 45
68 7 44
67 6 40
70 6 37
74 7 36
77 3 37
74 0 40
73 2 42
75 5 41
72 4 42
72 2 41
75 4 39
74 5 42
76 8 41
73 6 45
69 5 48
73 5 52
73 7 55
74 6 56
70 6 52
70 2 53
74 6 54
78 9 52
75 12 56
76 15 53
76 14 57
75 11 55
75 12 57
71 16 56
69 14 59
71 11 63
74 11 60
70 14 60
72 18 61
72 20 63
74 16 64
77 12 64
76 9 67
73 10 63
69 9 66
65 10 70
61 6 73
61 9 77
63 9 74
65 13 72
66 15 73
67 18 73
67 21 75
68 25 72
64 25 75
68 21 75
72 25 79
72 25 75
73 26 77
73 28 80
75 25 78
71 27 82
68 24 84
70 25 85
72 23 85
76 21 89
75 23 88
77 24 91
75 22 90
73 22 92
70 22 96
66 22 100
69 21 101
71 18 97
70 16 101
72 15 104
76 12 103
72 10 99
71 9 100
73 7 97
76 3 100
79 3 104
75 5 105
79 9 101
79 11 105
83 13 107
87 17 106
90 21 110
86 22 111
85 20 114
89 23 112
91 22 112
88 24 116
89 23 116
87 24 117
88 27 115
85 24 113
81 21 115
85 20 114
84 20 110
87 19 108
89 19 108
85 19 107
82 15 107
85 13 105
86 9 103
83 11 106
87 15 108
90 18 107
86 14 109
84 12 106
86 13 106
85 9 104
88 9 101
89 12 101
90 13 99
89 11 99
91 12 100
90 13 104
93 9 108
91 6 104
88 2 107
84 2 106
88 5 105
87 1 105
85 2 101
87 3 97
83 0 100
85 2 98
83 0 97
83 0 93
79 2 95
76 2 96
74 2 94
77 4 98
74 2 95
71 2 96
67 6 95
70 8 97
69 8 96
73 12 97
69 15 100
65 16 102
66 14 103
64 14 106
68 14 105
70 18 104
71 15 101
74 18 100
71 18 100
70 22 104
69 24 105
67 22 107
66 22 103
67 19 101
71 19 102
73 18 104
76 14 105
77 15 107
75 13 107
72 11 108
75 9 106
79 6 107
75 6 109
77 8 110
74 7 111
71 8 107
68 12 107
64 16 106
68 15 106
69 17 109
73 18 113
76 18 113
73 18 112
70 22 113
71 21 114
67 18 115
63 17 112
63 17 113
65 16 114
65 19 116
63 18 113
66 15 114
68 11 113
67 8 115
65 9 117
69 13 117
66 17 119
69 17 123
69 18 124
73 19 125
70 20 124
73 19 128
76 17 126
73 21 123
76 17 127
75 18 127
77 21 127
78 24 130
74 22 133
72 21 131
76 17 129
79 21 128
78 18 131
81 17 128
85 21 128
85 24 125
83 22 129
84 23 127
86 24 129
85 25 125
85 24 125
87 24 122
84 21 124
85 24 121
84 26 118
81 24 119
81 26 121
78 26 120
77 27 120
79 27 123
77 29 124
77 26 128
75 30 128
79 30 128
80 30 124
84 29 127
82 26 129
78 25 128
79 27 128
82 23 125
81 21 129
78 23 125
76 27 127
72 31 129
68 33 130
64 34 127
60 35 124
60 31 128
61 27 129
63 24 133
62 21 129
63 17 131
65 17 128
69 18 124
66 14 128
62 13 131
62 17 132
61 18 136
59 18 137
63 19 139
67 20 135
70 19 138
66 18 140
69 18 136
73 16 138
72 18 136
69 17 133
69 20 129
69 22 132
67 20 132
71 16 136
71 18 138
74 20 140
74 22 137
78 20 133
79 22 132
83 25 130
80 24 127
83 28 124
82 27 123
85 30 120
86 29 117
88 33 113
92 31 117
93 28 119
94 28 120
95 24 124
94 25 121
96 28 123
97 25 123
99 26 125
97 22 122
101 19 125
100 18 129
100 21 130
100 22 131
96 25 133
97 24 136
93 23 135
94 27 134
91 25 130
88 22 130
90 22 130
89 18 132
85 18 133
81 16 135
84 15 135
86 11 139
89 8 136
87 10 132
83 11 136
81 14 138
77 10 135
73 13 138
74 14 135
73 18 132
77 15 129
76 18 127
80 14 123
81 16 122
80 18 120
79 16 116
76 12 119
77 9 118
73 7 119
77 4 119
81 2 122
79 0 121
78 2 121
80 6 122
76 6 125
72 5 129
75 2 130
71 4 132
72 1 129
69 2 126
70 2 127
69 2 126
71 5 126
71 5 123
72 1 122
71 2 122
67 5 119
64 6 116
61 7 112
59 5 112
55 7 116
54 9 113
57 13 111
59 10 112
55 14 115
59 10 115
61 9 114
60 12 111
60 8 115
57 6 116
53 2 119
57 4 122
58 2 120
61 2 118
58 0 119
62 2 118
60 5 119
60 5 121
64 5 120
67 6 119
68 9 115
65 6 112
62 5 113
61 7 109
65 6 111
66 2 109
69 6 113
68 2 116
65 5 119
67 2 115
69 2 113
72 2 114
75 2 112
76 6 116
74 5 118
72 2 114
69 4 116
66 6 120
68 9 118
69 13 117
70 14 120
67 11 119
69 9 116
67 9 113
67 11 109
63 7 106
64 9 108
68 10 110
72 7 109
72 10 108
72 12 107
68 14 107
69 13 106
71 17 108
67 20 106
67 23 103
65 20 106
66 16 110
67 16 107
70 13 104
74 11 102
75 13 101
76 17 104
74 16 103
74 13 106
77 14 104
81 11 106
81 12 110
83 14 109
87 18 113
89 18 110
87 22 112
84 26 115
85 27 117
82 25 118
82 26 119
83 30 115
85 34 112
86 37 109
85 34 109
88 33 109
92 35 106
95 39 105
99 42 106
95 45 103
91 49 99
94 48 97
93 50 100
97 54 97
95 55 94
97 55 94
101 52 93
105 56 92
107 59 96
105 57 92
108 55 88
104 59 90
107 59 91
105 60 92
101 56 95
103 53 92
99 52 91
100 50 88
99 54 87
100 55 89
97 55 86
100 54 84
103 50 85
106 52 88
104 56 87
105 53 85
107 52 83
107 55 79
105 52 75
102 56 71
106 54 71
104 53 75
103 51 72
107 54 76
109 54 76
110 52 77
110 52 79
106 49 82
108 45 82
104 47 82
100 51 78
97 50 76
97 47 77
94 47 80
90 45 76
88 47 74
85 50 72
88 49 68
89 49 67
86 50 68
82 54 66
79 52 68
76 56 67
78 54 66
81 58 63
81 55 64
82 55 60
84 53 57
80 49 56
83 50 52
87 48 54
83 50 55
84 50 53
86 47 52
86 46 51
88 43 49
84 46 50
80 48 47
78 49 50
79 47 54
75 50 54
78 53 58
82 51 54
79 48 51
82 44 53
80 48 50
78 48 47
77 45 49
73 45 48
73 44 45
73 41 47
71 40 48
70 38 52
70 39 48
67 37 50
70 33 46
70 31 42
73 31 41
69 30 40
68 33 38
70 33 41
66 34 42
64 32 46
63 30 44
59 26 41
62 23 41
60 21 41
58 21 42
55 25 41
58 23 37
61 26 39
65 27 41
64 26 45
62 25 43
63 25 40
60 27 38
59 30 37
55 33 36
53 29 40
54 32 44
54 28 42
58 31 43
55 29 43
55 29 39
51 27 36
52 27 38
52 24 42
51 26 41
49 25 38
52 24 38
48 28 37
52 27 40
50 23 41
48 23 40
45 22 40
48 21 43
46 25 39
45 23 36
44 27 40
40 27 44
41 24 42
40 21 38
37 22 34
41 22 33
38 24 30
41 22 28
41 18 29
39 19 32
35 16 28
39 14 28
36 11 25
38 14 24
37 18 21
34 21 22
31 24 25
33 20 22
37 23 20
34 27 23
35 26 27
35 24 29
31 28 27
29 28 29
28 25 31
25 25 29
24 28 26
23 24 29
22 25 29
24 28 27
28 25 31
24 27 27
26 29 27
25 27 24
22 27 28
18 25 26
18 21 30
14 24 32
15 23 34
18 26 31
16 25 32
18 23 35
20 22 37
21 22 39
19 22 40
19 22 38
21 18 36
20 14 37
20 18 38
16 20 35
17 18 32
20 16 31
16 13 30
19 9 31
16 5 28
16 5 32
13 8 34
11 5 33
10 4 34
6 8 35
6 11 34
9 11 33
7 8 36
4 9 35
2 7 36
3 4 39
1 7 40
2 6 40
0 4 37
2 4 39
5 8 37
6 7 33
7 5 31
4 3 32
5 5 28
2 4 26
0 0 26
3 2 25
7 2 21
6 2 18
8 4 21
4 6 22
7 7 24
5 9 24
5 11 21
7 7 23
8 11 24
8 7 20
6 6 20
8 8 19
11 7 20
8 8 21
10 6 20
10 9 21
12 5 17
13 2 18
17 4 22
18 6 19
20 2 22
23 3 25
27 0 29
30 4 32
32 1 29
33 1 33
29 0 30
30 0 33
31 2 35
29 6 37
31 6 39
34 8 43
32 9 45
28 9 41
26 13 38
29 12 38
31 12 37
32 8 40
32 12 39
30 11 40
28 12 36
28 9 32
31 7 34
35 9 33
36 6 34
34 4 31
32 0 30
30 0 34
34 2 30
30 2 33
28 2 37
24 0 35
27 2 38
24 3 42
23 0 44
20 4 44
16 1 45
14 0 43
13 2 45
12 2 44
11 2 41
14 2 44
13 4 42
14 5 45
13 4 41
12 8 42
12 5 38
10 5 42
9 1 46
6 3 48
3 5 44
2 7 46
2 11 42
1 10 45
5 11 49
8 8 52
5 8 50
5 8 49
9 8 47
11 11 47
14 10 47
13 9 46
16 5 49
19 1 49
19 4 47
23 2 49
27 6 49
23 9 52
22 7 51
19 5 53
18 3 49
21 0 50
18 2 51
21 0 54
17 2 58
21 0 60
17 2 62
15 6 61
16 4 63
15 5 67
18 7 63
22 6 64
18 8 67
16 9 63
12 9 63
9 10 67
12 8 63
16 6 60
16 4 57
12 0 55
13 2 54
11 2 51
9 0 53
7 0 52
11 2 55
10 5 54
9 8 54
9 9 51
12 6 50
12 5 51
11 4 53
13 2 51
9 1 51
7 4 55
7 5 53
3 8 49
2 9 46
3 8 50
1 4 54
2 3 58
0 2 61
2 2 62
0 2 64
2 2 64
1 2 68
2 2 72
2 2 72
1 2 71
2 6 71
6 2 75
7 0 72
6 2 74
7 2 77
7 2 76
7 2 72
11 4 71
8 7 70
6 4 67
3 5 65
7 8 65
11 5 63
11 1 63
14 2 66
12 6 68
8 10 72
7 10 76
6 8 72
10 11 74
14 10 77
13 13 78
17 12 76
20 12 72
20 15 72
24 14 70
21 16 67
25 17 71
27 18 75
30 15 79
26 11 80
23 11 77
21 7 76
20 11 73
17 9 70
19 9 73
20 7 77
22 5 80
19 9 83
23 5 79
20 6 77
19 9 78
17 7 78
13 9 79
11 13 77
8 12 73
6 10 74
4 14 74
6 11 71
8 12 74
11 13 71
9 14 71
10 10 72
8 7 72
11 5 71
8 9 69
4 5 68
7 6 72
3 10 76
3 13 73
4 10 73
7 10 71
6 11 71
2 7 70
1 10 72
2 9 75
2 5 77
3 3 78
1 2 76
2 1 73
2 3 74
1 0 77
2 2 78
2 1 81
2 1 78
0 4 79
0 8 75
0 11 72
2 9 75
2 11 77
2 15 77
2 16 81
0 15 82
3 16 81
3 20 79
0 24 83
3 24 84
1 26 85
0 30 81
2 33 78
4 37 81
8 37 80
10 37 78
9 40 78
7 40 77
6 42 76
10 46 74
14 47 72
10 51 75
10 50 71
10 46 70
9 43 69
7 39 72
7 37 75
6 40 79
5 36 79
7 33 76
9 33 75
5 36 76
5 34 80
2 34 81
6 36 84
3 32 85
2 31 86
2 30 87
5 28 89
7 31 85
8 32 87
10 32 86
14 32 83
11 36 81
11 34 85
15 37 83
14 38 84
12 34 85
14 34 88
15 35 87
16 32 87
18 28 85
20 32 87
16 29 90
15 28 92
19 32 89
22 29 86
26 25 88
23 27 92
23 23 96
25 22 99
26 21 98
28 25 102
25 23 100
22 27 100
23 29 97
25 26 95
23 23 95
19 19 96
23 15 100
20 15 104
16 16 104
15 16 105
15 19 107
14 19 110
16 23 113
15 21 112
18 20 116
22 21 113
19 18 110
17 16 108
17 17 104
21 20 104
25 23 101
22 22 101
22 22 103
23 23 99
22 25 103
24 24 104
25 23 108
26 24 108
23 20 104
26 22 104
24 21 106
23 20 102
24 23 103
26 27 99
27 25 98
28 29 100
27 31 102
24 33 106
21 32 103
25 31 106
27 30 107
31 29 110
33 29 114
37 33 117
41 31 116
45 34 112
44 30 110
44 31 108
47 29 107
43 30 109
46 31 107
45 33 105
42 36 102
45 37 101
47 37 104
44 36 108
45 35 111
47 32 109
50 32 105
53 28 107
57 28 111
53 27 115
56 25 119
56 29 117
55 27 116
54 29 120
50 26 119
50 30 122
54 34 126
55 37 127
56 39 125
59 43 121
62 39 125
58 42 126
58 45 127
61 48 125
60 49 128
61 50 128
57 49 131
60 51 132
62 52 128
62 56 132
62 52 134
63 52 130
66 53 127
69 57 128
68 57 129
67 55 132
65 54 130
66 52 130
67 53 132
63 49 135
60 53 134
64 56 130
60 54 132
59 55 129
58 51 131
59 47 134
55 46 132
56 46 131
53 50 134
54 46 136
56 46 135
55 44 131
57 43 127
59 39 129
59 38 128
61 41 124
62 37 128
63 38 125
67 36 128
65 32 127
64 28 131
64 28 128
65 32 132
65 31 130
61 29 132
62 26 132
66 25 132
64 25 130
67 21 128
65 19 129
66 23 130
62 22 131
64 18 134
66 17 130
63 18 129
60 14 129
62 10 126
63 13 127
66 12 130
66 13 126
64 13 122
63 9 118
60 10 115
60 6 113
59 4 111
59 1 107
55 2 110
58 2 113
54 2 115
57 3 118
53 6 114
54 7 110
57 8 110
61 11 107
61 8 108
58 4 109
62 1 107
60 2 110
57 2 109
56 6 113
54 8 112
56 8 110
53 9 107
52 13 109
48 15 112
51 17 116
49 20 120
52 22 124
49 22 122
52 22 125
54 20 121
50 18 118
46 19 116
50 22 116
50 26 118
48 22 117
52 26 119
56 23 118
58 20 114
61 21 118
62 24 118
64 24 118
60 24 118
64 22 116
60 22 116
61 20 113
60 20 114
59 19 114
56 18 115
56 18 111
59 15 108
60 11 105
63 15 109
66 15 106
65 14 109
68 13 105
68 11 108
66 8 109
64 6 113
61 5 109
59 3 113
62 6 117
61 7 119
62 4 119
59 0 123
63 1 125
66 5 127
67 4 125
69 1 125
71 3 125
71 2 127
70 4 130
74 1 131
73 2 130
70 6 134
66 3 131
66 3 131
65 3 129
63 2 128
65 0 128
64 2 126
65 2 124
61 3 128
57 0 126
61 3 126
64 2 129
65 2 126
68 6 122
64 4 126
65 7 127
62 6 124
66 10 122
70 12 123
71 13 119
70 15 120
68 17 124
68 20 125
66 22 126
62 23 127
62 22 131
66 19 127
65 17 124
68 17 122
72 21 124
71 25 127
75 25 123
77 22 125
80 20 125
84 17 129
83 20 126
84 24 129
88 23 129
90 20 132
86 16 131
82 12 132
86 13 130
82 15 127
80 14 128
78 16 128
75 16 125
71 13 121
69 10 119
71 11 119
74 12 116
77 11 115
78 13 112
78 11 113
76 13 109
72 16 109
71 19 112
69 15 110
69 17 109
68 18 111
64 20 107
68 16 108
66 14 107
69 16 111
69 15 114
70 19 110
74 18 108
75 14 112
73 17 113
73 14 114
70 12 118
67 10 121
64 6 120
66 7 122
64 11 126
64 14 128
67 15 130
70 13 131
73 16 134
72 16 132
72 12 133
69 10 130
71 6 126
70 8 128
73 10 125
76 13 128
74 15 129
72 11 125
70 8 124
68 7 120
68 4 120
72 5 122
72 8 121
69 5 121
71 2 123
69 5 119
67 3 123
67 1 122
67 2 120
64 2 123
63 4 122
66 4 124
70 4 126
67 4 123
68 3 125
67 2 125
68 1 127
70 5 123
74 9 125
76 9 123
80 13 123
76 17 126
75 14 123
78 13 125
82 14 129
79 18 133
75 15 132
75 14 128
73 12 124
73 15 127
77 14 124
79 13 126
75 10 130
71 6 130
67 4 129
64 8 131
67 10 128
70 9 126
73 7 125
70 6 129
74 4 131
76 3 134
78 1 134
77 2 138
80 0 139
77 2 142
79 5 144
81 7 141
81 3 137
85 7 137
86 3 136
83 5 135
79 9 132
76 8 133
75 7 134
76 7 133
73 9 130
76 9 134
73 11 138
73 11 138
70 7 139
70 7 138
68 7 138
72 5 140
76 1 137
74 0 138
76 1 135
77 1 133
75 5 129
76 5 125
79 2 125
79 1 127
77 1 127
75 4 126
73 3 123
73 3 122
72 2 120
74 2 118
73 6 119
77 9 119
73 6 115
73 8 114
69 7 111
71 9 108
71 13 112
70 16 109
72 16 107
74 18 111
77 18 112
79 15 113
80 15 117
76 14 120
80 12 122
83 16 119
81 19 122
83 15 123
81 19 120
78 17 119
75 13 123
72 15 120
76 15 119
75 18 117
71 19 121
73 15 118
71 16 115
69 17 112
69 13 111
72 11 113
74 13 114
74 13 118
71 10 115
75 10 112
79 8 110
75 12 113
73 10 115
73 14 115
74 17 119
71 20 122
73 20 118
77 18 122
76 15 123
78 18 120
77 22 121
80 24 122
77 25 126
74 23 127
71 22 123
68 23 124
64 21 125
65 21 126
61 22 130
60 25 133
63 26 135
64 26 133
64 24 133
64 20 130
61 17 128
62 20 126
64 21 125
64 23 124
64 19 125
67 19 123
71 17 119
68 14 120
65 14 124
68 12 128
65 15 131
62 15 134
65 15 133
69 14 129
72 11 126
71 14 128
74 18 125
71 22 123
75 20 125
72 16 122
71 20 122
75 19 119
71 22 116
74 26 118
78 29 115
79 25 117
80 27 119
76 29 117
73 29 117
71 25 120
69 28 120
73 25 123
71 23 124
70 21 122
73 20 124
73 22 125
75 21 126
73 18 122
70 20 120
71 18 118
70 21 115
73 18 115
69 18 114
73 15 112
69 13 111
66 15 113
67 19 110
63 18 110
61 14 107
61 17 111
64 21 114
60 22 118
63 21 118
67 17 115
67 20 111
67 21 114
71 21 114
72 19 118
70 15 115
67 16 119
66 18 118
64 14 119
61 12 116
63 15 114
64 11 114
61 13 118
61 16 116
65 15 115
64 15 117
64 17 120
66 21 121
69 19 123
71 20 120
70 17 124
70 21 120
71 21 118
71 22 118
73 24 121
71 27 118
70 25 116
74 22 117
73 20 115
76 17 116
80 14 113
84 17 117
81 19 114
77 18 116
77 14 112
78 16 109
77 16 109
79 17 112
80 21 108
82 19 108
86 15 105
82 19 109
79 17 113
83 21 116
84 20 118
85 17 117
84 17 120
85 18 120
86 14 120
90 16 121
90 18 125
88 21 123
90 22 120
86 20 124
88 17 120
85 21 122
83 23 125
85 19 129
88 22 127
92 21 127
91 19 130
92 20 128
95 22 131
96 18 130
92 14 133
92 15 132
95 18 131
99 20 134
100 22 135
98 23 134
95 22 135
97 20 133
96 20 137
94 24 138
96 28 136
95 27 133
93 27 130
95 28 128
93 27 131
93 23 130
91 21 132
92 20 135
91 19 135
91 15 139
91 13 140
87 9 144
85 6 145
82 7 149
78 11 146
76 8 144
72 11 147
74 14 151
71 14 154
71 18 154
74 20 157
73 18 158
70 17 155
73 20 159
71 23 155
68 26 154
69 26 155
73 27 151
77 26 150
76 24 146
79 28 142
75 31 141
79 27 145
79 23 145
82 21 143
78 19 140
81 16 143
77 20 147
74 18 143
78 17 144
81 21 142
79 21 143
78 24 144
77 23 141
77 19 137
81 15 136
79 16 140
80 13 136
81 11 140
78 11 141
75 14 137
74 10 135
75 12 135
76 14 135
72 13 139
73 14 136
76 18 132
73 15 130
77 17 134
76 15 134
78 14 130
81 17 134
85 21 136
87 17 140
84 14 140
84 13 142
85 13 145
88 15 144
84 13 140
81 16 144
77 14 144
80 16 140
76 20 137
74 24 135
72 26 133
71 27 136
74 26 137
77 28 140
74 26 144
76 26 143
80 24 147
77 27 146
78 24 150
79 28 152
83 32 150
85 36 152
82 39 149
80 43 147
78 41 145
82 42 146
82 43 144
79 45 144
75 41 144
71 43 148
72 46 152
74 45 156
75 46 154
75 47 156
74 48 158
76 46 160
79 47 160
82 48 159
84 52 156
88 48 158
88 44 158
84 45 160
82 48 160
82 48 164
78 45 167
74 44 169
72 48 170
74 48 168
75 52 167
73 55 167
73 51 164
77 53 160
74 53 159
71 49 160
73 52 163
72 51 161
74 50 160
70 47 160
72 46 159
76 43 155
72 40 155
76 43 155
79 41 157
83 43 157
83 40 161
85 37 160
87 36 163
91 37 162
90 36 162
86 40 160
84 40 163
86 36 159
84 34 156
88 30 156
85 29 156
83 27 153
86 31 149
86 28 147
84 30 144
81 30 140
80 31 140
79 32 137
76 34 141
77 31 137
79 35 138
80 38 134
81 41 133
80 38 129
81 40 128
79 37 126
82 37 123
80 33 122
82 29 126
80 32 128
78 30 124
74 29 128
77 28 131
73 24 130
70 25 134
69 22 133
72 18 136
74 20 136
78 19 132
76 23 128
73 23 129
70 27 132
70 28 130
74 29 133
75 31 131
72 33 134
76 36 138
75 39 134
75 37 138
78 41 142
81 45 138
80 44 141
79 48 141
76 45 137
76 41 140
80 42 143
77 38 145
80 36 141
83 32 140
84 33 137
87 34 139
84 31 142
87 34 145
88 38 141
87 37 143
88 41 142
84 39 138
80 41 138
83 39 142
84 38 145
83 40 148
79 40 148
83 43 148
84 41 146
80 45 150
81 42 152
78 38 150
82 40 149
84 40 147
87 36 147
87 38 150
89 34 149
87 36 152
91 40 154
92 44 155
91 45 153
92 48 151
89 47 154
89 51 151
90 48 153
89 44 154
93 44 150
97 44 147
100 42 147
104 44 146
106 40 147
107 40 146
106 36 148
103 40 150
106 44 150
105 43 152
102 40 155
104 39 151
103 36 147
105 37 148
103 41 152
103 37 154
99 36 154
99 38 158
101 36 157
103 35 158
103 39 156
99 41 153
95 44 152
99 46 150
96 50 149
99 48 145
101 51 148
101 48 144
105 46 146
106 42 148
103 44 146
100 44 143
101 44 145
101 43 149
98 45 152
95 42 148
92 38 147
94 35 148
90 31 150
90 30 147
86 26 145
82 29 145
83 29 149
83 26 145
83 30 143
83 31 143
80 35 142
81 35 142
83 35 141
86 36 138
87 39 141
84 41 141
81 41 140
85 45 136
83 47 136
79 44 138
78 41 142
75 39 142
74 42 140
75 43 141
73 40 142
72 41 140
74 42 138
78 42 134
75 41 130
71 42 129
74 39 128
74 38 132
71 40 132
74 38 132
77 41 136
78 39 140
78 42 141
75 38 145
