36 43 47
32 41 44
36 41 42
39 37 46
40 36 43
39 34 41
39 31 39
38 30 35
42 34 38
43 32 35
46 32 36
43 34 32
39 30 29
39 28 31
38 27 30
41 29 30
40 27 27
43 31 24
40 27 20
44 29 21
41 30 23
42 31 23
46 27 22
43 23 21
43 22 19
42 22 15
39 24 11
38 28 12
36 26 12
37 22 10
37 26 11
34 24 8
34 26 5
36 28 2
36 25 2
38 23 6
40 23 5
42 21 3
43 20 2
47 17 6
43 15 10
44 11 14
45 10 18
44 6 18
48 4 14
51 3 14
55 3 18
59 3 14
59 1 12
55 5 16
51 7 16
48 5 13
50 3 9
51 1 13
47 2 15
50 2 11
46 6 15
44 6 19
48 2 18
49 0 20
46 2 17
50 2 16
54 2 18
52 2 17
51 0 14
48 4 17
49 3 13
50 4 12
51 8 9
47 10 6
48 9 5
51 11 8
54 11 12
52 10 14
49 10 17
50 10 17
51 11 15
48 9 18
46 7 14
47 10 11
46 8 10
49 6 6
47 2 3
43 2 2
47 0 6
50 2 3
48 2 0
51 2 4
54 0 0
54 4 3
58 6 6
57 4 8
60 3 12
56 0 10
58 2 13
56 2 15
53 1 14
54 2 15
51 5 17
55 8 18
53 4 18
50 2 15
52 5 16
54 5 17
57 9 18
57 9 18
53 7 18
52 5 19
48 4 22
49 3 23
48 3 26
46 0 30
50 0 31
49 2 31
47 3 30
46 6 30
49 6 32
45 2 34
41 6 37
41 9 36
44 11 40
48 8 42
49 11 38
47 15 42
49 15 45
48 13 47
50 14 47
54 18 47
58 14 49
60 16 53
60 19 55
57 19 58
59 18 61
57 20 60
60 19 64
64 19 62
60 20 65
62 21 68
63 25 66
63 21 69
62 21 66
63 20 68
61 21 71
64 21 72
61 17 74
62 13 78
63 14 78
61 17 81
65 15 80
68 13 83
68 10 83
71 12 87
68 14 91
70 11 89
74 8 85
72 9 82
68 9 81
69 8 82
71 11 83
70 14 81
66 13 85
68 12 87
67 16 87
69 20 87
66 20 85
63 17 85
66 14 84
66 10 84
70 7 85
72 6 85
72 2 84
68 2 86
71 3 84
68 2 83
68 2 86
70 4 88
71 3 84
67 7 87
68 5 91
71 5 88
67 7 85
65 8 84
62 8 80
60 12 79
58 9 81
56 7 81
58 11 83
57 13 79
58 17 78
61 15 79
61 12 83
58 13 79
54 9 76
54 7 80
53 10 82
53 6 83
57 5 84
57 5 84
56 1 84
60 1 83
56 2 83
58 1 82
58 3 83
60 2 85
63 2 84
66 2 81
63 2 81
63 4 83
61 2 87
62 2 84
65 2 83
68 2 84
67 1 85
70 2 88
66 1 91
68 2 94
66 4 93
64 4 95
65 4 98
68 8 95
71 6 94
70 7 95
73 5 92
70 1 94
70 4 91
68 6 88
72 3 92
68 5 94
66 4 96
65 6 93
67 9 94
66 8 92
65 9 91
68 13 91
64 10 95
63 10 99
62 14 98
65 15 98
69 13 101
70 9 100
73 7 96
69 8 94
67 10 94
67 9 95
67 9 96
67 12 97
70 16 97
68 18 98
70 14 97
71 12 94
72 11 98
72 7 97
76 9 93
75 9 89
76 7 89
80 11 90
78 15 93
78 17 96
81 13 98
77 15 100
77 15 103
81 11 99
77 11 103
77 13 103
76 17 101
78 13 98
76 10 96
76 14 98
74 14 94
71 14 91
69 14 91
68 18 89
67 16 88
63 14 87
65 13 90
66 13 86
62 16 86
66 15 85
62 12 87
58 10 89
59 7 88
63 5 91
60 6 87
64 6 90
65 2 87
69 2 88
67 2 89
65 1 90
62 2 88
59 3 89
57 3 91
61 4 89
62 6 92
59 9 95
59 7 94
63 4 97
65 0 93
65 2 96
64 0 98
63 0 96
59 2 100
56 5 99
55 5 101
53 5 98
52 3 100
50 0 100
54 0 100
50 2 103
48 5 100
52 8 103
54 4 99
56 2 101
56 1 100
59 4 96
58 4 93
60 0 89
59 2 86
61 3 82
65 7 79
64 7 81
68 5 80
72 8 84
73 5 86
77 1 83
75 2 82
71 2 80
73 4 76
75 6 75
72 2 76
68 4 79
68 1 76
71 2 72
72 6 73
73 8 75
72 4 74
75 6 71
75 7 74
79 7 76
77 5 77
75 3 80
79 1 84
81 1 83
81 2 83
77 5 85
81 4 87
77 2 85
80 5 88
81 9 91
83 8 90
87 6 91
83 8 88
85 4 88
83 4 86
83 6 85
80 4 83
84 1 85
83 3 88
84 6 88
81 7 89
82 4 92
86 6 92
85 6 90
89 9 90
92 7 90
91 6 94
89 9 92
92 9 88
90 6 84
88 4 85
88 8 81
87 5 77
84 1 76
88 3 72
90 7 71
93 7 67
90 10 63
86 6 65
83 7 69
84 11 68
81 7 69
79 10 67
75 14 68
79 14 69
75 14 65
71 10 62
74 8 66
78 4 62
77 1 65
77 3 65
79 5 62
81 2 59
82 0 62
81 4 58
85 6 61
89 4 62
89 4 66
86 4 62
87 2 66
91 0 64
90 2 64
88 5 68
89 4 66
88 0 67
85 3 64
88 1 62
84 4 63
81 2 62
80 0 64
79 0 67
81 2 67
82 1 65
79 4 63
80 5 60
77 3 58
81 0 61
84 3 63
85 3 61
89 2 65
85 1 69
82 4 71
81 6 74
81 10 73
82 6 77
79 5 74
81 9 72
79 6 69
75 4 71
78 2 73
80 3 70
84 3 73
80 5 75
78 2 76
77 2 75
76 0 74
80 2 71
78 5 68
76 8 69
76 11 71
77 10 74
78 10 71
82 11 69
80 10 73
83 9 71
85 11 75
84 12 71
81 15 68
85 18 72
83 19 68
80 17 66
82 18 66
79 22 67
79 23 67
78 26 66
76 24 64
73 25 65
71 24 63
68 27 64
67 28 68
66 29 66
68 29 65
70 31 68
68 34 72
70 30 73
74 29 72
76 32 76
72 31 76
75 31 73
75 32 76
78 36 73
79 40 74
79 44 76
81 48 73
80 48 73
81 44 72
82 41 73
85 44 77
88 44 80
88 42 76
92 44 78
88 47 79
88 43 79
86 47 81
85 50 78
85 49 82
86 46 80
83 44 80
82 42 84
83 38 88
86 37 90
87 38 93
83 38 91
84 40 87
80 38 87
80 36 83
79 32 80
81 31 78
78 33 78
74 36 78
78 38 81
75 35 79
78 34 82
82 34 83
78 34 83
82 38 85
81 37 86
82 33 90
84 30 89
81 34 86
80 33 87
76 36 88
76 37 91
79 36 93
77 32 93
78 32 89
81 29 87
82 32 85
85 36 83
81 33 81
80 33 77
79 29 79
83 30 83
86 34 80
82 37 78
83 40 80
79 36 76
80 36 73
84 36 76
82 38 74
81 42 71
82 44 71
81 42 73
79 38 75
77 35 72
74 32 76
73 33 78
73 29 80
71 31 82
67 28 84
68 25 81
70 27 81
74 23 78
77 21 81
79 22 85
77 19 83
79 20 81
79 18 77
75 19 73
75 20 77
73 16 79
69 12 76
67 8 78
65 10 82
61 10 82
63 14 83
65 12 80
66 9 80
67 8 78
66 7 74
68 9 78
65 10 77
69 14 77
73 15 73
69 18 71
68 22 68
65 26 66
68 26 65
71 30 66
69 27 64
69 24 60
70 23 59
69 25 58
65 24 59
64 27 58
63 28 59
66 25 60
66 28 60
69 28 57
70 31 55
73 35 55
71 35 53
75 35 57
71 32 61
74 31 62
77 32 59
80 34 63
80 34 66
81 32 70
77 34 74
74 34 72
74 34 74
72 35 75
75 34 76
73 34 78
73 32 75
76 36 77
79 36 73
76 39 77
75 41 76
79 45 74
78 43 72
79 45 74
80 49 73
84 53 74
87 50 72
85 47 71
89 45 68
91 41 67
95 37 70
92 35 73
89 33 77
87 31 78
83 28 74
86 31 77
85 27 74
83 27 74
82 30 74
85 32 73
82 32 72
80 29 71
82 28 69
82 25 71
81 29 71
79 25 67
78 24 65
74 25 61
70 23 57
72 19 58
69 22 55
70 18 59
74 14 58
71 15 56
72 18 56
73 15 59
69 14 56
73 13 55
74 10 59
75 7 55
79 5 52
78 6 56
75 5 57
79 1 57
78 0 53
76 3 53
72 0 57
72 2 57
75 2 59
78 2 63
74 1 60
71 4 62
67 5 59
69 7 60
69 11 61
68 14 60
66 15 60
69 18 56
68 17 54
70 20 52
66 24 51
64 26 50
64 22 49
67 24 48
69 23 52
67 27 53
71 31 57
68 27 54
72 25 58
70 25 54
71 29 56
74 31 58
74 30 55
70 27 52
73 28 49
77 25 48
80 23 46
78 22 50
76 26 49
74 24 53
70 25 52
68 28 53
72 29 50
74 25 49
76 26 48
76 30 49
73 27 50
72 26 47
74 22 49
73 26 52
76 22 53
79 19 52
75 15 56
75 19 60
79 19 57
76 22 56
76 24 54
78 24 56
78 23 59
80 24 58
78 20 61
74 24 63
73 26 62
72 25 63
76 22 67
76 25 65
80 22 63
80 19 60
78 21 61
76 22 60
73 23 64
74 23 62
78 21 62
78 17 62
82 16 62
86 15 62
84 11 60
85 7 60
83 11 56
79 15 60
80 19 62
78 18 62
81 16 63
77 16 64
77 12 68
78 10 69
82 6 68
80 10 69
81 14 65
81 12 65
82 15 64
86 15 68
88 12 65
88 11 63
91 7 60
94 8 59
92 5 59
96 8 59
100 8 60
97 12 63
99 11 61
99 8 60
103 7 63
102 7 67
104 9 71
105 7 74
103 9 73
106 8 71
106 6 72
102 9 70
100 6 73
104 3 76
100 5 76
104 6 76
106 2 79
107 2 79
109 5 75
106 1 76
104 1 78
108 2 82
105 2 84
106 6 84
110 5 82
114 3 83
114 7 85
113 3 84
109 0 86
105 3 85
104 2 85
108 0 82
111 4 78
112 1 75
111 2 72
113 2 72
117 2 76
113 1 79
113 2 81
112 2 80
114 2 82
116 5 78
119 2 79
116 2 77
119 5 80
122 6 84
120 5 81
122 2 84
118 3 84
115 1 83
118 3 82
122 4 79
123 5 82
122 6 82
119 8 84
115 11 86
116 8 87
119 4 88
118 5 87
119 1 83
115 2 84
118 2 82
116 4 79
118 0 76
115 2 77
114 2 79
115 1 81
118 2 81
114 2 82
114 2 84
118 2 88
118 2 85
116 2 82
118 0 80
116 3 84
112 2 82
110 2 79
110 5 83
108 7 82
110 5 83
113 9 87
117 13 90
113 16 91
114 16 90
117 13 93
117 9 92
116 7 95
118 3 96
117 7 99
121 6 103
120 4 100
116 2 100
117 6 100
117 10 99
116 11 96
120 7 96
121 7 94
125 9 92
126 8 94
130 10 93
129 7 91
131 6 94
132 9 96
131 13 100
129 12 100
132 8 99
133 6 96
135 4 96
133 7 95
132 7 92
133 9 92
129 6 94
132 4 95
132 1 91
136 1 91
139 3 92
142 2 95
146 2 91
150 2 89
149 2 92
146 3 90
143 3 88
146 6 86
147 10 89
149 13 88
148 14 90
145 16 94
143 16 97
145 20 95
149 24 92
149 23 94
147 24 92
150 21 88
149 25 89
145 27 93
147 27 93
145 23 91
147 25 95
147 27 91
145 28 90
144 25 88
148 29 88
145 32 89
145 33 85
146 37 84
149 33 88
146 36 86
146 35 86
150 32 86
153 36 84
154 35 87
154 31 85
154 29 83
155 27 83
159 25 84
158 26 86
156 27 83
158 28 86
154 25 89
153 28 87
149 27 89
150 31 90
153 35 86
153 32 87
155 31 84
159 35 82
160 35 86
163 37 84
160 36 84
157 37 87
156 37 85
152 37 86
152 38 82
156 39 79
153 36 83
156 35 79
158 36 76
162 33 80
161 37 77
157 38 77
155 38 80
159 36 84
155 36 80
157 33 84
161 30 82
164 34 86
165 31 85
167 30 81
163 29 77
159 26 74
158 25 75
160 28 72
159 29 74
158 31 77
162 28 76
164 29 74
166 25 71
168 28 71
170 29 71
172 26 67
169 23 70
165 21 73
169 18 76
172 16 76
169 18 75
167 20 77
167 17 76
169 21 78
166 17 78
165 19 75
165 20 75
166 20 75
163 23 71
165 26 74
165 30 72
167 27 76
164 26 75
168 27 72
172 29 71
174 27 69
172 27 67
171 23 63
173 21 65
176 18 67
174 15 67
172 16 67
174 12 67
178 9 65
179 12 61
177 10 63
175 6 61
171 6 63
175 7 67
171 5 70
175 9 71
177 7 75
176 6 73
177 7 69
178 8 65
176 5 65
177 4 69
174 5 70
178 7 66
176 11 66
176 11 68
172 9 66
176 12 67
176 12 63
177 16 64
181 12 62
181 8 62
178 11 66
180 13 68
181 11 67
183 9 63
186 10 65
183 9 66
181 6 65
179 9 65
181 13 69
182 14 69
183 15 65
186 13 65
188 10 65
185 8 64
182 12 68
180 14 65
179 16 62
182 12 61
186 15 58
189 18 60
193 14 57
189 12 56
187 11 53
190 11 49
188 15 51
186 18 50
187 14 51
191 17 49
192 15 49
191 16 50
188 20 47
191 22 50
187 22 54
187 26 51
190 26 52
188 24 54
187 20 53
191 18 57
189 16 58
189 19 61
191 23 60
189 24 58
186 22 62
190 22 63
188 25 60
191 27 63
189 26 61
193 29 60
194 28 61
192 26 60
190 27 64
187 28 68
190 29 70
188 31 74
184 33 75
186 36 76
188 37 72
190 40 75
186 36 77
184 35 73
186 39 76
190 35 78
190 34 78
188 37 75
186 34 77
188 31 76
191 29 76
190 33 73
191 32 71
190 31 70
193 27 74
194 31 70
195 30 67
191 31 69
194 35 65
195 38 65
194 34 64
198 36 63
199 32 59
203 28 55
201 29 51
204 25 53
203 28 57
204 30 56
202 34 52
204 30 50
205 27 47
207 31 50
210 27 49
208 30 51
205 26 53
204 26 49
201 23 45
204 21 45
201 19 45
201 15 44
205 16 47
209 17 48
210 14 50
210 17 49
207 18 49
203 21 53
201 25 49
203 28 53
207 28 51
209 31 50
211 29 48
212 29 51
215 26 47
211 26 43
211 30 41
207 34 38
210 33 37
212 31 40
215 30 43
217 28 44
217 29 48
213 31 52
213 31 51
213 27 51
216 31 48
220 30 52
219 27 54
216 27 56
215 31 60
212 31 63
214 27 64
217 27 63
217 23 59
215 23 63
217 27 65
219 29 61
216 31 63
220 28 65
224 32 67
226 36 71
224 32 68
220 31 65
216 32 69
213 30 68
209 29 66
211 33 63
213 36 65
211 36 69
213 35 69
212 33 68
213 35 66
212 32 65
209 28 61
207 26 58
204 23 56
208 26 59
212 27 55
211 29 52
210 25 49
208 21 51
206 18 49
205 19 45
206 17 43
207 19 41
206 23 44
205 24 43
208 21 39
205 17 43
201 20 40
199 20 42
195 22 39
191 22 37
195 19 35
191 15 39
191 19 39
192 16 38
196 19 41
193 19 39
189 20 42
188 23 38
191 21 40
190 18 40
190 16 39
187 20 37
184 19 37
183 17 39
182 20 38
181 23 41
181 21 42
185 19 42
181 20 44
184 18 41
187 18 38
183 19 41
186 23 40
186 27 44
184 28 41
188 31 40
184 29 40
186 29 36
182 26 32
186 23 32
190 20 31
192 18 33
194 15 35
191 14 35
190 17 34
193 15 31
189 12 27
191 14 30
193 18 26
191 21 30
194 23 27
193 23 27
195 23 31
199 26 35
202 26 33
200 30 32
203 30 30
207 29 26
206 27 30
209 29 27
211 33 23
215 29 26
213 25 29
217 27 29
220 28 28
219 31 29
221 33 30
219 35 31
223 33 30
219 35 31
222 35 35
224 33 32
227 36 30
231 35 32
232 36 33
230 38 36
227 38 36
230 34 32
226 32 29
226 29 31
226 26 34
225 25 35
222 27 31
218 26 33
222 22 34
219 23 38
219 24 42
217 24 42
220 22 39
220 26 35
221 23 32
219 27 35
223 24 37
223 20 40
224 22 38
226 20 38
224 24 42
227 27 38
226 30 37
224 28 37
220 27 33
222 28 32
223 27 31
219 28 29
220 29 29
223 27 27
224 31 29
221 35 25
225 33 22
221 36 19
217 37 15
221 34 14
218 34 12
221 35 9
225 37 11
224 37 11
222 38 11
226 40 11
222 36 13
221 37 15
225 37 16
228 35 12
231 34 10
228 36 7
226 39 9
229 36 7
231 32 8
230 29 6
233 28 4
231 32 1
230 29 5
229 33 5
229 32 8
231 33 10
232 30 8
233 32 12
232 30 16
228 31 16
230 34 14
227 33 15
224 30 19
226 34 21
223 32 23
225 33 26
221 35 25
225 37 29
226 37 33
223 38 33
223 41 31
223 38 34
225 42 34
222 42 32
225 44 29
221 40 31
220 38 31
222 40 34
222 38 34
219 38 37
216 35 41
218 35 42
215 35 38
213 36 37
209 34 40
205 33 36
206 29 38
210 33 39
206 34 42
202 38 41
205 39 37
202 37 40
199 33 39
203 34 41
207 38 44
204 36 48
208 35 48
209 35 52
205 34 48
208 34 45
212 37 45
209 34 46
206 35 49
205 34 46
202 35 45
205 38 49
205 37 51
208 34 50
208 35 53
205 37 51
201 41 55
202 39 55
199 41 54
196 45 56
193 48 56
193 44 54
194 42 54
196 38 56
199 42 55
197 38 57
196 36 61
199 33 62
197 35 61
198 39 64
201 35 62
204 36 65
202 39 65
198 41 65
196 38 69
199 41 70
197 43 72
194 40 68
198 43 70
199 44 73
200 44 69
200 42 67
199 42 64
199 40 66
202 43 62
201 42 59
205 40 56
204 36 56
202 39 54
199 35 53
199 31 51
202 28 54
202 30 57
198 32 53
202 35 54
199 31 57
198 31 58
200 33 61
197 34 63
201 32 59
205 33 63
209 31 66
207 27 66
209 24 65
212 26 62
212 30 60
214 31 57
211 31 56
212 28 54
210 25 50
206 23 53
210 24 54
207 21 50
211 25 51
215 29 49
217 28 45
215 27 43
219 27 42
219 23 39
215 26 35
217 23 35
213 27 31
212 28 28
210 30 26
208 34 28
209 34 29
212 36 29
210 34 28
210 34 25
206 30 28
207 29 26
205 33 22
209 30 23
205 33 24
204 33 24
208 32 24
207 33 20
206 35 20
206 37 23
206 38 23
208 41 23
205 37 22
207 38 23
207 38 24
203 42 20
204 44 18
203 41 16
201 44 12
199 46 13
195 50 11
191 50 13
191 47 13
187 51 9
186 48 12
183 51 12
184 51 14
181 53 16
177 54 20
180 58 21
183 60 22
182 63 26
180 67 29
177 70 28
175 72 30
177 73 31
175 76 32
175 77 32
175 74 34
178 70 38
174 69 41
170 68 37
167 65 35
167 66 31
164 69 28
167 72 30
167 72 27
169 74 25
168 71 25
170 68 27
171 71 29
175 74 25
179 76 22
180 76 26
178 80 22
179 81 21
176 77 24
175 78 22
179 81 18
179 81 21
179 78 24
183 79 22
180 82 22
182 81 19
179 78 15
177 77 18
178 81 21
176 84 23
172 85 23
173 83 24
174 80 20
174 81 20
178 83 16
182 82 14
179 84 16
176 83 16
176 87 19
173 87 22
171 83 25
170 84 28
173 85 30
173 88 26
171 85 30
170 84 28
168 82 26
169 85 26
166 84 23
170 82 21
173 79 20
176 82 22
176 82 21
174 80 23
170 83 20
170 87 23
172 88 22
168 84 21
169 80 19
172 81 23
171 77 24
173 78 25
170 78 26
173 76 30
177 75 33
176 79 34
173 79 36
176 78 32
179 74 31
177 75 29
178 79 25
181 82 27
178 81 29
180 79 30
181 77 33
177 77 32
179 80 33
176 81 37
173 79 40
175 77 44
174 76 44
175 75 43
177 74 39
177 78 37
176 80 40
176 82 38
180 78 41
181 77 44
179 77 46
176 73 45
177 69 47
173 69 49
176 68 48
172 66 51
168 65 52
164 65 56
161 61 58
164 60 59
164 59 58
162 60 61
166 56 65
164 53 66
162 49 68
159 45 67
156 47 69
158 49 65
155 52 65
156 51 61
153 55 63
155 51 64
154 55 62
152 56 58
149 59 58
153 60 57
149 57 54
146 57 52
148 54 50
152 52 53
149 49 49
146 51 51
143 47 48
146 47 51
142 43 55
140 46 55
143 49 53
140 46 54
139 46 50
142 45 49
145 45 49
148 48 46
147 51 43
148 47 42
145 48 42
142 48 45
143 46 45
143 46 49
147 48 46
147 52 48
150 56 52
152 58 52
151 56 56
154 55 53
157 55 57
155 52 61
156 49 61
160 50 62
162 48 60
159 52 58
157 54 58
155 58 54
152 59 50
156 58 52
156 57 50
155 55 48
154 59 50
155 60 47
151 60 51
154 60 53
156 58 50
157 54 50
157 58 49
159 55 47
162 59 45
163 55 43
159 54 44
162 58 43
161 54 39
161 55 41
157 54 39
154 53 42
155 54 38
151 52 40
148 52 41
149 54 39
153 57 40
150 60 40
147 60 36
150 63 36
148 61 33
151 65 29
148 61 32
152 63 35
150 67 31
154 65 32
154 64 36
157 63 33
155 66 31
155 63 29
154 64 25
155 66 29
152 63 31
150 67 29
151 69 30
155 72 26
153 69 29
152 72 27
156 68 24
153 67 23
154 70 23
153 69 23
156 71 22
153 75 19
154 77 21
150 80 17
148 76 17
149 73 18
147 77 16
150 74 14
153 73 18
151 73 20
153 72 16
152 73 15
151 77 14
154 75 17
155 73 19
159 72 16
158 74 19
159 78 18
160 80 17
162 78 13
165 74 15
161 74 11
162 76 10
166 78 7
163 79 6
163 76 4
159 78 8
156 82 12
153 83 10
152 79 13
148 76 15
149 74 17
145 78 20
146 79 23
150 75 24
148 79 25
145 82 27
147 81 25
149 84 22
150 84 23
151 83 27
149 82 31
153 84 32
155 85 28
151 86 29
155 86 31
152 86 27
156 88 30
153 90 28
151 90 32
154 90 28
152 86 29
154 86 31
150 89 33
151 85 33
149 87 33
153 84 34
153 85 34
151 82 35
149 82 31
149 80 29
147 79 25
143 76 25
143 76 22
141 77 26
137 79 23
141 79 27
137 83 24
136 83 26
132 85 29
130 87 31
130 91 27
134 89 23
131 93 26
134 93 28
138 97 30
140 101 33
138 102 29
134 98 28
137 101 31
138 104 28
137 108 26
137 108 27
139 111 27
137 109 28
138 109 29
137 112 28
136 111 31
140 113 28
143 112 25
141 116 27
145 119 24
143 118 20
145 116 23
143 119 25
145 121 24
149 121 28
149 125 32
148 124 35
145 124 31
149 126 28
151 126 24
155 123 22
156 122 18
155 123 15
159 123 15
160 122 17
158 122 16
158 125 16
157 126 17
157 125 15
158 129 13
156 128 11
159 127 14
161 124 12
162 124 10
164 121 7
160 120 5
163 118 9
165 118 11
162 117 9
166 113 11
163 115 10
167 115 11
163 114 9
166 117 6
163 119 5
160 117 3
160 119 4
161 116 5
163 117 2
164 116 2
162 114 3
166 111 7
163 111 6
167 111 5
170 110 2
174 112 1
175 115 3
178 119 0
182 120 2
180 121 1
181 121 5
183 118 6
187 120 2
183 121 2
180 124 5
182 128 9
183 124 5
183 122 5
184 125 9
187 126 9
185 129 7
186 130 6
186 134 2
185 137 0
188 140 1
187 144 4
183 142 6
186 142 8
184 141 12
184 144 9
186 145 7
186 141 11
188 137 10
190 141 14
191 140 15
192 139 18
196 138 17
200 141 21
198 142 19
201 138 20
197 136 22
201 139 23
205 135 24
206 132 22
202 133 21
200 135 22
200 132 25
197 132 25
201 136 24
204 137 26
201 137 22
200 136 24
204 140 24
203 138 21
205 139 21
201 142 21
199 146 23
195 145 22
199 141 20
199 139 22
203 136 25
206 138 26
202 139 22
200 139 19
196 137 16
195 141 13
196 138 16
196 137 20
197 140 19
201 139 18
203 137 16
203 134 19
205 134 23
208 132 21
207 130 17
204 129 19
202 131 19
199 135 23
199 137 22
201 135 21
200 136 18
201 136 21
203 138 24
207 142 24
205 144 20
201 142 16
204 142 13
202 139 15
206 143 12
209 140 9
213 142 13
210 142 14
206 141 17
202 142 17
202 146 13
204 146 13
204 144 11
205 142 9
208 143 8
209 145 8
208 142 9
204 143 13
204 147 13
206 147 17
202 149 20
198 145 19
199 143 17
196 140 13
196 141 16
195 139 20
192 136 18
188 137 19
186 136 21
183 139 19
180 139 20
183 142 20
179 138 23
183 141 25
181 144 26
178 140 27
175 138 31
173 137 31
177 140 28
181 137 30
180 137 26
177 138 22
178 140 24
176 144 28
175 144 30
175 141 26
171 143 22
171 146 18
167 150 16
171 153 20
175 155 19
178 153 17
174 150 19
173 151 15
171 154 19
168 154 17
172 157 16
173 156 13
171 156 9
167 160 6
171 162 9
167 159 8
170 160 10
167 161 9
168 158 6
172 159 4
175 160 4
177 162 0
176 160 2
172 161 6
174 161 3
177 159 0
173 159 4
172 162 2
170 164 2
168 168 2
165 165 0
161 161 2
161 165 2
162 168 6
162 171 5
158 175 2
162 175 2
166 177 2
162 175 1
165 176 0
167 175 2
163 176 1
160 172 0
158 172 1
158 176 0
156 180 2
155 178 2
157 179 4
154 179 1
155 181 2
154 183 1
150 185 1
146 187 2
148 188 1
148 186 2
147 183 4
148 181 1
144 184 2
143 186 3
141 187 5
140 188 3
138 186 0
141 189 2
141 193 0
139 196 2
141 199 6
139 198 9
136 194 7
134 192 10
136 189 6
138 186 6
138 183 5
136 185 4
132 184 6
134 182 4
137 184 3
141 183 7
145 181 6
141 185 8
140 189 7
136 186 8
139 185 9
136 183 10
138 185 6
137 185 5
141 184 1
140 185 2
142 184 5
139 184 5
137 186 6
133 187 7
129 188 9
127 185 6
123 181 9
123 177 7
121 176 11
123 176 8
120 173 8
117 174 4
116 173 5
114 175 3
118 174 0
117 177 0
118 178 4
116 175 2
114 176 2
116 173 2
116 174 6
112 178 8
114 176 11
110 175 11
113 172 15
114 170 11
111 168 8
110 172 5
111 168 5
115 167 2
119 169 2
123 173 1
119 169 2
121 168 2
124 171 2
121 168 0
119 164 4
122 164 7
124 160 11
120 163 7
122 166 6
125 168 5
125 170 1
127 171 0
123 173 0
127 172 4
125 168 0
127 167 4
130 171 8
129 167 12
125 166 9
129 163 8
127 164 5
127 162 4
130 162 7
133 163 10
131 165 9
128 167 9
131 171 5
135 171 8
137 167 5
141 167 3
139 170 5
135 166 6
139 169 2
136 167 2
136 164 2
137 164 6
141 165 9
143 163 13
141 160 12
143 161 15
146 165 17
150 166 20
153 166 23
154 170 24
156 168 23
157 169 20
159 165 23
158 164 25
158 168 21
157 172 20
153 172 20
153 169 17
149 173 18
145 173 20
142 174 22
140 177 26
143 175 23
141 176 26
137 176 26
141 176 24
144 180 24
141 181 23
143 182 22
139 185 25
143 183 26
146 183 24
145 182 28
149 182 26
151 178 30
148 181 29
152 177 25
150 173 29
147 177 30
146 174 30
150 175 34
154 176 33
153 178 37
152 179 37
149 175 37
149 178 39
151 177 40
150 179 41
146 177 41
150 179 44
147 180 41
144 184 43
146 186 39
147 187 37
149 187 35
152 183 32
152 187 33
154 191 33
156 194 29
152 190 28
153 192 24
153 192 22
150 191 21
150 193 17
152 193 20
149 196 22
151 198 21
147 201 24
150 204 21
151 207 17
147 210 13
146 206 12
147 204 14
147 207 12
143 205 9
145 204 10
142 204 8
140 202 12
136 199 11
132 200 14
130 200 13
130 201 13
134 205 9
130 203 6
128 207 9
125 206 5
128 206 6
129 206 5
133 208 7
129 212 6
126 212 8
129 209 6
128 207 4
131 210 6
130 213 5
131 214 4
129 210 2
128 209 1
130 209 1
126 207 2
127 210 5
123 208 8
120 204 7
117 201 11
117 199 10
118 201 12
116 198 9
112 196 8
110 197 10
109 195 6
109 192 10
113 189 9
110 192 6
113 192 7
117 194 9
120 190 9
122 190 8
125 191 11
129 187 11
128 184 12
126 182 10
128 182 8
125 186 12
127 183 13
123 181 17
126 177 18
129 173 17
132 174 18
130 178 20
128 181 21
125 178 23
126 180 24
128 177 25
124 177 23
127 176 25
127 177 27
131 174 23
134 170 26
133 170 23
132 169 26
135 167 26
136 169 29
135 173 33
133 170 32
136 172 33
132 172 30
128 168 26
124 164 29
128 165 26
125 168 25
123 166 28
120 166 32
124 167 31
124 166 28
122 162 29
125 161 28
128 157 28
130 158 26
129 157 29
127 156 30
127 159 28
125 160 26
125 160 29
127 158 33
131 157 30
131 157 33
128 161 37
130 160 33
128 159 37
130 161 41
133 164 42
130 165 45
130 161 41
132 159 39
134 160 37
130 157 36
128 155 38
126 152 38
122 155 38
118 154 36
119 150 34
116 146 30
116 142 30
114 141 30
111 144 27
114 141 23
113 139 20
115 142 20
119 140 22
119 136 25
115 132 23
115 130 22
111 133 23
114 131 27
110 130 23
114 134 26
117 136 29
113 134 29
110 136 27
108 135 27
111 133 27
113 133 27
109 133 30
105 133 32
109 137 36
106 133 36
107 129 32
106 132 36
104 129 34
100 125 30
97 126 32
98 123 34
99 125 37
98 129 34
102 125 35
104 124 31
107 124 29
109 124 25
110 122 22
114 120 20
115 124 23
113 125 23
116 129 23
113 133 23
115 133 24
115 130 25
111 133 25
110 130 23
113 131 24
110 135 24
108 139 20
106 137 23
110 138 23
109 134 21
110 134 18
112 138 22
111 141 22
115 145 19
111 148 19
113 151 18
113 151 16
110 153 13
109 151 9
105 148 8
104 149 11
104 147 15
108 148 12
108 149 11
106 147 13
109 149 16
108 146 15
110 149 19
112 146 23
112 143 19
110 140 18
113 140 16
113 136 19
109 134 22
110 134 25
108 136 24
112 139 28
111 136 27
112 134 24
112 134 22
110 134 19
106 133 18
106 129 18
108 130 17
107 131 21
103 135 19
106 137 18
103 134 17
103 132 18
102 129 21
100 127 22
101 128 22
101 132 26
97 129 23
98 129 19
100 126 17
100 130 19
97 133 22
101 133 23
101 135 25
103 134 28
106 130 24
105 129 22
105 127 23
102 129 20
105 130 19
102 128 19
98 126 21
95 126 25
98 122 25
102 126 24
102 126 28
101 123 28
100 127 32
100 126 28
104 130 32
107 130 33
106 134 30
106 138 34
104 142 33
106 144 30
102 143 28
101 140 31
99 143 27
96 142 25
98 142 27
94 145 28
95 142 26
91 138 27
93 135 29
92 131 29
91 127 29
93 131 27
89 128 25
91 127 29
95 129 27
91 130 29
91 132 33
90 133 33
86 129 29
89 130 28
85 129 31
88 127 32
91 124 35
95 126 38
98 129 38
100 129 42
101 132 45
102 135 45
102 137 44
103 137 46
101 141 50
98 140 46
95 139 49
99 143 53
100 144 56
96 140 60
92 141 63
90 145 67
92 142 71
90 142 69
86 138 70
84 136 68
86 134 68
83 132 69
86 135 68
87 133 68
88 135 71
89 131 68
88 127 65
91 126 65
89 125 61
85 129 60
88 126 56
91 123 55
89 122 53
87 120 56
88 122 57
88 125 61
90 127 58
92 123 55
91 127 57
87 126 55
91 123 55
88 123 54
91 123 51
87 122 54
88 124 51
90 121 55
92 121 57
96 117 56
97 118 52
94 120 54
92 116 54
90 116 55
90 117 58
88 116 54
91 112 52
93 112 53
90 110 51
93 106 51
94 106 51
95 109 50
98 107 46
95 103 42
95 100 44
97 101 43
98 99 41
95 103 39
92 100 36
91 98 39
88 99 41
91 101 41
94 104 37
94 105 38
93 107 42
97 110 43
101 109 43
100 108 45
100 110 44
99 111 45
96 115 43
97 111 40
96 108 39
94 107 39
98 106 35
96 104 34
95 108 32
94 112 34
96 115 34
100 118 38
101 119 41
97 117 38
98 120 42
101 121 41
103 123 43
105 122 42
104 126 46
102 125 44
99 122 45
97 122 46
97 123 46
99 120 42
99 117 38
103 118 38
105 116 37
102 115 34
102 116 33
101 117 31
101 121 31
97 117 29
100 115 26
104 111 30
103 111 31
100 114 30
101 111 33
100 111 32
101 112 29
105 110 25
108 113 25
108 111 22
107 111 25
108 107 24
105 107 26
106 107 25
109 108 27
107 112 28
105 112 32
103 110 35
100 114 35
102 112 32
106 113 34
107 113 37
109 111 33
113 114 34
109 112 31
105 116 29
108 112 27
104 113 25
104 115 28
102 119 29
106 123 26
105 123 25
108 119 29
106 121 26
102 125 25
101 123 24
102 125 20
101 123 22
100 121 18
103 118 15
99 120 14
100 118 10
97 118 7
99 121 7
98 120 4
96 121 4
99 122 4
99 123 3
97 124 2
97 120 0
101 121 3
99 121 1
97 125 4
96 125 4
93 126 0
90 122 4
90 120 3
88 120 6
84 118 2
81 118 3
85 122 7
82 125 8
78 124 8
78 122 7
77 121 8
78 118 10
80 122 6
79 126 2
82 127 3
80 130 1
83 128 1
84 126 2
81 122 0
78 120 2
81 123 4
79 124 8
77 122 8
80 124 4
77 126 3
74 128 2
75 128 6
79 131 2
81 131 1
81 129 2
77 127 6
80 123 6
79 121 9
78 124 11
77 124 8
77 125 10
73 122 7
69 126 8
66 127 5
70 130 9
70 132 10
72 135 8
74 133 7
72 133 10
74 136 9
72 140 13
76 144 9
73 141 5
76 139 3
76 138 4
72 139 3
71 139 5
72 142 2
70 144 1
71 141 3
68 137 4
69 136 1
70 133 2
68 133 3
71 136 7
67 132 9
64 133 12
66 131 11
62 134 10
59 133 6
62 134 4
59 137 7
55 138 9
54 134 12
52 135 13
49 137 11
48 139 7
52 143 3
53 147 2
57 150 2
59 148 6
55 149 10
56 146 13
56 148 17
52 146 15
54 145 15
58 144 14
61 144 15
57 146 12
53 146 13
57 147 17
61 144 20
64 141 24
61 140 24
58 144 26
55 143 29
55 141 26
57 145 22
60 149 20
58 152 21
62 151 22
66 155 20
65 151 21
67 155 18
65 158 22
61 162 26
61 159 26
62 163 24
64 165 23
68 161 20
67 159 18
69 155 15
71 155 13
73 158 12
74 159 13
77 161 13
81 163 13
85 164 9
83 166 5
85 164 7
85 164 6
89 166 6
86 167 6
86 167 10
87 168 13
87 165 17
83 165 13
81 165 16
77 168 14
80 164 18
82 166 19
78 170 16
76 167 16
78 169 15
80 169 19
82 166 21
81 166 21
77 169 23
73 171 25
77 169 22
81 173 19
79 172 19
83 168 16
80 172 13
84 173 15
82 173 15
82 169 13
82 167 11
86 165 7
84 166 8
81 167 10
85 167 10
88 164 6
89 163 4
87 165 4
86 161 1
90 157 2
87 161 2
85 165 2
81 164 0
81 166 2
81 167 5
84 165 4
87 162 5
86 164 9
88 167 10
85 167 6
82 168 5
79 169 2
80 167 5
84 166 2
88 163 2
90 162 2
90 165 4
92 166 7
94 167 5
93 165 7
96 169 7
92 172 6
90 175 10
87 171 10
83 171 11
81 168 14
84 168 17
87 165 15
89 166 16
87 170 18
90 169 21
87 171 19
84 171 21
87 172 25
86 174 27
87 172 30
85 176 26
87 177 24
85 176 24
88 180 22
91 179 25
95 182 23
91 178 21
92 177 17
90 175 21
88 174 25
87 172 21
88 174 24
87 173 22
84 174 18
81 176 18
81 178 21
83 180 22
83 183 22
85 184 21
87 184 20
87 186 22
90 182 22
87 184 19
90 186 15
94 190 18
97 192 19
97 195 17
97 191 17
98 191 21
95 191 23
97 187 22
95 188 26
96 187 23
96 184 20
100 180 18
98 179 14
98 183 11
96 182 11
93 180 8
89 179 7
85 176 6
86 177 8
84 181 5
85 180 4
83 182 2
79 186 1
83 185 1
87 185 2
89 183 2
86 181 6
83 183 4
79 186 0
82 184 0
80 185 2
81 187 2
81 186 3
80 183 6
81 185 6
82 181 9
81 184 11
84 187 9
87 183 10
85 179 14
83 177 11
80 175 7
84 172 4
83 170 1
87 171 3
88 167 1
86 169 3
85 173 5
86 177 1
87 180 1
83 181 3
87 185 1
87 185 2
87 187 2
89 185 0
89 183 2
93 185 2
96 188 1
94 185 2
94 186 2
93 185 1
91 184 2
89 187 2
92 189 2
95 188 5
91 188 5
89 191 3
85 194 2
86 196 5
87 198 8
90 200 6
87 198 5
90 197 9
86 196 5
82 195 5
78 197 7
80 195 7
84 197 11
87 193 11
88 195 12
89 196 10
93 194 13
89 196 10
92 199 9
93 195 12
95 193 13
98 192 10
97 192 12
101 196 8
105 199 11
102 195 15
99 191 12
99 190 9
97 188 5
93 185 3
90 184 7
89 182 5
88 179 3
89 179 7
92 176 9
88 180 8
85 176 8
85 176 5
87 176 9
89 178 5
91 181 6
87 177 7
83 179 10
80 176 8
82 175 11
86 175 9
83 174 8
85 175 8
82 179 12
85 175 12
84 177 11
81 178 10
84 176 9
84 175 9
84 174 13
87 175 15
83 176 17
82 177 16
85 174 13
87 174 14
89 177 14
85 180 15
82 179 18
86 183 16
83 185 12
85 185 13
89 186 11
88 184 12
91 183 15
93 185 14
96 188 10
92 188 11
88 187 7
89 189 9
90 187 6
88 188 4
92 184 8
94 187 12
91 191 12
87 194 10
88 190 8
91 191 12
91 190 16
91 194 19
93 194 15
92 193 13
94 193 10
91 193 13
89 192 15
86 194 15
87 194 17
84 193 13
87 190 15
87 187 13
88 187 11
85 189 15
85 187 19
89 185 23
88 185 19
89 188 17
93 190 15
97 194 18
97 197 17
94 194 19
92 195 23
94 195 19
92 194 21
96 198 24
99 194 20
100 191 18
98 194 17
102 191 17
102 191 18
100 187 21
103 184 23
100 182 21
100 182 24
100 180 27
102 176 25
99 179 25
103 178 27
106 177 31
103 173 28
103 171 24
102 171 22
98 172 18
99 170 22
96 174 26
93 171 25
90 174 22
88 178 24
88 179 23
84 182 27
80 179 26
78 183 26
82 179 30
83 183 33
86 183 37
90 187 39
87 188 37
85 190 38
86 190 42
89 189 41
87 192 41
84 194 42
82 196 43
80 197 43
81 194 46
80 198 50
78 201 54
80 201 51
80 197 54
77 193 50
73 192 52
73 192 54
73 194 54
69 191 57
68 190 61
70 193 65
66 193 62
65 192 65
64 188 67
60 186 66
56 188 67
59 188 71
61 186 74
62 186 72
58 186 76
55 184 73
55 188 72
51 186 69
49 187 67
51 183 63
50 185 65
49 182 63
45 180 60
41 180 58
38 183 55
39 182 57
38 182 60
39 186 57
41 182 53
43 180 53
42 179 50
39 177 50
38 174 49
42 174 47
39 178 47
38 182 43
38 186 42
37 187 45
35 185 49
36 187 46
34 189 49
34 193 48
30 195 50
29 195 47
27 194 43
26 197 42
24 195 40
24 192 43
20 192 42
23 195 43
22 198 43
21 202 47
23 202 44
21 201 47
20 197 50
17 195 49
19 194 48
20 193 46
16 192 47
12 191 44
12 189 43
13 191 41
15 193 45
16 190 47
12 189 44
16 188 40
20 192 41
18 188 44
18 187 45
20 190 49
21 190 53
17 190 56
14 188 53
12 188 57
12 192 55
13 194 58
14 191 55
16 192 51
15 195 54
13 199 57
9 202 60
12 203 64
16 207 68
18 207 67
20 203 69
18 200 70
21 204 69
23 206 66
27 208 62
24 205 65
26 204 65
25 208 68
26 208 71
26 208 71
29 207 70
26 211 74
25 215 71
25 213 74
24 216 74
26 216 71
22 213 75
23 215 77
23 217 73
25 219 69
24 215 72
23 213 68
23 209 72
27 209 74
28 210 70
32 207 70
30 208 73
30 208 73
30 207 70
26 206 71
23 210 70
20 207 67
23 206 67
27 205 68
27 202 69
29 199 69
29 202 69
33 202 72
32 200 68
29 203 67
31 199 64
34 195 66
38 198 63
39 195 61
35 198 60
32 198 57
36 199 56
39 198 57
42 200 58
38 201 61
41 203 57
42 206 61
45 202 61
43 198 57
44 194 53
48 197 56
45 194 52
44 195 53
45 195 54
48 195 57
46 193 55
42 193 54
43 193 53
47 194 50
49 195 51
45 192 50
42 193 48
46 195 49
45 194 52
41 195 51
40 195 52
38 193 50
38 192 47
36 188 48
32 186 48
33 187 47
36 188 50
37 184 47
37 188 44
41 190 42
43 189 45
40 187 42
40 184 39
37 186 37
38 183 39
40 185 40
37 183 43
40 185 42
43 184 44
42 186 46
38 185 48
36 188 47
37 188 44
40 189 44
44 190 41
40 189 39
37 187 43
33 185 45
29 182 45
31 184 45
34 181 44
34 185 48
36 187 45
40 191 48
42 195 46
41 195 42
37 191 40
38 189 38
38 189 35
37 185 31
37 189 28
38 189 24
36 189 28
35 188 31
31 192 33
30 192 34
34 190 37
38 186 35
37 187 38
35 189 34
37 191 35
40 190 32
43 194 33
42 196 30
39 193 26
36 189 25
35 186 23
37 184 22
38 185 19
37 185 17
36 188 20
37 187 22
40 189 21
40 187 24
43 186 22
46 182 19
47 178 17
47 181 14
48 185 16
44 186 13
43 189 11
42 191 8
45 191 4
45 193 7
48 194 3
52 194 3
50 197 3
52 201 3
54 204 1
53 201 2
57 204 2
54 200 4
56 202 3
52 203 7
48 202 6
47 202 2
47 198 4
51 199 3
52 200 7
51 201 9
51 202 5
49 201 7
48 198 5
50 199 3
49 202 6
47 202 9
46 204 9
42 204 7
40 202 9
42 206 11
40 208 9
37 208 9
33 205 6
33 204 5
30 202 2
28 206 6
31 207 5
34 206 3
33 210 0
31 212 3
31 212 2
30 215 6
31 214 3
31 212 6
33 216 6
37 214 5
38 212 8
37 216 9
35 212 10
31 210 11
34 206 7
37 208 8
40 209 6
44 205 5
42 204 3
38 206 0
40 210 3
37 212 6
41 208 3
40 208 5
40 212 4
40 215 5
36 215 5
34 213 1
33 216 2
37 219 0
33 220 0
30 224 2
26 223 3
27 220 2
31 216 0
29 215 2
31 211 2
34 208 2
31 210 1
32 208 2
33 211 5
30 211 2
26 212 0
25 212 2
25 210 1
25 206 4
22 204 6
23 200 2
21 197 3
18 198 0
20 197 2
23 197 4
22 200 5
25 197 3
26 196 3
24 196 4
25 197 7
22 193 4
26 194 7
25 197 3
27 196 0
27 193 3
26 194 3
22 192 3
22 191 7
20 195 11
19 194 8
19 196 7
19 194 7
21 195 5
23 195 2
26 195 5
23 196 8
23 195 11
22 194 8
23 196 12
19 197 14
17 201 11
13 199 9
15 203 6
13 200 2
17 204 5
19 200 9
18 202 8
20 201 5
17 201 3
17 204 4
13 205 6
15 209 10
18 212 9
22 215 6
20 218 2
19 215 2
16 213 2
12 212 2
14 214 0
10 212 2
10 216 3
14 212 4
18 216 6
19 220 10
17 218 14
13 222 12
17 222 10
17 226 9
13 228 12
14 228 14
16 227 11
18 229 15
16 226 15
13 225 11
17 223 12
20 219 16
21 220 19
17 222 20
18 225 23
14 226 23
11 228 26
10 229 24
8 231 20
6 228 20
9 230 16
6 226 16
5 225 17
7 229 20
7 233 16
3 229 16
0 230 17
2 231 19
1 228 20
2 229 17
2 226 20
1 224 18
3 221 18
6 224 15
2 225 12
3 222 14
2 218 17
6 216 15
3 213 17
5 209 16
7 205 15
8 207 16
10 208 17
12 208 13
10 204 12
12 200 14
8 204 18
5 203 20
6 206 20
2 203 18
2 199 16
5 197 17
5 198 17
2 199 13
0 200 15
3 202 16
7 204 13
8 204 13
7 203 10
4 206 9
7 205 5
7 207 2
3 209 4
2 208 8
0 210 8
2 207 8
2 204 4
2 204 7
2 201 5
6 197 4
9 194 1
13 192 2
15 192 1
11 195 0
13 194 2
9 192 3
7 191 7
7 187 5
3 191 3
7 193 5
8 190 5
10 192 6
6 188 5
2 190 7
2 193 8
4 193 9
2 190 12
2 193 11
0 196 14
2 200 12
2 199 9
0 196 13
2 193 10
3 192 11
4 191 12
7 190 14
10 193 15
14 197 11
17 200 9
17 201 12
14 201 10
15 204 6
17 200 8
14 198 10
16 201 11
12 204 13
12 205 12
8 203 8
4 204 12
3 202 12
0 202 15
2 198 14
0 201 11
2 202 15
5 201 15
8 198 17
6 202 20
7 199 23
7 201 25
6 202 26
9 200 30
10 198 30
10 199 26
11 203 28
15 200 27
12 203 31
12 199 27
12 195 26
9 195 23
13 198 24
11 197 25
15 195 25
19 193 27
19 190 27
22 193 31
23 192 35
19 192 34
16 191 35
16 188 34
19 187 31
16 185 30
16 185 29
17 187 33
15 187 33
14 183 29
14 181 29
17 185 33
16 183 35
20 184 36
20 180 39
23 176 39
22 177 41
25 175 39
24 178 36
22 182 37
26 185 41
25 181 42
26 180 42
22 181 41
26 184 38
28 180 40
31 177 39
35 180 43
31 177 39
27 175 41
24 177 38
22 173 41
18 175 38
22 174 37
24 176 37
22 173 39
23 170 40
20 171 43
16 168 39
15 172 41
18 175 41
14 175 43
16 171 42
14 169 40
18 169 37
15 172 34
12 174 38
14 176 40
15 176 43
17 179 43
16 178 44
13 182 40
17 178 37
21 178 36
22 179 40
20 179 38
21 181 39
24 181 43
23 177 40
21 174 39
18 175 38
19 174 40
15 175 41
15 174 42
15 175 45
11 176 43
8 176 41
12 180 38
9 178 36
5 181 38
4 183 38
4 182 40
1 179 38
3 177 36
7 180 37
9 183 34
5 179 38
6 180 38
2 178 37
1 176 36
2 177 33
0 179 32
2 177 34
1 178 38
2 174 42
0 172 39
2 170 38
5 172 36
8 176 38
9 172 42
9 171 42
5 170 44
6 168 44
10 168 48
9 169 50
10 172 50
8 174 54
6 170 53
7 173 49
11 172 47
13 169 43
12 171 45
14 169 44
15 168 44
13 165 41
16 169 43
16 165 40
15 166 38
11 164 40
12 162 38
12 158 39
10 158 43
14 162 45
16 160 47
13 160 47
10 157 48
14 157 49
15 157 50
16 155 49
20 152 49
22 151 46
21 147 44
19 143 40
17 146 41
17 142 45
20 141 47
16 138 46
15 134 49
