45 53 48
49 49 45
46 45 43
49 44 40
53 44 43
57 42 43
59 41 44
59 43 46
63 47 48
60 43 51
63 44 49
67 44 47
70 44 46
67 43 50
67 47 53
70 48 49
68 48 52
71 47 52
75 43 55
72 42 54
76 41 51
75 37 51
72 34 50
68 30 47
70 26 47
68 26 47
65 26 45
69 24 42
72 21 46
73 17 46
73 21 46
75 17 46
78 17 50
81 13 50
83 16 53
85 20 50
83 22 48
86 19 44
84 19 44
80 20 48
83 18 48
79 20 45
76 22 48
77 24 46
75 22 50
78 25 46
82 23 45
84 24 47
82 21 50
86 21 46
82 24 47
78 25 51
75 29 55
78 27 53
78 29 55
80 29 59
79 25 57
76 22 58
79 20 57
76 19 56
80 21 60
77 23 59
73 27 58
69 29 56
67 25 56
70 25 54
69 27 53
71 27 54
73 29 57
76 26 61
72 30 61
69 34 60
68 31 62
65 31 58
69 32 62
70 31 58
67 33 56
66 35 59
65 33 58
69 35 54
69 31 53
67 30 53
66 30 50
66 26 49
62 22 49
64 25 52
68 26 50
70 22 52
67 26 50
66 23 54
64 20 54
66 23 54
66 20 57
70 22 59
73 25 63
71 25 65
69 24 68
67 23 69
64 25 65
64 29 61
68 29 62
72 27 62
71 24 64
72 23 68
73 25 69
73 25 66
69 24 63
68 26 64
64 26 64
67 27 64
63 25 63
59 22 63
57 21 62
58 25 64
62 24 63
61 20 65
58 16 64
61 14 66
62 12 62
58 11 61
60 7 64
62 6 68
60 9 65
56 5 69
59 1 68
57 0 68
53 0 64
51 2 66
47 1 67
49 2 65
47 2 68
48 2 64
52 0 64
56 0 60
53 2 57
54 2 53
56 2 57
54 6 60
55 6 64
52 2 65
53 2 69
56 4 66
53 4 69
53 3 66
52 3 64
54 7 61
56 9 60
55 5 61
51 3 59
54 2 55
54 2 51
57 5 48
53 6 50
51 10 50
49 10 49
48 7 49
49 3 48
46 2 46
49 0 47
51 3 47
52 2 48
52 0 45
53 0 44
56 2 44
55 4 41
54 2 42
50 3 38
51 2 41
49 1 38
46 2 39
50 4 37
48 5 40
46 7 40
46 8 39
46 5 38
49 7 40
52 10 43
53 12 39
49 9 43
47 8 46
50 5 47
50 5 50
52 3 53
53 3 55
57 3 52
57 3 50
55 2 46
56 2 49
57 3 48
54 3 50
53 4 54
54 0 55
55 2 51
58 4 49
57 5 49
57 2 51
57 1 47
57 2 48
59 4 50
57 6 50
57 5 52
57 3 52
57 6 50
55 3 47
57 1 48
61 1 44
58 2 42
57 4 43
58 0 47
56 2 43
59 2 47
62 2 46
58 3 50
60 5 49
56 6 46
56 5 42
57 3 44
53 2 45
54 6 49
51 3 47
48 5 47
50 1 46
51 2 50
48 1 48
49 2 51
47 0 52
50 2 54
47 5 54
50 6 54
52 6 54
53 3 54
54 3 54
57 3 58
60 6 60
58 5 62
62 7 66
63 4 63
60 6 59
64 2 58
61 2 58
59 2 58
60 2 60
60 3 56
63 2 59
66 5 55
69 8 51
73 5 51
74 6 49
78 2 53
76 2 51
78 0 51
75 2 54
73 2 58
70 1 58
73 1 56
74 2 52
77 6 48
79 4 50
82 3 47
80 6 47
83 2 51
82 2 52
81 4 49
82 6 52
86 9 51
89 11 50
85 8 47
89 8 48
90 8 45
90 5 41
89 6 44
91 4 42
95 4 45
92 6 41
94 8 45
97 8 42
98 8 39
97 11 35
99 8 38
101 10 39
101 6 37
101 3 36
105 4 33
101 0 37
97 4 37
98 5 33
95 9 35
98 7 36
95 8 40
95 11 44
94 15 45
94 17 43
98 20 41
99 20 37
95 19 40
96 20 37
92 22 37
91 21 40
91 25 43
88 23 43
84 24 46
83 23 45
81 26 47
77 25 43
74 27 43
78 28 40
79 24 37
75 20 41
75 17 38
73 18 41
76 14 39
73 18 36
76 18 33
80 18 29
78 19 32
76 22 33
78 21 31
77 17 33
79 21 29
77 23 28
81 23 24
85 27 28
82 25 29
85 26 29
88 27 29
90 23 30
94 24 32
95 28 33
97 27 32
100 31 32
98 27 29
100 25 25
96 21 29
92 20 27
95 16 24
92 15 23
90 15 22
93 16 18
96 19 20
94 15 19
97 15 17
93 16 16
89 17 13
92 16 16
91 20 17
95 23 13
94 24 10
98 24 7
97 20 3
98 20 4
98 21 7
100 25 7
96 22 6
95 24 10
93 20 9
96 20 11
95 23 12
93 25 11
89 27 15
93 23 19
96 24 18
93 26 17
96 25 14
92 25 16
92 24 12
92 27 11
94 28 7
98 32 11
97 34 10
97 33 11
96 32 7
96 28 3
93 24 1
97 25 1
100 24 2
97 22 6
97 26 10
93 24 11
90 23 9
87 19 8
84 18 4
87 22 0
89 23 2
89 21 0
86 17 0
83 13 2
79 14 0
80 14 1
80 16 2
76 15 6
74 18 9
78 17 10
80 13 8
82 15 10
80 18 10
83 17 6
83 14 8
86 16 6
88 15 6
87 11 10
85 9 11
82 12 11
83 14 8
82 11 9
80 10 13
83 7 17
85 10 14
88 8 12
92 10 14
96 13 18
94 15 15
98 19 15
101 16 13
100 14 17
103 14 14
99 14 10
98 13 7
97 12 10
100 14 12
101 17 9
97 18 10
101 20 11
104 22 11
100 26 8
98 30 6
98 31 4
94 34 2
92 35 6
89 34 6
88 37 9
92 37 10
90 40 11
94 42 7
90 40 9
88 44 5
92 47 2
90 46 1
92 44 2
91 45 3
91 47 6
92 48 10
92 44 7
94 48 7
93 47 8
97 46 9
101 44 9
102 40 11
101 38 8
101 42 9
99 46 10
99 48 9
101 48 12
105 48 14
109 45 13
112 48 9
108 45 9
108 47 6
109 50 7
109 53 6
106 52 4
109 53 8
112 49 5
114 51 7
115 53 10
116 51 12
113 51 16
113 55 12
109 52 16
107 48 18
105 50 18
104 47 14
101 50 17
99 54 20
95 51 18
98 53 14
102 50 15
101 47 18
98 43 16
98 41 19
102 42 17
103 45 15
107 44 11
103 45 12
103 46 15
99 43 11
96 44 11
99 40 9
103 42 13
100 38 17
104 39 16
100 37 16
100 34 20
101 34 16
103 32 15
101 30 19
100 33 21
98 35 25
101 39 21
97 35 18
100 36 16
96 37 20
94 38 18
91 35 14
87 32 13
86 30 13
83 33 16
80 30 14
79 31 18
75 33 19
76 32 16
80 35 12
77 31 11
80 30 13
76 32 17
76 28 19
79 29 16
82 31 19
84 32 21
84 30 20
84 27 23
80 29 21
80 30 22
80 30 21
79 30 18
81 34 20
82 32 18
80 28 21
78 27 17
79 26 16
83 23 17
83 23 15
82 25 12
84 28 13
81 30 16
80 28 13
76 29 15
72 31 12
74 31 9
71 34 6
69 36 8
65 37 9
63 34 6
59 37 7
59 34 6
59 38 10
59 36 7
61 36 6
64 37 9
65 34 5
66 32 2
65 33 0
65 32 0
65 31 2
62 33 2
62 33 3
63 35 3
60 36 1
64 33 4
65 36 6
69 33 10
67 33 14
65 29 16
63 25 16
63 24 20
62 20 21
63 24 21
67 22 25
64 19 29
62 19 30
65 23 28
68 20 31
64 18 27
61 17 23
57 17 26
59 15 29
62 15 25
64 12 29
66 9 33
68 12 30
67 12 28
70 13 24
66 14 23
65 15 23
65 18 24
65 18 21
69 19 18
69 19 19
67 18 19
63 19 17
62 22 20
58 22 18
62 24 19
62 22 17
65 19 13
67 19 9
64 17 10
63 19 7
64 16 5
60 16 3
60 20 2
63 20 1
59 22 1
60 18 1
59 18 1
61 20 2
59 24 2
63 24 2
61 26 2
58 26 2
59 24 2
61 20 0
57 23 2
58 27 5
56 26 3
58 26 3
62 25 4
66 28 3
67 32 1
65 30 5
62 30 1
62 34 2
62 37 4
66 36 4
68 34 3
67 31 4
67 28 7
67 29 8
64 32 5
63 35 6
66 32 3
63 36 2
64 35 4
60 38 6
61 38 2
59 34 1
63 36 2
66 32 2
68 35 2
66 38 3
70 38 0
70 34 1
71 33 4
73 30 8
77 27 5
77 31 8
76 35 9
77 35 6
78 31 5
78 32 5
81 34 9
82 36 11
85 35 7
81 35 3
85 31 1
84 35 5
88 34 3
84 38 2
83 35 4
86 32 1
87 30 2
90 34 5
92 37 4
96 37 8
97 38 7
97 36 10
100 35 14
97 31 18
96 31 15
97 35 12
100 36 14
101 40 17
105 37 20
109 33 19
112 37 16
108 39 20
111 43 18
109 42 19
106 42 18
109 44 18
106 47 17
105 50 14
103 47 15
99 49 13
99 53 15
100 53 13
101 54 14
97 58 11
97 59 9
94 61 7
93 57 8
92 57 6
94 53 6
90 55 5
94 59 1
94 57 0
90 55 2
94 55 0
94 58 1
95 58 5
96 54 4
93 54 6
96 51 6
100 52 8
104 52 9
102 53 5
103 51 1
103 50 2
100 50 6
100 49 6
98 45 10
96 48 12
94 47 10
90 51 14
91 55 14
90 52 13
94 49 12
93 47 16
96 50 16
94 47 16
96 45 20
95 41 18
91 40 18
87 36 14
85 32 13
86 31 10
89 33 10
92 32 13
94 33 16
90 33 18
94 33 19
92 35 17
93 35 18
93 31 14
95 34 17
91 31 16
91 33 16
95 34 19
92 31 19
90 32 19
88 35 19
89 33 16
92 30 19
91 34 20
93 31 22
97 28 21
93 27 22
97 23 22
99 19 23
100 20 27
96 22 27
98 21 25
95 25 26
97 22 24
100 22 27
101 18 31
104 14 34
107 10 32
104 8 36
105 4 35
109 4 31
110 0 32
113 2 36
111 2 40
115 6 43
117 4 39
114 1 38
115 2 37
116 2 33
117 4 37
117 5 33
117 6 34
113 2 37
113 2 33
117 3 37
116 2 38
116 2 37
116 2 40
114 2 41
114 5 42
117 1 45
113 4 47
111 3 48
113 6 50
112 8 54
110 11 54
109 12 54
105 8 51
103 12 50
104 16 52
103 15 53
104 16 52
100 20 49
103 20 50
101 24 50
102 26 50
100 29 54
102 29 54
105 27 57
107 29 55
108 29 54
110 29 51
113 31 49
109 31 47
110 31 46
112 29 49
115 32 51
111 36 55
107 34 56
103 32 52
101 31 48
98 30 45
95 27 49
99 23 53
97 23 52
96 26 50
93 29 47
91 25 50
88 28 54
85 26 53
88 28 57
85 28 58
85 26 59
88 27 62
84 30 65
84 33 63
81 33 63
80 29 59
79 26 59
80 28 63
76 26 65
75 27 67
76 23 63
78 20 67
74 19 63
71 21 62
70 23 64
66 21 65
66 22 69
67 23 68
64 24 71
67 24 69
64 22 71
67 22 69
70 26 65
67 25 65
66 22 66
67 25 62
69 22 66
66 19 68
63 16 66
63 15 65
63 17 69
60 14 70
63 14 69
62 15 73
64 17 73
66 19 69
65 15 65
65 17 65
64 18 64
64 14 63
66 15 60
69 12 57
69 9 60
68 13 59
71 11 56
67 8 52
66 11 54
70 9 55
69 6 58
73 3 59
73 3 58
72 1 60
76 2 63
76 1 62
72 2 60
72 2 63
73 2 59
72 2 59
73 2 59
75 4 55
78 3 59
82 3 60
78 5 64
79 5 67
82 3 65
79 3 67
76 3 71
74 3 67
77 4 71
78 1 70
80 2 69
83 2 71
86 2 67
82 2 68
78 3 72
76 5 73
77 7 70
80 3 66
76 4 68
74 0 66
70 4 62
67 7 61
64 4 59
64 8 60
62 7 61
66 9 65
68 5 66
64 1 63
66 1 59
69 2 58
72 2 62
71 6 62
74 4 66
72 6 63
69 2 66
65 3 66
66 0 70
67 2 71
65 4 74
66 2 71
68 4 74
71 5 75
74 6 78
70 10 74
68 14 73
69 10 71
71 10 68
70 10 69
70 7 69
72 8 69
75 6 70
71 10 73
75 14 69
75 18 66
78 20 65
80 16 68
82 19 71
80 16 71
81 12 70
85 8 68
88 11 70
84 14 67
82 15 68
85 18 67
82 14 66
83 10 66
85 9 63
81 12 66
79 10 64
78 10 65
77 14 64
73 11 65
72 9 66
70 11 68
74 14 65
72 12 64
68 12 64
64 11 63
64 14 59
63 13 56
59 9 54
57 9 52
55 5 52
55 3 50
54 7 54
53 11 57
56 13 59
56 15 56
54 12 56
56 8 58
53 4 59
57 2 62
58 2 66
54 6 65
52 3 61
55 1 62
58 5 58
54 1 59
51 3 58
55 5 54
53 7 53
49 5 53
49 5 49
48 6 53
47 2 49
43 5 53
45 1 56
49 3 56
49 5 57
48 6 54
46 9 57
47 5 60
49 1 62
46 1 65
42 2 67
44 6 63
44 3 62
48 1 58
50 2 54
52 2 54
50 6 52
46 2 54
43 6 56
40 9 54
43 10 58
43 6 56
39 8 58
35 9 62
39 12 64
35 13 63
37 17 62
39 16 58
39 20 62
39 24 63
43 26 61
47 25 62
44 21 60
47 17 62
46 13 61
47 14 61
47 16 58
43 17 61
46 21 65
46 22 65
42 25 69
43 22 66
41 25 65
45 29 66
46 25 69
44 27 67
48 29 63
52 29 60
51 28 63
53 28 67
51 29 69
47 31 67
48 28 70
46 31 68
46 29 71
44 31 68
44 33 67
48 35 69
50 32 66
52 33 68
50 31 64
48 27 65
52 26 65
55 25 61
57 26 64
60 29 66
56 26 69
56 26 65
60 24 68
63 27 72
60 31 69
61 30 69
63 26 72
61 24 70
62 24 70
62 21 69
59 20 73
58 19 76
55 19 77
58 19 77
62 17 75
63 21 75
66 21 76
68 18 77
72 15 73
68 14 70
69 18 73
72 21 76
72 19 75
72 17 71
72 17 68
74 18 67
74 20 67
71 20 69
67 21 66
65 22 65
61 24 66
60 23 62
60 25 61
62 27 58
61 27 54
64 27 53
62 26 52
59 29 56
62 29 52
60 28 48
63 32 51
64 32 51
67 32 51
64 33 52
62 32 51
62 29 52
63 31 48
64 35 47
65 35 50
62 39 50
66 42 53
67 46 50
66 42 53
63 38 53
59 34 53
59 33 53
60 30 57
62 30 59
60 28 61
63 26 61
62 28 61
61 24 59
64 24 55
64 23 53
67 25 51
64 22 48
67 24 44
65 22 43
64 22 47
62 23 44
63 23 47
64 24 43
60 23 47
56 24 43
60 24 39
60 25 43
56 24 45
52 26 44
48 29 41
52 29 39
55 25 35
54 25 37
57 26 34
61 26 35
60 30 38
58 27 34
55 23 36
51 24 40
55 24 41
52 20 45
53 17 43
53 14 42
51 14 45
55 10 45
55 6 41
55 7 37
59 10 41
56 8 38
56 4 34
55 1 37
55 1 40
59 1 44
63 0 43
59 2 46
59 2 45
58 6 42
57 4 42
59 1 41
61 2 42
65 1 40
64 2 44
61 2 48
57 0 51
61 2 52
62 3 48
63 6 46
64 6 50
65 6 52
66 6 53
65 8 55
68 11 56
72 11 57
69 11 53
70 15 49
72 17 48
69 13 44
72 11 47
72 13 48
72 13 52
68 14 54
69 12 54
73 14 52
70 13 56
71 12 57
69 8 55
67 10 51
67 13 48
68 17 52
67 21 56
65 20 54
63 16 54
67 14 56
65 13 58
65 12 54
66 12 55
69 10 58
68 7 55
69 10 52
65 13 53
65 17 54
63 18 50
60 17 50
58 19 53
60 15 56
57 12 58
57 11 56
56 13 60
52 16 63
49 18 67
51 15 68
52 14 68
56 16 72
58 16 68
55 15 64
53 15 60
50 11 59
50 15 59
54 18 55
57 17 56
53 16 58
52 13 55
51 17 51
55 15 47
54 16 43
56 15 40
57 17 39
54 19 42
50 23 43
51 25 42
49 23 42
50 27 44
50 26 46
52 30 47
52 31 48
55 27 47
59 29 51
57 27 52
56 30 53
59 28 51
56 32 52
58 32 55
54 29 51
52 32 55
48 33 54
44 33 58
44 29 56
41 29 56
40 29 54
42 33 57
43 35 55
40 34 52
37 30 53
38 34 53
42 32 55
41 36 53
42 36 54
41 33 56
39 29 55
42 27 57
41 31 53
43 30 53
45 31 51
47 30 55
50 31 51
52 35 54
54 34 58
50 32 61
50 36 62
47 38 60
49 36 56
51 40 58
55 39 54
58 36 53
57 40 50
58 40 53
62 41 51
58 45 54
55 48 53
58 46 55
59 42 59
63 41 57
63 45 61
64 43 58
64 44 57
62 46 60
59 42 61
55 38 61
59 42 60
63 42 56
67 38 53
70 36 57
70 39 61
71 40 57
69 41 54
73 39 57
74 43 53
78 42 51
82 38 50
78 34 48
81 33 49
79 31 49
82 35 50
83 38 50
86 39 49
83 35 47
85 34 49
86 33 53
86 34 55
84 38 58
82 40 60
79 37 61
83 41 62
82 41 61
81 37 58
85 40 59
83 42 62
84 44 61
84 42 60
81 43 56
84 41 58
82 45 62
82 49 59
82 48 58
83 52 54
79 55 54
81 56 50
77 59 51
78 59 50
82 57 50
80 60 51
82 64 50
83 68 47
85 66 47
86 66 44
85 67 44
83 69 48
80 68 49
76 65 45
79 65 42
76 64 45
72 65 46
70 69 48
69 69 47
68 65 43
64 69 45
67 69 42
69 72 43
71 69 44
74 65 40
72 66 43
74 70 43
74 66 40
75 68 43
72 65 47
68 65 44
64 61 43
64 58 46
62 57 46
62 57 43
59 54 44
61 53 43
62 53 42
58 53 38
61 52 41
57 48 45
54 49 41
58 50 42
56 48 46
59 47 43
56 45 47
57 43 47
54 41 44
56 40 44
53 40 43
49 37 39
48 34 40
52 31 38
50 28 42
54 30 43
55 30 41
56 26 40
59 24 37
59 24 34
57 28 33
58 26 33
54 28 37
56 30 38
54 31 42
52 35 42
54 36 41
54 33 45
53 36 41
53 39 39
55 41 42
59 45 38
63 48 35
67 51 36
67 50 37
71 53 37
74 56 34
73 60 31
75 63 27
72 62 28
75 65 31
78 66 28
79 66 31
77 68 34
73 71 37
69 70 37
69 67 39
71 69 38
68 70 37
64 70 41
61 66 43
62 66 42
64 70 43
66 71 39
63 72 35
63 69 35
62 65 31
63 64 27
66 62 29
70 60 27
74 63 26
73 67 27
74 70 25
73 74 21
75 78 21
72 79 18
73 82 15
74 82 16
76 78 17
80 79 13
80 83 12
79 86 8
83 84 4
79 84 0
75 82 3
71 81 4
71 77 3
71 73 2
72 77 4
75 81 5
76 80 9
73 76 6
74 79 8
76 78 5
75 75 4
76 78 2
72 79 0
74 77 2
77 75 4
80 79 3
82 82 7
78 81 9
76 78 12
76 76 16
80 79 13
76 81 10
74 80 13
77 83 14
79 84 13
81 84 13
79 87 15
78 86 13
81 85 17
85 86 17
88 87 20
85 86 18
86 86 18
84 87 22
80 84 26
78 80 28
81 81 28
85 79 27
87 77 31
84 79 29
88 78 27
90 78 23
91 82 26
93 84 28
96 86 30
93 85 28
93 81 29
96 82 32
94 85 35
95 85 32
93 88 34
96 90 35
96 86 31
95 89 34
93 92 36
93 89 35
97 92 31
95 93 32
94 91 32
98 91 34
98 92 32
97 95 31
96 99 30
100 103 28
97 100 27
97 99 23
94 100 24
93 101 21
95 104 21
93 106 19
91 109 20
90 108 23
86 105 25
87 107 29
90 109 32
90 109 35
87 111 32
85 115 34
84 114 34
87 112 34
90 113 34
94 111 36
92 112 32
88 112 30
85 113 33
81 111 36
83 114 34
84 112 37
82 110 35
80 111 33
82 109 34
80 105 36
81 109 35
85 113 37
84 115 34
82 113 33
78 115 29
82 117 30
83 119 30
82 119 32
82 117 29
82 113 28
85 115 27
88 113 27
86 112 25
89 112 27
89 110 24
88 107 22
84 108 21
87 111 21
86 108 17
86 108 19
84 111 21
80 112 19
77 109 20
79 110 19
81 107 18
80 111 19
83 111 23
85 113 25
87 115 23
89 116 22
92 113 18
93 113 21
89 113 21
88 116 25
91 117 27
95 120 24
99 116 25
97 117 22
97 120 21
96 119 23
93 118 27
94 114 24
93 116 23
90 115 26
87 114 28
84 116 26
85 114 29
82 118 31
84 121 28
83 123 24
79 127 26
80 126 27
81 125 29
81 122 28
83 125 30
83 125 31
85 125 30
81 125 27
81 129 31
85 131 30
82 134 27
78 133 31
80 136 34
78 138 33
76 135 31
78 132 27
75 133 24
72 134 22
72 130 26
75 132 29
73 128 33
70 130 33
66 126 31
66 123 31
64 123 28
68 123 30
68 126 26
67 122 30
65 121 28
64 121 31
60 123 27
57 123 30
61 121 31
61 123 29
62 126 33
58 129 35
55 126 39
55 127 35
55 123 34
58 126 35
55 128 33
56 132 33
54 128 29
52 128 30
56 130 26
59 126 23
60 126 26
59 129 27
62 127 26
60 124 25
61 121 29
60 120 25
63 116 26
61 112 30
60 113 33
63 117 36
67 114 39
67 115 42
70 119 45
73 121 46
74 123 49
72 119 53
73 119 55
70 123 52
66 126 49
66 130 51
67 126 54
65 123 54
67 126 57
64 129 58
64 125 62
60 121 64
63 123 64
63 121 64
66 118 63
64 114 65
60 111 66
57 112 63
60 110 64
61 113 66
64 117 62
68 121 59
72 118 58
69 118 61
68 114 57
69 114 53
70 115 54
71 117 50
71 114 46
71 110 43
75 106 45
79 103 48
81 103 52
83 105 55
81 105 59
82 102 61
85 101 63
88 105 59
84 108 59
85 108 55
81 108 59
78 107 56
76 108 52
72 112 52
70 110 48
67 107 45
63 109 41
67 111 42
69 109 42
71 105 40
73 107 40
75 103 43
78 104 41
78 101 45
77 100 49
77 100 51
76 98 54
73 102 57
76 106 60
72 110 60
68 108 61
65 110 59
61 113 58
57 114 62
59 110 61
62 111 58
62 107 55
62 103 56
58 101 54
60 105 54
59 108 50
56 110 49
55 109 46
56 111 44
57 115 41
60 116 37
61 117 37
60 119 39
64 123 37
60 127 37
58 128 33
55 126 30
53 125 30
56 122 32
52 126 35
52 128 32
48 127 33
45 125 32
49 123 36
50 123 39
48 119 36
47 122 34
43 126 37
44 126 39
40 130 39
41 132 39
41 134 37
43 131 38
41 128 35
43 124 37
47 127 34
45 124 35
47 124 37
47 127 37
51 123 41
54 122 37
52 121 38
49 122 37
48 119 35
47 121 36
45 122 40
48 121 38
48 123 39
52 122 43
54 120 45
51 119 41
51 122 37
53 123 35
52 126 38
54 122 42
58 118 38
60 120 36
56 123 38
59 121 38
55 120 39
55 117 36
55 119 38
59 119 34
58 117 32
55 121 29
51 124 26
49 122 28
45 118 27
43 115 27
46 113 31
50 109 30
50 113 30
49 112 27
48 112 30
46 108 27
50 110 28
47 107 32
50 111 34
50 110 34
54 112 33
53 116 35
55 112 37
53 114 37
51 114 38
52 116 38
50 114 35
50 117 35
53 118 36
53 115 38
56 113 41
59 115 43
62 114 43
60 114 39
57 110 43
61 107 43
63 105 39
64 101 41
65 104 45
67 101 42
66 97 39
62 98 35
59 97 38
57 100 35
58 100 39
57 97 36
59 93 32
61 90 29
58 93 28
62 94 32
65 97 29
63 100 26
65 99 29
69 95 33
69 96 29
67 98 30
71 97 33
71 93 33
74 89 30
70 86 34
72 82 32
72 86 33
70 90 33
72 92 35
68 95 36
68 99 36
72 97 38
72 94 36
76 96 39
80 96 36
77 98 39
76 100 40
75 104 40
74 104 41
73 108 39
75 106 39
71 107 43
74 103 43
73 105 41
75 109 39
79 108 39
80 110 42
84 110 40
84 110 38
84 108 35
88 110 36
90 109 36
86 111 39
89 110 43
91 107 43
92 103 43
90 99 40
90 97 39
89 98 38
93 101 41
92 102 38
94 104 40
98 107 39
97 104 38
93 106 42
92 105 44
91 107 41
95 109 41
93 113 39
92 111 35
88 114 31
88 113 31
84 109 31
85 112 35
87 110 35
84 111 37
86 110 34
85 106 32
85 109 35
86 112 33
88 111 33
90 112 34
90 114 34
86 114 36
88 115 36
85 116 32
81 113 29
82 109 26
80 109 27
82 112 26
86 111 28
87 107 24
90 110 26
92 109 29
91 107 25
92 111 21
90 113 22
93 111 25
94 112 29
94 116 31
92 120 31
94 117 30
97 120 31
98 116 31
97 112 32
98 108 28
99 107 25
102 103 22
98 101 24
99 102 26
101 101 27
102 99 31
99 99 30
95 103 30
94 103 33
93 107 29
90 104 31
86 103 34
84 106 36
83 110 36
87 110 40
91 111 39
94 108 38
90 111 39
90 112 35
90 108 31
93 111 30
91 111 30
95 114 31
93 116 35
93 115 39
95 116 39
96 112 41
93 116 38
96 113 39
98 112 42
99 114 46
96 110 43
93 108 41
90 104 37
93 104 41
90 100 37
92 99 38
95 96 39
93 99 43
97 97 46
98 98 50
98 96 46
94 94 47
91 95 44
95 92 47
97 94 46
97 90 48
94 87 45
92 86 45
90 84 42
91 87 39
88 90 40
90 92 36
93 92 38
97 92 42
101 93 39
99 95 36
103 93 36
107 92 38
103 93 42
100 94 42
98 96 39
102 94 35
101 94 31
97 98 30
95 98 31
95 95 30
91 94 33
88 95 37
90 91 34
93 91 34
91 92 30
94 95 28
96 94 32
95 95 28
91 93 32
95 96 29
91 100 32
88 98 30
88 102 28
84 104 26
82 107 27
80 111 24
79 110 21
77 112 19
74 112 22
76 115 20
77 111 18
78 114 16
75 112 18
77 109 18
77 108 16
76 104 19
72 106 18
70 109 21
72 112 24
76 113 26
80 112 30
77 109 26
74 108 28
75 109 29
71 106 27
72 106 25
74 103 28
74 101 30
70 99 31
71 98 34
67 102 34
70 104 31
67 104 28
71 102 25
71 102 28
69 99 27
72 101 25
76 105 28
76 101 32
80 102 29
83 104 29
83 106 27
85 103 29
88 99 33
90 101 33
94 97 36
90 100 35
89 96 32
88 94 33
89 92 36
88 92 32
88 88 33
90 91 30
91 94 34
92 97 38
89 99 38
91 101 35
87 97 33
90 100 31
89 103 27
85 104 24
84 105 23
85 106 19
83 109 15
83 113 17
83 114 20
86 111 19
85 110 22
81 111 24
77 111 26
81 112 27
81 109 27
84 109 23
81 107 21
78 110 20
77 109 16
78 107 19
74 107 19
74 103 22
73 99 23
74 99 19
76 97 19
80 95 21
84 96 24
81 96 25
79 98 24
76 94 27
76 90 29
77 90 32
80 89 33
81 90 31
80 93 35
82 96 39
83 94 42
81 98 45
79 100 42
76 100 45
79 104 47
83 100 46
81 100 49
83 102 50
85 100 52
86 100 48
83 104 47
86 102 43
90 103 46
94 105 45
92 109 46
92 109 47
94 108 46
96 112 45
99 113 43
98 115 39
102 116 38
104 118 34
100 115 33
98 119 32
102 119 36
98 115 40
94 114 43
93 112 44
89 112 41
91 115 45
92 117 47
94 115 46
90 115 47
89 118 43
89 116 42
91 112 40
93 115 42
94 111 40
90 108 44
87 106 40
91 109 41
93 109 39
89 111 43
90 110 45
89 112 47
86 116 47
85 118 48
81 122 47
81 122 48
83 126 51
80 128 49
80 125 45
83 122 49
82 120 47
81 120 49
82 122 52
81 123 50
85 122 49
89 122 49
93 124 45
90 128 43
93 126 46
90 129 46
91 131 44
92 135 42
95 133 46
97 133 42
101 135 41
104 133 43
104 130 41
108 127 37
112 131 33
108 129 37
110 130 41
110 134 42
112 138 39
109 134 36
109 132 33
105 128 29
103 124 28
103 126 28
101 123 27
102 126 27
102 126 28
99 124 25
99 126 26
101 129 24
105 130 28
109 130 32
108 134 29
110 134 27
110 130 28
109 133 29
107 134 33
110 132 31
110 133 27
107 134 23
106 132 26
110 135 25
112 139 29
115 140 27
114 140 26
111 141 22
115 137 21
111 141 23
113 143 26
110 141 24
112 140 22
110 136 26
111 137 27
107 140 25
109 143 28
108 142 31
106 145 32
108 144 34
106 147 35
108 150 37
111 149 41
107 145 44
105 141 41
107 138 44
107 139 43
103 137 42
105 137 42
105 136 40
102 138 39
104 135 42
107 135 44
103 139 41
101 137 42
98 140 42
98 144 42
97 145 46
95 148 48
92 149 46
94 147 42
95 149 38
93 149 36
97 145 35
95 144 31
91 148 32
87 146 36
86 143 38
82 144 34
79 144 38
82 142 39
86 143 40
83 147 40
86 148 36
86 151 36
89 150 39
89 147 37
93 143 36
97 141 35
96 141 36
99 137 38
102 133 37
105 137 38
103 138 35
106 135 37
102 133 38
98 137 35
95 138 36
96 137 36
95 139 34
98 141 38
99 137 38
97 134 34
93 136 37
94 139 33
90 142 34
89 143 31
90 144 27
89 145 26
92 147 22
89 146 21
92 145 22
88 148 20
84 146 22
84 142 22
85 138 22
81 139 21
84 137 17
83 133 16
80 131 14
78 133 11
77 134 9
73 138 8
70 137 4
71 138 6
69 135 7
73 131 3
71 134 2
68 135 5
72 139 4
74 135 8
75 131 8
72 129 5
75 130 4
78 132 0
78 129 3
82 129 0
81 128 2
84 128 5
80 132 7
82 136 7
78 134 8
75 133 8
76 134 10
80 131 10
80 135 7
79 135 4
77 135 7
73 136 9
74 139 6
76 142 9
77 146 11
79 142 13
79 146 16
81 142 17
78 146 15
82 144 16
85 146 15
87 150 11
88 150 14
88 152 17
92 154 15
94 155 13
92 159 13
91 162 17
87 163 21
88 159 22
91 155 22
95 159 26
98 159 23
95 160 20
94 160 19
93 164 19
91 167 23
95 168 21
97 170 24
94 169 26
97 172 28
95 175 32
99 176 32
101 174 33
104 173 29
100 169 31
97 168 32
100 172 30
100 172 33
101 170 32
101 172 28
99 172 28
99 171 29
102 171 29
106 169 30
105 173 27
102 177 28
104 177 27
106 173 28
108 176 24
107 180 26
109 177 27
113 173 29
117 171 31
114 173 28
110 171 27
114 168 25
114 171 24
111 167 23
113 163 20
111 166 18
111 168 17
111 171 17
107 173 17
104 174 16
107 175 18
103 179 15
101 178 17
101 176 20
100 173 19
103 171 18
99 170 17
95 166 13
98 168 11
97 164 11
101 162 14
103 159 14
99 161 15
99 159 15
96 157 15
99 156 12
98 153 11
95 156 14
97 153 15
99 152 11
100 149 15
100 145 15
102 141 18
99 145 20
98 144 20
101 148 19
105 152 21
108 149 23
106 150 24
105 152 20
106 149 16
106 152 14
107 152 12
108 153 15
109 155 19
110 158 18
111 155 19
107 152 16
105 149 19
106 149 15
109 145 15
108 142 19
108 138 20
108 134 20
105 136 24
109 132 24
107 131 28
108 129 31
107 125 35
103 126 32
102 127 28
102 130 29
99 130 25
98 129 27
100 128 25
104 131 27
108 134 28
104 136 28
107 135 32
105 139 29
109 136 30
112 133 29
115 135 30
117 138 29
120 136 25
122 139 27
122 138 26
124 135 27
128 138 24
128 134 26
128 137 23
125 139 23
127 140 20
126 141 22
128 144 18
131 148 18
135 148 21
132 152 18
136 153 19
136 154 17
140 153 18
139 155 15
135 159 15
139 157 11
139 156 9
136 157 9
135 158 6
133 159 7
132 160 7
128 159 7
124 163 9
127 165 13
130 169 11
134 166 13
132 165 16
133 164 18
134 161 22
132 157 22
135 157 18
134 153 15
132 154 14
134 154 11
135 152 14
132 152 10
135 150 12
131 150 8
131 151 7
132 151 11
132 148 9
133 150 7
136 151 7
132 148 5
136 144 7
135 141 6
138 143 3
138 141 6
137 142 5
136 146 2
138 150 2
135 146 0
136 143 2
134 140 6
137 139 3
141 135 5
141 139 7
143 140 6
140 136 5
137 139 7
138 135 3
139 134 3
138 138 2
139 135 3
139 139 3
140 135 1
139 137 5
136 135 8
134 136 4
135 138 3
135 139 3
139 139 3
137 142 5
138 146 3
134 142 6
137 144 5
135 146 8
133 148 6
131 144 3
135 143 5
136 146 1
132 150 1
134 152 2
134 150 1
134 152 2
137 155 1
133 156 2
134 154 2
130 155 1
128 154 2
131 155 3
130 152 0
127 151 2
131 154 2
130 156 2
131 152 2
131 153 3
129 152 7
125 150 11
128 146 8
125 148 9
129 147 5
129 145 3
125 142 5
121 138 7
119 135 11
117 135 15
120 136 16
124 137 12
121 134 12
119 134 10
118 133 11
114 136 13
117 135 17
113 137 21
117 137 21
116 140 20
114 138 23
115 141 19
115 142 20
111 144 19
111 148 23
114 146 20
111 149 24
110 146 28
109 145 29
113 146 26
109 143 30
112 147 31
112 146 33
110 148 34
112 145 32
108 144 29
105 146 32
102 147 35
103 144 36
103 147 36
103 148 40
101 152 36
97 150 35
93 147 38
94 149 34
98 149 37
97 147 33
96 149 37
99 152 33
102 148 29
103 152 27
104 152 27
101 152 30
102 153 27
102 151 28
103 152 27
106 153 31
108 154 32
110 150 31
111 147 27
108 145 29
108 144 33
111 142 36
114 139 39
117 139 36
113 136 39
117 135 36
116 131 38
112 135 40
113 136 37
111 132 41
115 131 39
115 131 41
114 130 40
117 127 37
117 127 34
119 130 37
123 132 39
119 136 36
120 138 35
119 136 38
117 137 34
119 134 30
116 133 30
115 134 26
119 134 24
121 137 21
117 133 23
115 137 27
111 137 29
113 135 26
111 136 24
112 139 23
112 141 25
112 143 25
115 143 22
119 144 25
121 146 29
119 149 28
118 153 26
116 150 28
117 149 27
118 151 30
120 147 29
124 144 33
121 147 36
120 146 37
117 150 35
117 147 34
121 146 38
119 142 36
119 142 33
121 144 29
125 144 27
126 141 26
123 145 26
121 143 24
119 144 23
123 141 22
123 144 20
125 147 22
123 143 21
125 142 24
126 138 28
122 142 27
120 140 30
116 136 26
120 132 28
123 134 25
121 131 26
121 134 25
120 131 26
120 130 24
118 134 27
122 136 24
124 135 28
124 134 25
122 134 27
123 135 23
124 132 25
124 130 24
120 127 26
120 129 30
121 128 32
123 131 29
125 131 30
129 134 26
129 130 23
131 126 26
135 129 27
134 128 24
132 126 25
135 126 26
139 130 26
142 133 28
142 131 24
143 132 25
142 134 27
139 138 29
135 139 30
137 139 27
133 139 28
135 143 30
136 143 31
132 145 29
134 147 28
130 143 29
134 144 27
131 143 29
129 145 27
132 146 27
131 144 23
134 148 20
137 151 22
136 152 26
137 148 24
141 152 25
144 156 26
140 152 23
136 153 26
135 155 29
135 156 29
138 152 28
137 154 27
134 156 27
134 155 24
135 151 22
132 150 22
136 149 20
132 148 19
129 149 15
131 149 19
129 150 20
129 149 24
131 152 26
129 151 30
131 155 28
127 156 26
130 154 27
127 152 31
123 148 27
120 145 23
122 143 22
120 139 23
121 136 25
124 139 28
124 141 31
128 140 34
126 140 37
124 142 37
128 144 33
125 148 33
121 151 30
120 153 28
120 157 29
123 159 28
121 163 31
117 164 31
117 163 29
113 167 31
116 171 28
113 172 27
114 168 23
118 166 25
116 168 24
112 169 25
111 165 26
108 165 24
107 169 26
104 171 24
103 175 28
106 179 29
109 179 27
105 176 30
104 177 27
103 178 23
103 178 20
101 179 22
103 182 23
104 185 21
102 181 18
98 181 21
94 180 22
92 181 26
94 179 28
96 182 28
95 179 30
97 182 33
98 183 35
95 179 38
96 175 42
97 172 44
96 174 40
92 170 41
96 173 45
96 171 45
96 170 48
97 174 50
95 178 46
99 174 44
100 171 42
102 173 44
103 171 45
100 173 43
102 171 40
103 173 41
105 177 41
108 181 44
105 184 42
104 181 41
105 183 43
108 182 45
106 179 47
108 182 45
108 184 45
109 182 42
105 180 42
109 184 44
105 182 44
109 184 44
106 186 44
109 190 46
111 190 43
109 189 45
113 186 44
115 182 45
113 185 41
110 187 39
106 188 42
107 190 40
111 189 43
107 192 41
107 191 43
107 190 47
110 192 49
114 194 46
111 192 49
108 189 48
110 186 52
110 187 54
111 185 55
111 181 51
110 185 47
109 185 43
108 182 42
110 179 43
111 176 41
108 174 45
109 170 45
110 173 44
110 174 47
106 175 44
110 174 48
113 173 48
112 177 47
109 176 48
110 180 48
109 177 51
106 181 50
104 179 47
108 183 50
111 179 51
107 181 50
110 184 51
112 185 49
113 181 52
112 177 49
109 175 48
113 177 44
111 178 46
110 177 45
112 176 43
114 174 47
113 172 51
113 169 52
110 170 53
107 168 51
110 164 55
106 168 56
107 169 59
106 172 62
102 171 63
103 167 65
105 165 66
107 166 69
107 168 71
105 165 72
103 163 71
103 162 70
105 163 67
108 165 65
105 169 66
105 166 70
102 165 72
99 161 74
95 163 74
93 161 70
97 163 72
99 162 72
101 166 74
99 167 74
102 167 78
103 170 81
106 166 85
102 167 87
99 166 87
100 162 85
100 165 82
97 164 84
98 164 86
94 163 89
95 162 93
93 164 89
95 164 93
94 162 94
93 161 95
89 164 99
88 160 102
86 159 106
83 158 104
81 155 102
77 153 100
76 152 99
72 151 101
74 148 104
70 145 107
66 148 104
65 150 107
62 146 108
64 147 112
68 151 111
72 150 114
75 148 113
77 149 115
77 148 112
79 152 108
75 151 110
75 152 106
79 149 104
81 153 103
80 152 102
82 154 100
81 156 102
85 157 106
89 160 103
89 163 100
86 166 100
88 166 104
91 162 105
92 161 102
91 162 105
95 164 102
94 163 103
98 166 99
101 163 101
100 159 97
103 158 97
99 154 96
98 151 97
97 151 100
98 149 97
98 146 93
99 147 90
101 151 88
98 154 92
101 158 92
105 154 89
107 156 91
107 156 93
107 156 95
104 156 94
100 154 97
101 150 97
105 151 100
106 152 104
102 156 100
103 159 98
104 159 100
105 159 104
103 160 107
107 156 107
103 154 104
107 151 106
109 151 107
111 154 110
110 150 107
106 153 107
104 150 103
108 150 103
105 149 99
106 146 100
106 144 99
108 144 98
106 142 98
102 145 100
100 146 101
100 143 104
97 141 106
99 139 103
96 139 105
92 135 103
95 136 101
99 135 100
103 131 102
101 133 98
102 132 98
98 128 99
98 127 100
99 131 103
97 133 100
97 132 100
99 136 99
98 132 97
98 130 99
102 131 102
104 128 100
108 131 100
110 128 104
110 125 107
110 128 107
113 132 105
116 134 108
112 132 106
109 135 106
109 138 106
106 138 102
102 140 100
101 144 100
103 146 100
100 144 103
104 140 100
103 141 104
105 138 108
102 135 109
99 139 112
103 142 110
107 140 112
104 143 110
107 142 109
104 144 111
107 145 115
107 145 117
109 149 118
111 145 120
112 142 116
113 142 113
112 140 117
109 144 118
110 145 121
107 144 125
107 145 128
103 143 131
102 143 129
104 145 126
106 146 127
106 146 124
109 149 123
105 153 121
107 156 124
109 156 126
106 157 127
109 159 127
113 156 128
111 152 125
108 155 128
108 153 130
106 156 131
105 160 131
104 163 130
103 163 129
104 159 133
100 162 130
100 160 129
102 157 128
99 156 129
96 152 127
99 149 131
95 148 134
91 144 137
92 143 137
88 139 141
89 135 145
91 133 141
88 136 140
84 139 138
87 140 142
91 137 146
91 141 148
90 144 145
92 143 146
90 146 149
92 143 146
96 142 143
94 140 144
96 144 142
95 141 142
96 145 138
96 141 138
94 137 135
93 134 133
93 137 135
92 137 135
92 139 135
90 136 139
86 135 138
83 138 137
81 141 138
84 138 136
85 135 140
83 135 138
80 139 135
82 140 139
78 143 141
81 144 141
84 147 138
82 144 140
82 148 144
82 152 148
86 149 146
83 151 142
83 155 141
84 159 143
86 159 139
86 157 142
90 154 141
92 156 139
92 152 140
92 151 140
90 154 142
92 152 144
92 150 140
95 146 144
93 149 146
93 149 143
93 152 140
89 151 140
87 155 139
83 156 138
79 154 136
75 155 136
76 156 138
72 154 139
73 155 137
73 159 141
71 158 140
74 155 138
71 153 142
75 151 138
71 155 140
70 157 144
74 155 146
70 155 144
68 155 140
71 156 136
75 155 137
76 159 139
73 158 143
70 154 140
66 157 143
65 154 146
67 155 146
70 154 143
69 152 143
72 155 140
73 154 143
72 152 146
73 151 144
71 148 140
73 152 141
73 151 143
76 151 142
74 155 143
76 153 145
75 151 149
73 152 150
76 151 148
74 150 146
78 146 150
78 145 149
80 143 150
76 140 152
74 141 151
74 140 148
73 140 148
69 142 146
69 138 147
67 134 149
70 138 151
67 141 155
71 143 155
70 145 157
66 149 155
63 148 154
66 148 153
65 145 157
68 145 154
67 146 155
63 142 158
66 140 159
69 139 163
65 136 159
69 140 162
68 137 163
70 141 165
74 138 164
74 136 166
72 132 166
72 135 168
68 132 166
71 132 164
74 131 160
76 128 161
78 124 164
82 126 163
78 126 161
78 125 158
79 121 155
75 122 157
78 122 159
78 118 157
77 116 156
80 120 158
82 121 158
80 125 158
79 121 157
83 122 159
84 122 156
83 123 158
87 120 159
91 119 161
88 122 159
90 119 159
90 119 159
87 118 159
88 116 157
85 120 157
86 121 160
87 120 163
88 122 161
92 120 160
92 117 159
91 116 157
93 119 155
95 118 155
91 116 155
88 116 154
91 119 152
95 115 151
91 115 150
95 112 147
93 109 143
97 110 141
100 107 141
104 104 140
107 106 137
103 106 141
107 106 143
107 105 145
103 101 146
105 98 143
101 95 145
100 94 146
100 92 149
104 94 151
106 91 147
108 90 143
106 90 140
103 86 137
103 82 141
99 83 139
99 83 140
99 86 141
99 87 142
96 85 143
100 89 146
97 89 142
101 93 145
103 90 147
105 89 148
104 90 146
101 91 146
100 93 147
104 91 148
105 90 147
108 87 151
104 86 147
106 88 149
105 92 147
108 88 145
107 84 141
104 81 139
100 78 143
97 80 140
95 78 137
92 75 140
93 78 140
97 82 143
93 85 147
89 89 144
93 87 144
89 87 142
91 87 141
87 88 139
90 92 135
89 95 133
90 91 132
87 87 130
87 89 129
83 89 132
82 87 135
82 87 134
84 90 134
87 89 136
83 86 133
81 89 130
79 87 132
82 87 135
79 83 138
83 83 134
80 85 137
84 88 135
81 89 136
82 89 139
82 90 140
78 94 141
74 97 137
77 98 141
74 101 142
75 102 144
73 98 143
74 100 139
70 103 135
73 105 135
76 102 139
75 105 135
73 102 136
77 99 132
74 98 132
71 100 133
75 104 130
74 106 128
72 108 132
68 106 134
69 103 133
67 100 136
68 102 133
64 106 136
63 107 132
63 108 128
67 107 131
66 108 127
62 112 127
59 113 128
58 111 124
54 108 120
51 106 123
54 109 123
58 112 121
56 114 122
59 112 125
59 114 123
63 114 125
66 115 124
69 112 121
65 115 119
66 114 121
66 114 122
67 116 123
70 113 125
70 116 124
68 117 125
64 121 122
66 122 118
68 126 114
71 123 110
69 124 108
71 122 109
68 119 106
68 117 108
72 113 107
73 116 104
72 116 108
74 114 109
78 118 106
82 121 104
79 124 102
83 128 106
82 127 102
83 130 104
79 131 104
81 131 106
78 134 107
76 135 111
72 137 110
68 137 113
67 139 114
64 141 116
62 145 116
63 145 112
61 142 115
61 141 112
57 138 110
61 141 106
64 144 105
61 142 101
59 140 100
62 138 102
65 137 102
62 140 101
60 141 105
61 141 105
63 141 105
60 144 109
56 142 106
57 140 103
53 138 106
53 135 107
56 132 106
53 136 107
49 139 109
49 137 110
49 140 113
48 137 115
51 141 111
50 141 107
46 141 107
44 137 109
42 137 110
45 137 114
43 139 110
41 136 112
42 138 116
38 142 115
36 140 113
32 141 116
34 138 116
36 135 113
32 136 112
34 135 113
37 139 115
37 142 114
33 139 111
35 135 109
36 133 110
38 130 107
40 132 104
39 130 106
41 134 106
43 134 109
39 133 108
36 130 106
37 128 103
35 124 104
34 121 107
32 122 108
31 122 108
32 120 112
31 119 111
27 115 111
30 118 115
31 115 116
31 113 112
30 112 116
29 116 115
33 115 116
29 114 119
30 110 118
28 109 119
28 109 121
24 109 124
27 106 128
28 106 130
30 108 128
27 107 124
28 110 126
28 113 129
26 114 133
27 111 131
30 109 132
29 106 129
26 110 126
25 110 127
28 113 125
27 111 122
30 110 118
31 106 120
29 103 119
27 102 117
28 105 118
29 106 117
29 108 121
28 107 119
31 111 123
35 107 119
33 108 116
32 108 112
28 111 108
30 111 110
32 109 113
32 107 111
31 108 115
29 106 116
31 104 114
35 107 114
34 108 116
38 105 116
39 101 113
42 99 110
38 100 113
40 99 114
40 95 111
38 99 110
35 100 114
34 97 117
33 93 120
32 92 124
34 90 124
38 92 126
40 88 123
39 85 119
40 86 119
42 85 118
39 83 116
41 82 115
44 82 118
45 85 122
48 87 120
48 90 119
52 89 120
49 90 120
53 90 117
57 86 114
61 83 111
63 79 108
63 78 107
65 82 106
69 79 107
69 77 108
72 78 109
71 80 107
71 77 103
68 81 104
64 83 106
61 81 103
61 82 100
65 85 103
66 85 104
69 87 105
69 84 104
68 88 102
65 92 99
63 95 102
63 95 98
61 98 94
58 98 97
59 102 96
58 103 96
62 105 95
62 103 91
62 105 92
61 109 93
58 106 96
56 108 99
54 104 98
58 103 96
57 102 99
61 106 95
61 105 92
63 103 92
66 105 89
67 104 92
65 100 90
66 96 92
62 94 90
65 90 90
61 93 87
60 93 86
64 97 83
68 95 83
66 91 85
69 92 87
67 96 83
68 93 82
68 92 83
65 96 84
61 93 88
63 96 91
66 97 91
68 97 90
64 101 86
63 101 85
63 102 81
59 100 77
63 99 73
67 101 76
70 100 73
72 98 77
68 96 76
72 97 76
70 97 76
69 95 74
70 92 72
66 88 68
62 88 72
61 92 70
65 92 72
66 92 69
64 92 65
60 91 69
62 89 66
66 87 67
67 90 65
65 89 68
68 93 67
72 96 64
70 94 61
71 98 63
72 97 61
74 98 62
71 97 64
74 94 66
73 96 63
70 99 62
