42 34 44
45 32 41
41 33 44
37 37 41
40 33 40
39 36 39
39 38 42
43 41 41
42 39 41
40 38 38
43 38 36
40 35 38
40 31 34
41 34 38
42 33 41
38 36 41
34 34 37
32 35 39
29 32 39
32 36 42
30 39 45
28 38 46
26 35 43
25 34 44
28 32 40
24 32 37
24 30 33
22 29 37
20 31 37
21 35 38
18 39 36
19 36 39
17 34 41
20 30 45
20 26 45
16 28 45
14 29 44
14 32 40
11 28 42
7 32 46
3 36 46
4 32 48
4 29 51
0 26 48
2 23 49
1 21 45
5 18 45
8 22 41
10 19 37
12 15 38
8 13 38
11 10 42
8 13 39
11 10 42
10 10 44
13 8 42
15 10 38
19 12 36
23 10 37
27 10 39
28 6 42
32 5 40
32 5 37
30 4 35
29 8 33
25 10 36
21 12 38
20 10 38
16 7 37
16 5 38
15 3 41
11 2 38
13 4 34
15 3 38
17 6 41
21 2 39
21 5 43
20 2 46
17 4 48
17 5 46
17 8 47
15 7 43
19 8 41
15 4 40
13 0 42
10 0 40
10 2 41
13 2 44
16 2 40
18 1 39
19 4 41
19 8 39
22 7 43
19 3 41
20 3 40
17 4 38
18 1 38
18 2 36
18 2 36
19 5 37
23 6 41
25 6 44
22 2 48
25 2 48
24 0 44
28 1 46
29 2 45
29 1 49
27 2 50
31 1 51
30 4 49
30 3 47
30 4 43
32 7 46
36 10 46
36 12 49
39 9 52
35 12 52
39 11 50
43 10 48
43 8 49
47 7 48
45 7 45
44 9 46
43 8 49
41 11 52
37 10 51
36 8 49
35 6 49
33 4 48
29 6 45
26 5 45
27 4 47
31 3 48
32 2 50
33 3 52
35 0 56
39 2 55
41 4 54
42 1 51
40 2 51
41 2 49
38 2 52
40 0 54
44 2 53
41 3 56
40 0 60
37 1 56
40 2 58
38 3 59
37 2 61
37 3 61
41 6 59
45 9 57
42 5 53
43 7 53
46 6 52
43 5 52
45 7 48
42 4 46
42 3 46
42 5 50
46 4 52
48 8 48
49 5 44
46 8 48
42 11 49
46 10 45
46 7 45
48 6 45
48 8 41
44 5 42
43 9 42
47 13 41
45 15 42
48 17 44
50 14 41
49 17 38
45 15 39
45 17 43
44 21 47
42 21 47
38 24 43
34 24 41
30 23 45
28 24 42
30 25 42
26 25 45
29 24 48
33 20 48
31 22 52
35 22 56
33 23 58
29 26 59
32 25 59
29 24 60
31 23 60
31 23 64
33 26 61
36 23 61
37 20 65
38 17 69
41 14 69
45 15 73
45 16 70
49 13 67
50 13 64
54 10 65
55 9 63
56 13 61
53 10 65
55 13 64
52 17 67
51 16 65
52 12 64
52 11 66
49 9 69
48 12 71
50 14 69
51 10 67
49 12 66
48 16 67
52 18 67
50 22 69
49 21 72
46 18 76
45 14 75
49 16 71
48 13 75
49 9 74
47 13 75
44 13 71
41 13 73
45 17 77
41 18 81
39 22 85
39 22 87
39 18 85
43 17 88
42 18 85
44 14 86
45 12 84
42 10 83
38 11 80
39 9 76
36 5 75
35 2 75
39 3 78
37 4 75
35 1 75
38 0 79
41 2 78
43 2 81
40 2 83
44 2 83
46 1 85
47 2 86
44 0 85
48 2 86
44 0 88
46 2 89
43 5 88
46 9 88
45 8 88
45 6 84
45 9 88
47 13 87
44 9 85
45 11 87
46 12 88
50 8 88
46 7 86
50 11 88
46 11 87
45 14 85
43 18 85
47 17 86
48 19 89
48 15 90
50 15 94
54 17 91
55 21 92
56 21 89
58 24 91
56 21 90
55 17 94
57 21 95
53 23 99
55 25 96
59 29 93
60 33 97
59 31 95
61 33 99
60 33 99
61 34 99
64 31 101
66 31 100
66 34 98
63 36 99
63 35 95
65 31 93
66 32 89
67 32 85
64 35 83
67 36 80
69 35 84
70 38 81
67 39 78
66 41 76
69 42 80
72 43 83
73 46 86
70 47 85
74 46 83
77 44 83
81 44 86
83 43 88
79 47 84
78 46 83
80 48 84
78 50 82
78 52 85
76 53 89
78 50 86
78 48 88
74 46 92
75 49 91
73 53 89
71 56 88
70 60 92
67 57 90
68 57 86
65 58 83
67 55 86
68 55 87
64 51 84
65 50 88
62 47 88
61 49 85
58 51 84
54 53 80
51 52 80
49 53 77
53 57 75
53 57 77
55 53 79
52 57 75
50 53 72
52 57 68
51 58 65
48 56 61
49 60 62
45 56 58
41 58 60
42 56 59
43 53 57
44 55 60
44 51 58
46 49 61
46 52 62
48 52 58
52 56 58
50 60 61
53 64 63
54 60 60
52 58 64
56 56 66
52 54 65
50 50 69
54 54 67
50 53 65
53 52 67
51 52 65
50 56 62
49 55 59
45 51 57
47 53 59
49 52 55
48 48 55
49 48 52
51 52 55
55 48 56
59 46 56
60 50 54
58 49 55
56 46 59
55 43 60
56 44 58
52 47 61
54 45 60
54 49 62
53 48 58
51 51 55
53 48 53
54 45 54
53 43 58
54 44 57
53 45 56
53 44 53
52 48 49
49 52 45
45 56 49
48 57 45
52 58 43
53 57 47
49 53 46
51 53 43
51 57 40
50 55 44
46 58 44
45 61 48
45 58 44
48 54 45
45 54 46
44 54 46
45 53 49
49 52 45
47 52 44
44 50 47
44 53 44
40 53 48
42 56 49
43 53 47
44 57 47
41 55 48
43 57 49
40 57 49
44 55 48
47 51 46
46 48 47
45 44 50
43 44 49
43 48 48
39 45 51
38 45 53
36 45 51
38 46 53
41 50 57
38 51 53
34 49 50
35 52 47
39 48 50
35 47 48
33 49 46
29 52 43
33 55 44
31 56 44
30 58 46
29 60 42
28 61 46
25 64 46
28 66 43
30 67 47
34 66 48
34 65 51
33 66 51
32 64 48
29 61 52
27 65 50
31 62 46
30 59 42
28 55 44
26 57 48
25 54 51
22 50 50
26 53 48
26 53 46
26 50 43
29 51 40
29 52 39
25 51 36
26 50 39
26 52 40
25 55 37
29 59 41
33 63 37
37 64 40
38 66 44
37 68 40
40 67 39
41 71 41
41 72 41
44 74 39
42 76 36
45 79 33
42 78 29
46 77 32
46 76 31
43 73 31
45 69 34
46 70 35
47 66 31
50 62 35
49 63 37
50 59 33
51 58 29
47 59 32
43 62 36
42 65 34
44 61 36
47 58 34
46 58 35
47 61 31
49 63 27
50 63 29
49 61 28
47 63 26
49 67 25
46 63 25
46 67 21
47 63 21
49 59 22
52 60 21
54 57 24
54 59 26
55 56 26
58 54 28
57 51 28
61 50 27
62 53 31
62 51 28
65 51 26
62 52 29
62 54 30
61 54 29
57 53 28
57 52 32
56 48 36
60 52 40
64 53 42
67 55 38
66 59 34
63 60 34
66 63 38
70 61 39
67 64 35
66 68 33
66 69 31
68 68 28
68 71 31
68 72 35
69 68 39
73 67 39
70 67 37
74 64 35
72 63 35
70 67 35
67 67 31
70 65 29
67 69 27
65 72 24
66 73 20
65 70 21
65 69 22
63 73 18
61 77 18
64 73 17
62 77 20
64 81 20
64 84 19
67 85 19
68 84 16
71 81 19
74 79 22
77 79 23
73 78 24
72 77 23
72 76 20
76 78 22
76 82 19
80 82 16
78 82 16
79 85 12
79 86 12
78 85 10
75 87 13
79 91 16
81 93 20
82 95 16
83 95 18
87 91 16
87 95 19
88 97 22
88 94 26
90 91 28
93 92 24
89 90 20
87 87 21
87 90 19
87 91 18
87 94 20
85 92 17
86 95 15
89 95 14
86 95 14
85 91 16
89 91 18
86 94 16
88 92 16
92 92 15
91 96 13
95 94 10
95 93 7
93 91 6
95 91 9
92 91 13
93 88 14
91 87 10
93 83 7
95 80 3
93 79 6
90 79 2
93 78 0
97 79 2
99 77 6
103 80 5
100 78 6
101 75 7
99 72 4
103 69 6
106 71 3
108 72 3
112 70 6
113 68 5
114 69 7
114 73 8
114 70 6
114 74 6
110 77 6
111 76 2
114 78 3
115 74 5
113 73 4
117 69 4
113 70 3
112 66 6
111 70 9
111 69 13
113 72 9
110 74 10
112 70 9
113 68 5
113 68 9
113 69 7
110 69 11
110 72 12
114 75 11
115 78 14
117 78 18
119 76 19
116 76 20
118 74 17
117 71 18
118 74 17
117 77 13
115 81 17
118 81 16
118 78 20
118 74 22
120 76 20
118 76 22
117 79 24
116 76 23
113 79 22
109 80 18
107 78 14
110 75 13
114 79 10
115 79 9
112 78 7
109 81 4
113 77 1
111 78 2
111 78 5
112 76 5
110 77 2
111 79 6
108 76 4
112 75 2
111 79 4
112 83 7
111 82 4
111 82 0
113 81 2
117 83 5
121 86 8
117 83 11
113 86 12
116 89 12
113 86 15
111 85 11
109 86 8
105 90 10
108 92 13
112 91 12
114 87 12
114 84 12
116 85 12
118 87 16
121 83 16
125 84 14
125 83 13
128 83 9
127 84 10
128 84 9
128 88 7
127 84 8
128 85 4
130 85 6
127 84 4
124 85 4
128 87 1
128 84 5
129 85 5
129 86 2
133 87 2
134 88 0
132 88 4
132 88 8
134 85 8
130 87 12
134 83 15
134 85 11
130 82 10
131 83 6
127 80 2
123 81 6
126 78 3
124 77 2
127 75 2
126 77 0
127 76 3
123 74 6
120 75 3
120 72 0
121 69 1
122 69 3
118 72 7
117 71 11
121 70 8
123 69 9
126 73 8
128 77 9
130 80 10
129 80 7
130 77 3
129 73 7
128 76 3
124 75 7
126 73 8
127 72 6
125 73 9
126 77 6
128 75 4
124 71 2
123 75 2
124 78 2
121 78 5
123 76 1
121 77 2
122 81 2
125 83 2
123 87 5
126 89 1
123 93 1
127 91 3
124 89 2
127 89 4
126 86 7
123 82 5
121 82 9
123 80 5
120 76 6
124 77 6
122 81 8
125 82 10
123 84 11
127 81 12
124 82 9
126 81 5
125 82 6
129 86 3
125 84 5
127 86 1
124 83 2
122 82 6
123 80 9
126 81 9
130 77 12
131 74 15
133 76 16
133 76 15
137 75 12
140 75 16
137 73 18
134 76 18
138 73 15
134 72 13
135 75 15
138 72 14
134 70 10
135 69 13
136 69 9
137 70 6
139 71 4
137 67 6
134 64 10
134 66 12
136 63 12
133 61 10
135 60 9
135 58 9
138 62 10
141 61 14
138 57 13
141 60 14
140 57 13
142 53 15
146 50 12
148 49 8
147 46 10
147 44 9
150 40 6
150 44 7
149 42 11
151 44 8
153 43 4
157 39 1
153 37 2
151 36 3
148 39 0
151 39 3
150 38 7
154 35 6
157 32 5
155 33 7
159 34 5
155 33 9
151 35 12
151 37 13
151 36 11
155 34 10
159 31 13
159 32 17
156 28 21
156 27 22
158 24 25
158 28 27
156 27 27
159 30 25
156 30 25
158 33 29
159 29 29
158 31 31
157 28 30
153 32 28
150 30 25
154 33 23
152 33 19
148 29 17
149 33 19
153 37 17
152 38 15
149 42 14
149 45 13
146 47 13
149 45 14
148 43 18
152 47 20
148 44 23
151 44 25
151 40 28
150 40 31
154 41 34
150 41 33
153 39 31
154 41 29
151 43 25
149 40 21
151 43 18
149 42 14
153 38 10
150 36 11
146 38 10
150 36 12
152 36 11
152 37 13
148 41 10
146 39 12
148 43 9
149 42 9
150 44 11
152 40 12
150 42 9
153 38 13
150 41 10
154 40 7
150 43 6
147 45 6
143 44 9
143 47 6
142 46 9
145 49 5
148 45 9
144 45 13
143 48 12
144 45 14
140 49 10
137 46 12
134 46 15
131 42 17
135 39 17
139 39 17
135 38 15
132 36 13
130 36 11
128 38 9
129 37 9
130 41 6
131 38 9
133 34 6
133 38 2
134 34 2
132 31 2
128 32 3
132 32 6
128 33 6
124 30 3
128 27 1
126 26 2
126 25 6
127 23 6
131 23 5
127 27 7
131 30 5
135 33 9
139 33 6
137 31 2
136 34 2
137 36 2
140 32 4
138 35 7
140 34 3
139 36 5
142 34 8
144 33 10
145 33 11
149 37 13
145 34 13
148 36 10
150 32 7
149 32 5
150 35 4
148 38 3
147 39 3
148 43 2
152 42 5
150 43 8
150 44 12
152 43 15
152 46 17
156 43 20
160 45 21
164 42 23
166 42 25
169 38 23
172 39 26
174 40 22
176 41 23
175 41 19
179 45 18
178 47 20
179 43 20
183 45 20
181 46 19
177 46 17
175 49 18
172 50 20
170 49 20
166 50 19
165 54 23
163 56 24
164 55 23
166 57 20
168 58 24
166 55 25
166 53 27
163 54 29
159 55 29
159 51 30
157 49 28
158 53 26
160 53 28
159 57 27
157 60 28
155 56 26
156 52 29
160 53 33
162 54 33
158 56 30
156 60 30
158 63 33
156 60 37
155 57 39
158 57 38
155 61 36
159 64 40
156 66 44
157 69 45
160 68 48
160 68 52
156 64 55
153 64 51
149 60 55
151 64 57
155 65 56
156 69 56
157 68 56
160 71 53
162 72 56
166 76 59
170 80 56
174 78 57
173 75 53
170 78 55
174 81 56
176 78 60
175 80 56
173 78 55
175 79 57
172 79 58
176 83 60
180 87 56
180 86 54
177 84 52
176 87 55
177 88 57
178 84 60
174 88 58
173 89 61
174 89 63
177 90 64
176 94 65
174 91 64
173 88 68
171 84 67
172 87 66
172 91 63
171 88 67
169 89 68
165 90 64
167 91 68
166 92 66
170 90 66
167 92 70
171 92 74
174 88 78
176 90 79
175 93 83
173 90 84
173 93 82
174 97 83
175 100 85
174 103 87
172 100 88
169 100 88
166 97 87
165 96 85
168 97 87
171 98 85
175 100 88
171 98 85
172 101 88
172 99 89
171 95 87
168 92 83
168 92 86
164 89 86
167 87 84
166 90 88
170 87 84
170 84 88
167 88 87
167 91 88
166 90 91
165 89 91
166 93 89
162 94 85
165 98 82
165 95 82
164 93 81
166 89 80
165 88 81
161 91 79
163 89 78
164 85 78
163 89 79
164 88 82
160 84 82
161 85 86
163 82 86
166 79 82
168 76 84
170 76 84
168 76 82
164 78 80
162 80 84
165 77 80
161 74 81
160 77 83
160 73 80
161 69 79
160 68 79
158 68 81
158 72 78
159 76 74
163 76 74
166 73 74
163 75 70
162 76 67
159 73 66
155 73 64
159 75 68
163 72 67
161 72 68
163 69 65
160 72 66
157 75 70
156 76 67
158 78 64
158 80 60
158 81 59
157 79 58
160 82 62
158 85 62
159 82 59
155 85 61
151 81 61
147 83 58
147 80 57
143 82 60
145 79 58
148 76 56
152 73 58
155 76 55
159 77 54
159 74 58
158 77 60
159 78 60
155 74 58
158 74 56
155 78 60
155 76 60
152 76 59
148 79 57
148 83 60
148 87 56
149 90 56
145 91 58
141 89 59
142 90 58
143 89 60
140 87 63
139 84 63
141 87 62
144 86 62
143 83 58
147 82 62
145 86 64
147 89 64
143 92 64
142 92 66
146 96 67
145 92 63
146 91 66
150 92 68
151 88 67
149 91 68
145 88 70
148 90 73
151 92 77
153 90 78
154 87 82
150 83 85
154 84 86
153 84 83
156 81 79
153 77 81
151 74 81
153 73 84
157 72 88
153 69 89
155 68 85
154 64 87
155 66 85
154 70 82
151 69 82
150 73 78
150 69 80
149 65 78
149 61 76
148 65 77
147 62 81
145 60 80
145 62 76
142 62 79
144 64 81
144 64 85
145 66 81
144 65 80
146 66 79
148 70 78
146 66 76
148 64 75
150 67 73
154 68 77
153 66 76
157 70 74
159 70 77
157 66 80
156 66 82
155 63 84
152 59 88
152 56 84
151 56 81
150 59 80
150 63 77
154 67 74
151 65 76
155 63 78
158 59 82
161 56 80
160 57 77
163 54 75
163 54 76
159 51 80
163 52 83
161 48 84
164 46 81
160 45 85
159 46 89
158 50 89
154 47 90
156 46 94
160 47 90
159 46 91
163 43 90
161 47 89
160 48 92
160 49 95
158 52 95
156 56 92
152 56 93
151 57 97
150 56 100
148 60 98
147 62 95
143 58 95
144 57 93
140 57 91
137 55 93
141 55 94
139 54 98
140 55 97
138 53 94
136 54 98
138 51 97
142 50 94
143 51 91
141 55 91
143 58 91
145 57 90
142 60 94
142 58 95
144 60 96
144 61 96
146 65 94
147 66 94
144 67 91
143 69 95
146 70 91
145 67 89
149 63 92
147 62 93
151 60 90
150 58 86
153 54 85
151 50 87
147 53 86
148 50 87
148 47 89
144 50 85
140 54 86
142 58 86
140 55 82
140 52 82
140 54 82
143 58 78
145 56 82
146 58 86
150 55 87
152 57 90
156 58 88
155 57 87
151 61 83
154 64 82
158 62 79
159 58 83
158 60 80
162 59 77
164 55 80
166 55 82
165 53 81
168 57 83
169 55 85
168 58 87
164 56 87
160 53 83
163 57 84
163 55 81
159 55 84
156 54 83
154 55 81
150 51 77
148 54 74
152 58 72
156 62 74
152 64 74
154 68 70
154 67 72
155 64 70
152 60 66
155 62 69
154 60 68
153 64 66
152 67 65
150 68 63
147 70 67
148 70 69
150 71 71
152 69 69
152 69 73
149 65 69
146 68 68
142 70 66
145 69 70
144 67 74
142 69 71
144 70 73
147 66 73
148 67 72
152 66 74
153 63 77
154 67 75
150 68 77
149 67 76
151 71 77
147 72 80
146 75 79
144 77 75
142 80 72
142 83 70
139 84 69
143 86 69
145 85 68
141 84 70
143 84 74
140 85 71
139 84 68
137 87 64
134 89 63
134 92 61
134 90 62
134 94 60
137 97 61
138 95 63
139 95 61
138 96 64
140 95 60
143 95 59
140 92 61
142 90 65
145 91 61
143 91 61
147 89 65
143 92 68
143 93 69
142 91 68
140 94 64
136 97 63
134 96 66
132 97 66
130 93 69
127 94 71
128 92 72
131 88 71
129 84 71
128 80 71
127 84 71
129 88 67
127 88 63
126 88 62
122 92 62
125 90 66
128 89 64
127 89 61
126 91 64
129 94 62
129 95 66
133 94 67
137 93 69
141 92 65
139 88 62
141 85 62
142 88 60
141 87 64
145 88 65
144 91 65
140 95 68
139 91 69
141 90 69
142 90 67
138 89 69
137 93 68
141 89 71
145 86 69
146 86 71
148 88 75
152 88 77
150 85 80
149 83 81
147 84 81
144 80 82
142 79 81
138 82 81
141 79 82
138 80 78
141 82 81
143 82 79
140 84 82
138 83 79
136 84 83
135 83 83
135 79 85
131 82 88
127 78 86
131 80 86
130 77 89
126 77 85
128 78 85
128 80 83
130 76 79
132 74 75
130 76 76
127 80 76
129 84 76
130 88 79
134 85 75
133 87 74
132 91 70
129 93 66
126 96 69
130 93 72
128 90 73
131 87 73
127 87 69
125 85 69
122 88 65
118 89 64
118 86 65
115 88 63
115 85 63
117 84 66
121 82 65
121 79 61
124 79 57
120 78 59
124 76 63
128 73 67
124 74 69
128 73 69
128 74 67
131 72 64
134 74 60
135 74 64
138 73 60
134 74 61
137 76 58
140 77 60
143 78 63
140 76 61
143 75 59
145 77 58
142 77 62
141 79 62
140 82 59
137 82 57
135 81 56
135 83 56
134 84 60
137 82 59
135 85 63
132 81 67
132 84 64
132 80 68
134 84 67
135 86 64
131 89 67
129 90 63
132 91 64
129 92 61
127 90 61
126 94 65
127 98 64
128 97 64
130 97 68
133 93 69
137 89 72
140 90 74
143 94 75
144 91 73
147 93 74
148 94 76
145 98 80
147 96 83
147 96 85
150 98 83
149 94 82
147 95 80
150 99 81
151 103 79
154 103 79
158 102 78
158 99 78
155 101 74
153 103 73
156 104 71
158 107 71
159 108 71
162 104 71
160 106 72
161 103 71
164 104 68
167 101 72
164 104 74
163 101 77
167 98 77
171 97 73
171 93 74
170 91 74
171 95 75
169 96 72
168 93 76
171 97 78
168 97 76
166 93 74
166 91 77
169 89 81
165 85 84
169 88 80
169 89 80
167 88 81
167 84 82
169 82 85
170 86 85
174 87 88
170 90 86
174 88 86
171 86 86
172 89 82
172 89 78
174 93 75
175 91 78
174 93 80
171 94 79
174 93 80
173 93 77
171 93 78
170 94 77
171 91 80
175 95 79
177 96 77
178 94 73
181 97 74
183 97 77
184 93 80
188 96 81
191 95 82
189 97 78
193 98 82
189 94 80
188 91 80
189 88 84
188 88 82
184 92 78
187 96 80
188 99 82
184 101 85
181 98 81
180 98 82
183 98 85
187 100 84
188 102 83
191 100 83
194 97 86
191 94 89
189 95 92
187 98 91
183 95 90
183 98 91
184 98 89
183 96 93
183 99 92
179 100 95
175 97 99
174 96 97
171 92 101
173 89 105
170 88 109
169 92 108
166 95 111
167 95 113
170 97 113
167 100 116
170 104 112
166 100 109
165 102 109
167 100 108
164 103 105
162 104 101
166 108 99
167 111 101
171 112 98
168 109 99
168 109 96
167 108 100
168 112 99
165 115 101
163 113 102
164 113 99
161 112 101
162 108 99
158 105 101
162 104 102
164 101 101
165 101 101
169 98 100
172 97 97
173 97 93
171 93 90
175 91 93
177 87 93
180 85 93
176 87 97
179 86 98
179 90 97
180 89 95
181 91 93
182 88 96
179 87 100
178 83 100
177 82 96
178 84 94
177 83 91
174 82 94
177 85 96
178 81 93
182 80 90
186 78 90
189 76 90
190 72 87
193 72 84
194 70 80
190 73 79
193 75 83
192 72 82
195 72 85
191 71 89
195 72 89
196 70 90
198 70 89
194 66 85
193 63 86
193 65 82
189 64 84
192 61 88
194 58 88
196 54 91
198 56 87
195 56 86
197 55 86
200 59 84
201 61 82
203 62 81
203 59 84
205 62 82
202 63 79
203 65 77
206 68 76
204 64 75
201 61 77
204 65 76
205 65 79
205 64 81
201 63 81
198 61 82
201 59 81
205 59 85
208 58 81
204 55 80
207 53 76
207 52 72
209 51 69
210 51 68
211 51 65
209 52 67
213 56 67
211 57 64
214 61 65
210 62 66
209 64 64
208 68 65
208 66 67
211 66 71
211 65 72
215 67 68
215 64 67
211 63 63
212 60 67
212 56 69
215 54 73
215 57 71
211 56 69
210 60 69
214 60 65
211 62 66
209 60 63
211 62 59
208 61 59
206 64 60
210 67 63
206 67 61
206 71 62
210 74 58
210 78 59
208 79 60
204 75 61
206 72 62
209 71 62
205 73 66
201 75 69
199 74 68
201 77 70
200 79 72
200 79 74
199 81 78
196 79 80
194 77 77
192 80 75
189 76 77
190 76 80
192 76 76
189 77 73
189 79 71
185 76 70
189 79 66
189 83 62
188 79 61
192 77 57
193 75 55
196 71 57
193 72 60
195 69 58
195 71 62
194 74 62
195 78 61
192 77 60
196 80 62
192 84 65
188 85 62
191 81 61
188 84 57
189 87 60
187 91 57
188 92 59
188 90 63
187 86 67
191 89 68
190 93 69
193 91 69
194 94 69
197 98 66
194 96 68
191 94 71
193 97 69
195 101 68
197 101 70
193 99 68
190 101 64
193 97 61
194 93 63
190 91 64
192 88 64
189 85 64
188 87 65
190 90 69
191 93 73
191 97 70
194 97 70
196 100 73
195 97 69
194 100 66
198 96 64
195 96 63
193 95 62
196 97 58
195 96 60
193 98 64
190 94 62
193 94 60
195 94 63
193 97 64
189 95 64
191 96 67
193 93 66
189 89 63
192 89 67
195 92 65
192 95 67
189 91 66
189 87 65
189 83 61
191 81 63
189 84 61
193 85 64
191 88 60
189 89 58
190 90 62
193 86 59
197 82 55
194 79 54
190 80 53
187 76 56
187 76 52
190 73 54
191 71 53
188 75 55
192 73 51
191 69 53
190 67 56
189 68 52
190 64 51
192 62 48
196 65 45
193 63 47
189 67 49
185 68 51
185 65 50
184 63 52
185 66 54
182 63 57
180 60 58
178 64 55
176 66 51
177 67 47
174 65 51
170 65 51
168 66 53
171 66 50
171 66 48
173 65 44
170 63 48
171 59 46
167 57 44
166 56 41
168 57 39
167 56 42
163 54 38
161 50 34
158 49 38
157 53 38
161 56 39
165 58 42
167 55 42
167 59 39
163 57 42
165 53 38
165 50 39
165 52 37
168 50 38
169 51 35
169 50 37
169 54 33
168 54 34
171 54 34
174 55 33
173 53 32
175 53 32
174 56 36
178 56 38
179 60 38
180 57 42
178 61 46
181 61 44
185 57 42
185 59 44
187 57 43
189 61 43
193 65 46
193 66 43
195 63 41
196 64 40
200 63 40
200 63 43
197 66 45
193 68 45
196 69 41
199 67 45
202 69 43
201 67 41
197 65 44
197 66 40
197 66 41
200 70 43
200 69 47
202 67 48
202 71 51
205 71 47
201 75 45
197 74 41
201 72 38
200 69 40
203 68 40
202 67 37
204 64 37
204 64 37
200 63 39
203 62 37
204 61 33
200 65 29
200 61 25
202 60 21
201 62 23
204 58 27
203 56 31
202 57 28
205 53 28
208 56 26
209 60 22
212 56 20
211 56 22
208 59 19
212 56 18
211 54 20
208 56 17
207 57 17
203 53 20
203 50 19
202 52 15
201 50 19
200 54 18
202 58 18
205 56 18
204 59 16
208 59 13
211 61 13
214 61 9
213 63 9
217 60 13
215 58 14
214 62 12
212 63 13
216 65 15
218 67 18
222 67 18
218 69 18
214 73 16
217 76 15
219 74 13
217 70 17
220 70 19
222 67 22
224 63 22
221 64 24
217 64 27
214 61 24
211 62 28
214 61 30
214 59 27
218 59 26
219 63 29
220 66 25
219 63 28
223 63 25
222 62 21
223 64 19
226 64 19
230 66 18
226 68 18
226 67 21
228 69 24
225 68 26
229 68 24
230 65 21
228 69 24
229 68 23
227 69 25
226 70 21
223 73 19
223 76 16
221 77 17
220 76 13
218 79 15
219 83 18
216 81 16
220 83 16
221 84 12
221 80 8
221 79 7
217 76 4
219 73 8
216 71 8
217 73 10
213 70 8
211 74 10
214 73 9
215 71 11
218 67 11
217 65 8
216 63 12
212 66 10
213 64 14
212 66 15
209 65 15
209 68 12
210 69 14
206 66 12
206 70 11
209 66 13
205 63 15
202 63 17
201 66 14
200 64 13
198 64 13
194 63 11
191 63 8
191 62 9
190 58 5
186 61 2
190 63 0
194 60 2
198 63 3
197 60 6
201 59 7
197 55 9
195 59 6
194 56 2
193 60 3
191 57 6
192 53 8
192 50 6
193 46 6
191 50 7
195 50 3
196 49 3
196 47 0
192 45 2
196 45 1
193 42 4
189 39 7
193 38 10
193 37 12
189 33 10
192 30 10
194 31 6
190 35 3
192 31 2
189 34 3
188 30 6
189 26 2
192 29 2
189 33 1
191 29 2
190 31 1
189 32 4
187 33 7
188 31 11
188 31 7
186 27 11
190 30 10
192 27 10
188 28 13
191 26 17
192 28 14
196 27 18
198 25 22
196 28 23
200 31 22
200 32 22
202 36 23
198 37 26
202 36 29
206 35 26
207 33 23
205 34 20
205 30 24
209 31 25
209 30 26
208 30 28
212 29 28
216 27 29
214 27 27
211 30 26
214 32 25
218 32 21
217 30 23
213 32 22
209 32 18
209 29 18
212 25 22
208 27 23
211 29 27
210 25 24
206 26 21
202 26 20
199 25 16
197 26 15
193 27 12
196 25 9
194 29 11
190 29 8
191 25 12
189 29 8
190 28 12
187 29 16
188 29 15
187 28 11
184 27 7
181 30 8
183 33 9
187 34 10
183 38 10
184 36 7
184 38 6
186 42 4
188 42 3
184 42 1
180 41 3
183 38 3
182 38 1
184 34 1
188 38 2
186 42 5
182 40 1
183 42 3
182 42 7
178 43 5
177 40 1
176 37 3
178 39 7
174 41 7
171 37 3
167 37 7
170 37 7
170 34 9
173 38 7
176 41 7
176 45 4
180 48 3
182 52 5
180 52 8
179 50 9
178 52 8
176 50 6
178 47 8
181 45 10
177 48 7
180 46 10
182 46 8
184 49 9
182 52 7
185 54 9
184 56 10
187 52 8
189 51 6
187 47 10
183 47 7
183 47 10
185 49 11
185 52 9
186 53 5
187 52 6
191 54 2
195 55 5
192 52 5
194 54 9
198 54 7
201 51 6
199 51 7
199 50 7
200 48 10
201 48 13
197 49 12
196 53 12
196 52 10
197 54 6
196 56 7
199 58 5
198 58 2
194 58 1
194 62 2
191 61 2
189 62 0
186 62 2
183 59 5
187 63 1
183 64 4
179 63 5
175 60 7
173 63 8
173 63 8
173 61 12
172 62 8
175 58 11
172 61 7
171 58 9
173 57 10
174 61 9
172 62 12
173 65 12
171 67 9
172 71 8
174 73 10
174 73 8
176 74 5
172 75 5
174 72 6
173 74 4
169 71 7
169 69 7
170 66 9
170 64 6
168 66 10
168 63 6
164 64 9
160 61 10
159 61 11
163 64 11
161 61 9
162 61 8
162 63 8
166 66 11
163 67 11
167 69 14
170 69 17
171 65 20
174 68 23
171 69 21
170 72 23
170 70 20
169 68 16
167 68 14
170 64 18
173 65 21
172 66 22
175 66 20
178 64 19
175 64 15
178 66 14
182 62 11
186 63 13
189 63 13
189 63 9
185 61 7
181 64 10
181 61 14
184 61 12
183 58 8
180 62 6
181 59 2
182 58 2
183 58 4
187 54 4
188 52 4
190 52 5
194 51 4
195 47 0
192 44 2
196 42 5
192 43 5
195 40 2
192 40 2
189 37 0
192 41 2
190 38 0
190 40 2
189 37 2
187 41 2
191 40 2
188 39 5
185 38 3
184 41 0
184 45 2
181 45 0
181 42 2
179 42 3
176 42 1
178 40 1
182 37 0
180 38 4
178 41 1
179 39 5
180 43 1
177 43 5
178 45 8
181 49 6
185 48 3
181 50 2
181 50 2
185 46 2
181 44 1
181 47 2
183 51 4
183 54 0
185 53 2
186 52 0
184 51 4
186 54 5
186 53 6
182 53 7
181 54 4
177 50 7
173 47 11
171 47 7
173 50 8
170 51 5
174 53 1
176 54 0
180 53 2
181 50 0
182 48 1
184 48 2
184 45 3
187 45 5
186 48 9
189 45 7
189 47 8
190 49 4
191 53 3
188 52 7
185 55 8
187 58 10
185 61 7
186 60 4
189 61 7
188 59 4
191 62 1
190 65 0
193 68 4
194 71 4
198 74 0
194 71 4
198 69 2
195 72 6
199 68 8
198 70 8
200 67 12
202 71 12
202 74 10
203 74 14
206 73 11
204 71 11
201 69 13
200 65 11
196 69 13
192 66 14
196 70 12
196 66 14
198 70 18
195 74 14
194 73 14
190 76 11
190 73 10
193 72 13
193 75 12
191 73 13
194 73 12
193 69 9
194 71 6
194 74 4
196 72 2
195 75 4
197 78 3
197 75 4
200 78 1
199 78 2
195 78 4
195 81 1
197 84 1
197 85 1
195 83 3
199 84 4
201 87 2
204 85 3
205 88 6
202 86 4
200 85 8
202 82 10
204 79 13
200 76 9
200 74 11
204 77 7
205 73 7
208 70 3
206 71 2
206 73 4
204 70 0
205 70 2
208 66 2
207 70 6
203 68 3
204 70 3
202 66 2
200 68 1
202 68 2
205 64 4
208 63 7
212 66 10
215 66 9
211 64 7
213 61 11
215 59 11
218 59 9
220 55 6
219 51 5
220 53 9
216 52 13
218 55 15
218 53 14
216 52 12
214 48 12
218 51 15
221 47 15
220 47 13
224 48 17
221 49 14
217 53 13
221 54 13
217 54 17
215 55 20
219 59 19
220 63 23
218 62 23
218 61 24
220 57 22
216 56 19
215 56 22
218 56 25
215 54 25
215 53 28
218 51 32
217 49 36
214 50 32
218 53 33
218 55 37
215 55 40
211 55 38
207 51 39
211 47 42
215 43 42
215 39 39
215 43 41
212 41 43
212 39 47
209 35 45
208 32 48
204 31 52
208 30 52
204 31 50
208 31 53
207 29 51
203 27 54
206 24 50
209 21 46
210 25 48
210 21 46
212 17 43
215 18 46
216 22 47
219 23 44
220 24 42
217 25 38
216 29 36
214 30 38
218 34 35
218 30 34
214 32 37
211 33 40
209 31 37
206 31 36
204 33 33
206 30 29
202 26 27
204 26 30
208 30 34
212 30 32
216 32 29
215 32 31
212 29 28
215 26 25
215 30 25
213 33 29
214 34 26
211 37 26
207 39 30
205 40 33
208 37 33
209 40 29
207 43 25
205 42 26
203 39 30
207 42 27
208 38 23
211 34 27
215 38 31
214 39 29
216 43 29
214 41 25
211 38 21
212 39 25
216 39 28
216 39 28
218 40 31
221 42 32
220 46 31
217 42 33
219 42 30
215 41 28
212 43 29
211 46 30
211 46 30
215 44 28
214 42 30
214 43 26
214 46 24
213 50 22
217 47 26
220 44 26
224 40 25
223 37 24
219 36 25
218 32 25
214 29 24
218 29 24
220 30 20
216 33 18
218 30 22
218 26 20
222 30 18
220 33 14
219 34 17
217 34 20
219 32 19
222 30 16
224 29 20
227 31 23
230 32 23
227 30 22
229 30 18
232 28 14
234 25 16
234 23 20
238 22 17
236 21 15
234 18 11
235 18 8
237 14 8
233 12 6
236 11 10
236 8 12
237 9 12
238 13 16
242 11 12
239 15 10
239 12 12
241 14 13
237 15 12
234 12 11
236 14 8
234 14 9
233 11 10
229 15 13
229 17 13
228 17 16
224 14 13
224 16 11
220 13 10
224 10 10
228 10 10
228 14 6
226 14 8
223 12 11
220 15 12
218 12 12
215 12 10
215 10 14
213 13 15
216 10 19
219 7 17
223 5 20
219 4 16
223 1 18
220 2 20
218 5 23
214 1 25
216 2 26
219 5 27
222 8 31
225 7 35
229 10 37
229 6 34
230 4 35
226 8 36
227 10 34
229 8 37
225 12 41
224 16 44
222 16 46
225 16 48
223 19 48
223 17 45
221 19 42
222 15 43
218 14 44
221 14 42
223 10 41
223 13 43
227 10 39
225 13 40
226 14 37
229 14 33
228 11 32
230 12 29
232 8 26
231 4 24
230 1 24
230 3 24
231 2 22
228 0 25
229 2 27
226 2 25
224 5 29
221 2 28
225 1 26
228 0 23
226 4 26
227 4 29
227 8 27
223 4 29
224 4 30
220 2 29
216 3 29
220 2 26
218 3 29
221 2 28
218 6 30
215 4 26
211 6 26
215 10 22
219 7 20
219 5 18
220 6 16
219 8 16
222 11 18
224 13 22
228 17 19
228 18 15
226 17 19
230 18 23
234 18 26
236 15 25
234 17 28
232 18 32
236 21 33
240 20 35
237 17 33
239 15 35
242 19 35
241 15 32
245 14 30
242 17 31
239 15 34
240 12 36
237 15 37
238 13 41
234 16 45
236 16 48
238 18 46
238 22 47
240 22 51
243 26 53
241 22 50
240 26 49
238 27 51
234 27 51
237 23 51
236 21 52
233 18 55
235 22 56
235 21 56
234 18 54
235 18 57
239 21 58
236 17 57
238 15 56
238 18 60
241 18 59
243 19 58
241 19 59
245 23 58
241 23 59
239 26 60
243 30 64
240 31 61
237 28 64
236 31 63
234 31 62
230 31 66
229 33 68
232 36 72
232 35 76
228 33 74
225 31 70
227 31 66
225 32 69
221 32 67
220 28 70
218 32 67
214 33 69
214 34 69
211 31 65
207 29 67
211 27 65
207 29 65
206 33 67
204 32 67
207 36 70
205 39 70
201 40 70
203 42 71
207 40 67
207 36 70
210 37 73
207 37 73
211 38 77
210 42 74
214 45 73
211 48 75
211 48 78
214 48 80
218 51 76
218 51 74
219 53 73
219 56 70
220 55 74
223 51 71
224 47 70
226 43 67
225 43 71
225 40 67
226 43 69
230 40 68
234 36 65
234 38 67
234 39 68
234 38 70
235 42 71
236 42 75
233 45 73
229 49 74
225 53 76
225 56 77
229 52 79
228 51 82
228 48 80
228 48 81
229 49 83
230 48 82
233 46 83
231 42 84
232 38 87
229 34 88
233 36 84
232 36 88
228 39 87
229 42 88
226 44 85
225 47 87
222 50 85
223 49 81
225 47 80
226 48 78
226 48 79
226 48 79
223 50 80
225 49 80
223 50 78
220 46 74
219 47 74
218 46 72
216 48 68
213 51 70
209 51 68
211 48 69
213 51 73
213 51 77
211 50 79
212 53 76
215 57 78
213 57 79
211 53 76
209 57 76
210 56 73
207 55 70
204 53 71
200 52 72
199 55 73
203 52 72
207 50 73
207 52 69
206 53 66
205 56 67
201 60 65
202 60 64
204 63 66
202 60 63
198 57 64
198 58 60
199 62 63
201 64 61
205 63 57
205 65 60
203 62 56
202 58 56
206 57 57
208 53 55
207 50 54
210 50 53
213 51 50
209 52 52
206 51 52
205 49 53
204 47 55
207 45 58
209 41 55
209 42 58
209 43 55
209 43 57
212 41 54
214 40 53
217 38 57
217 42 58
219 39 57
221 42 55
225 38 55
227 35 56
231 39 58
227 35 59
231 39 59
228 40 58
225 42 60
227 42 62
231 40 59
228 40 56
231 43 55
234 39 51
231 40 49
229 36 50
232 38 49
236 39 47
235 40 44
239 36 41
243 32 41
245 32 43
245 34 39
246 30 42
245 26 44
241 24 47
243 26 45
244 26 46
241 22 46
243 19 47
245 15 48
249 17 49
245 18 50
249 14 52
248 14 56
244 12 55
248 8 56
244 7 56
248 9 59
247 8 59
251 8 59
253 5 60
254 8 62
253 7 61
254 11 63
258 7 63
259 9 60
262 11 58
264 15 59
263 14 62
266 16 64
262 14 66
265 16 66
264 15 64
262 16 68
259 14 68
255 10 65
253 9 67
253 10 68
250 11 64
251 8 68
253 11 71
252 9 69
249 12 71
250 15 74
249 18 74
247 22 78
250 24 76
253 22 75
253 26 76
255 23 80
258 21 82
260 17 79
261 13 79
262 9 82
264 6 78
266 10 74
267 10 76
265 13 74
268 15 74
270 16 73
270 20 77
269 21 81
268 20 80
272 22 80
276 26 77
277 23 79
276 27 78
272 26 82
276 26 80
277 25 80
277 27 78
279 24 79
279 24 82
277 24 85
273 26 83
275 26 79
276 22 77
275 21 75
276 23 78
272 25 81
275 28 85
272 27 86
276 23 83
279 26 82
283 25 84
284 21 84
285 25 80
282 29 84
285 28 86
286 25 87
282 25 84
283 26 87
283 28 90
281 32 89
277 35 89
274 37 91
274 40 94
273 41 92
273 40 94
270 41 97
274 43 101
274 47 103
272 45 99
269 45 98
268 42 94
266 39 96
265 38 94
262 42 95
260 44 94
262 47 95
262 47 91
259 46 91
260 45 94
258 48 93
255 52 92
256 53 94
254 49 90
254 51 93
251 54 91
248 50 89
248 50 89
247 47 87
248 49 87
252 53 87
256 49 85
253 49 83
257 50 85
257 52 86
255 51 82
259 49 83
257 49 85
255 45 87
259 49 83
263 50 86
266 50 84
268 49 88
268 53 84
269 51 88
267 51 87
264 47 86
268 50 89
271 51 89
275 54 91
275 56 91
278 52 87
275 55 85
272 54 86
271 53 84
270 50 88
271 46 84
269 43 80
270 42 81
274 45 85
277 41 89
276 44 88
279 44 89
282 47 93
280 46 97
282 47 99
285 49 97
288 46 95
292 45 97
292 49 99
291 51 98
292 50 95
288 46 98
292 47 99
289 45 102
292 43 101
289 45 104
290 43 104
293 45 104
290 44 105
292 42 106
295 45 110
292 47 106
296 43 105
298 43 104
294 42 104
294 44 105
293 46 102
295 50 102
294 53 105
292 57 109
288 54 108
288 51 107
284 48 107
285 49 106
288 51 106
292 50 106
295 52 110
298 51 111
298 48 110
301 44 114
303 44 111
299 41 112
302 44 114
305 42 118
304 46 121
305 48 121
302 50 118
300 51 114
300 49 116
298 47 120
298 44 124
298 41 127
300 42 131
299 43 127
298 46 128
302 46 125
300 50 128
300 48 128
301 47 128
303 43 130
302 47 133
298 43 135
296 41 131
300 44 129
303 43 129
304 43 132
300 41 131
304 40 127
306 40 126
310 39 129
308 39 129
307 41 128
307 38 127
307 34 127
309 30 125
310 29 124
306 30 123
306 27 126
304 26 125
301 25 128
305 22 127
306 22 125
305 19 123
307 17 121
309 20 117
307 23 113
308 26 109
309 22 113
310 20 110
311 20 106
315 23 103
315 24 106
318 20 105
322 22 103
319 18 103
320 21 99
318 18 100
316 17 101
312 15 100
313 17 97
314 17 99
317 19 100
314 22 104
315 20 101
312 22 104
316 23 101
312 21 102
313 18 98
315 15 94
316 16 97
314 16 97
310 16 99
314 12 96
312 16 95
313 16 97
316 14 93
316 15 89
315 14 85
317 13 88
318 16 89
314 15 86
312 18 87
316 20 91
316 18 91
317 19 92
321 19 89
323 16 90
324 12 89
327 13 91
324 13 88
322 12 88
324 10 85
325 13 83
322 16 83
321 14 82
319 16 83
317 15 84
315 17 81
315 15 85
317 12 86
318 10 85
320 12 84
317 9 83
318 11 87
316 7 91
314 6 89
312 7 86
310 7 86
308 5 87
304 4 91
303 7 93
300 9 89
303 11 91
304 10 93
308 9 97
312 11 96
313 15 93
309 15 97
308 19 97
311 16 101
313 15 97
317 12 100
316 8 98
315 8 98
318 10 95
322 13 99
325 9 99
324 8 103
327 8 104
324 8 105
325 12 103
328 16 105
329 15 108
330 11 104
327 8 100
326 6 104
323 6 101
322 9 98
318 6 102
319 4 99
315 7 100
319 4 100
321 5 99
325 9 96
326 9 97
324 13 97
326 16 95
325 20 99
322 22 97
319 19 101
323 22 100
324 23 97
328 19 96
325 18 99
322 20 103
320 24 102
320 27 103
318 31 105
320 27 107
321 31 110
323 35 111
319 31 112
319 31 114
322 27 111
322 28 113
326 26 113
329 28 112
332 28 114
336 32 112
332 36 109
333 35 108
335 34 109
337 36 107
336 32 110
337 32 108
334 35 106
333 32 104
335 30 107
339 29 110
338 25 114
338 26 111
342 24 107
339 27 104
336 25 100
333 22 102
336 19 98
336 21 99
332 24 95
334 24 91
334 21 93
336 25 90
340 21 91
341 22 91
342 24 95
344 25 98
343 26 100
339 26 103
337 24 101
341 25 97
343 22 101
344 19 105
341 15 102
338 17 98
338 15 96
335 17 99
334 15 95
333 11 96
330 8 95
330 11 97
330 15 99
326 19 103
326 18 102
329 17 106
333 15 104
331 14 108
328 10 108
328 11 110
326 9 109
324 13 108
320 9 104
321 12 100
323 14 104
326 17 108
323 18 108
321 14 107
325 13 103
327 14 107
327 18 110
329 16 114
329 13 116
332 16 114
331 20 112
328 17 108
332 21 109
336 17 110
332 15 111
330 12 109
327 10 110
323 6 112
324 9 113
326 13 114
328 14 112
326 16 113
326 19 113
323 21 114
321 17 111
317 19 109
315 19 107
319 22 111
321 24 112
325 24 109
325 26 113
329 23 112
325 25 109
325 28 112
326 31 112
326 27 116
322 28 115
322 30 111
324 33 108
325 37 108
324 37 107
321 35 103
323 38 106
323 35 104
320 36 107
316 39 104
316 40 104
315 41 108
311 43 111
314 47 110
315 51 111
317 48 112
316 52 113
315 53 115
312 55 116
309 57 112
306 59 111
302 59 110
298 63 109
299 65 110
296 63 113
294 67 111
297 66 115
298 65 117
297 65 115
294 65 112
297 67 110
301 66 111
299 62 108
298 60 109
299 63 113
295 65 111
295 68 114
293 72 117
291 73 114
291 69 111
288 73 108
290 69 110
291 72 114
287 70 110
285 70 109
284 74 112
284 70 113
282 66 114
284 67 111
287 64 113
291 62 114
290 61 116
293 62 113
296 58 114
300 59 116
297 59 112
298 60 110
301 56 109
304 58 107
306 57 110
303 54 113
307 51 113
306 52 116
303 53 113
303 49 114
302 47 112
305 43 115
306 40 114
305 42 111
305 46 108
304 43 111
305 39 109
302 43 106
305 39 102
308 35 100
310 39 97
314 43 99
318 45 96
314 49 98
311 48 102
309 50 102
311 48 101
311 45 97
313 42 94
311 44 90
308 43 88
306 44 87
304 45 90
307 41 87
303 41 88
306 41 89
304 39 85
308 36 89
311 36 85
309 35 81
311 31 77
310 30 73
310 32 73
314 28 77
318 25 79
318 29 82
317 33 86
321 37 82
323 33 82
325 34 78
328 34 80
326 34 80
327 30 76
326 30 75
328 34 79
328 37 80
326 36 76
327 38 73
330 41 74
331 44 73
333 43 72
336 46 76
332 45 75
329 48 71
325 45 73
326 47 71
322 51 73
320 48 69
316 50 65
314 47 63
313 48 67
316 47 70
319 46 72
320 43 68
319 44 70
320 46 74
316 45 73
320 42 77
322 38 81
326 42 77
324 41 77
320 45 80
320 43 83
318 41 86
315 40 89
311 41 88
311 44 87
308 41 86
309 45 85
308 43 86
310 42 89
311 44 86
314 45 84
314 42 86
313 43 90
312 46 94
311 50 97
314 52 98
318 52 100
319 56 99
318 52 95
315 55 92
318 58 88
320 60 90
319 59 87
320 59 83
323 62 85
319 65 86
319 63 85
316 67 82
319 65 81
319 67 77
315 68 76
316 64 80
316 64 82
313 60 80
310 64 82
309 63 81
313 60 83
315 64 84
319 68 88
323 71 89
322 67 87
322 65 87
325 61 87
326 62 87
329 60 90
329 56 89
332 59 89
335 61 90
332 62 88
334 59 90
335 62 92
335 64 92
339 60 94
338 60 92
341 63 94
344 67 92
345 67 96
348 69 100
345 65 103
349 66 107
349 64 109
346 62 109
346 60 112
344 62 108
342 60 109
346 56 109
346 56 109
346 54 111
348 52 111
349 48 108
346 45 109
342 47 110
342 44 106
340 41 105
339 39 104
338 37 102
337 36 105
337 35 106
339 32 109
341 28 110
338 28 112
338 31 110
336 32 111
337 32 112
338 28 113
335 27 115
332 23 116
329 21 114
332 20 113
333 18 115
329 15 117
333 17 119
332 21 120
332 17 123
336 13 126
339 15 130
342 11 130
344 10 127
343 13 123
344 15 123
345 15 120
341 17 119
344 13 120
348 15 121
349 11 117
346 15 118
342 12 116
342 10 120
343 10 124
347 14 124
349 17 125
347 17 121
344 20 121
346 17 117
350 21 118
353 24 119
349 22 122
346 19 122
349 19 118
345 22 120
344 24 124
341 20 124
342 24 127
341 24 125
339 26 129
342 27 129
345 28 131
342 28 132
344 29 132
