41 29 50
41 26 49
44 30 51
44 30 47
44 29 43
41 28 44
42 27 41
38 25 38
40 28 42
40 30 45
39 27 43
38 31 45
42 35 44
39 33 48
37 35 46
39 31 43
41 28 44
42 25 40
41 23 40
45 19 42
46 15 39
47 17 41
43 19 45
40 23 46
40 22 50
42 23 49
46 22 48
43 26 47
39 26 45
38 25 44
37 22 43
39 26 42
40 28 43
38 30 39
41 34 42
41 34 39
38 35 36
38 31 33
42 34 31
44 33 27
43 34 30
44 30 27
41 34 31
40 37 35
43 38 38
46 37 38
45 35 39
45 33 37
46 37 40
45 41 42
44 40 38
45 40 36
47 43 39
49 43 39
52 43 37
51 45 40
55 46 37
57 43 33
53 43 34
53 47 36
50 43 38
51 47 41
55 43 44
58 39 46
56 38 46
60 35 43
62 37 39
58 41 41
58 44 44
62 46 42
65 46 44
67 46 46
66 49 45
63 46 46
60 42 48
57 46 46
56 43 46
59 42 44
62 43 41
66 47 44
69 44 44
67 41 47
64 44 49
68 48 53
72 51 49
70 53 47
66 51 48
62 49 49
66 53 50
69 54 49
67 51 49
68 49 52
64 49 51
65 45 48
65 41 52
64 43 56
64 46 52
68 42 54
69 41 56
66 45 52
63 49 50
59 52 49
61 56 45
65 53 47
65 54 47
67 53 49
66 51 50
67 47 51
66 50 53
62 50 49
66 50 50
69 51 46
67 47 42
63 43 44
59 43 41
60 40 37
64 40 38
64 39 36
62 37 35
63 38 37
65 39 39
69 39 38
68 39 35
68 40 38
65 38 36
69 42 40
73 39 44
72 38 47
74 40 49
73 41 51
69 42 51
68 41 52
69 40 48
70 43 45
71 47 46
67 45 43
66 41 39
62 42 38
62 44 35
63 41 36
66 44 36
66 46 35
64 43 34
64 41 33
62 40 29
66 37 29
63 39 32
60 37 36
62 39 40
61 43 39
61 41 41
65 39 41
66 36 43
63 34 40
63 31 42
64 32 44
62 29 43
59 28 40
59 30 37
55 29 36
58 32 35
59 36 37
56 33 40
57 35 43
55 33 39
53 29 39
52 25 39
53 26 43
53 30 45
53 30 42
54 28 38
56 32 41
59 36 43
62 33 46
65 32 48
68 35 48
66 31 51
67 35 50
64 38 49
64 41 49
68 42 46
70 43 49
73 45 52
69 41 53
66 42 49
70 42 53
74 38 50
73 35 51
75 36 50
79 34 48
80 33 52
80 29 55
81 31 55
80 32 54
83 33 50
83 34 49
79 33 45
81 35 47
79 32 51
80 32 51
83 36 53
82 35 50
86 31 50
87 32 54
91 33 52
91 37 50
89 33 52
92 36 53
90 39 52
86 38 55
88 37 52
89 40 54
86 38 53
83 38 55
85 38 54
86 39 51
86 35 52
90 33 53
91 30 54
95 29 50
92 26 47
88 28 49
87 31 50
86 29 46
87 33 48
90 36 44
91 34 47
93 31 43
89 32 45
90 32 43
90 36 41
87 38 43
83 42 46
87 41 50
84 41 46
81 43 46
82 44 42
80 44 40
80 46 40
82 48 40
80 48 43
78 45 42
75 49 38
77 51 42
78 48 44
80 50 41
78 52 39
78 50 36
80 50 33
84 46 34
80 43 33
76 40 29
72 37 27
68 36 30
65 33 29
67 30 26
63 26 28
64 25 30
61 21 28
60 21 28
63 20 25
66 22 25
62 19 29
66 21 30
62 19 27
65 18 30
62 17 26
62 20 23
63 18 20
66 20 17
62 19 14
66 22 12
69 24 10
67 20 12
67 17 12
67 19 9
64 19 7
62 21 8
62 17 10
65 17 11
64 17 14
62 18 12
62 22 8
58 21 7
60 22 9
61 19 12
62 22 11
65 19 8
66 19 12
62 23 8
61 25 11
65 23 14
61 24 17
62 27 18
62 27 22
58 30 26
56 32 27
60 36 27
58 33 28
60 30 27
64 34 23
64 30 24
62 30 20
61 33 23
64 30 23
60 34 25
58 36 29
56 32 30
55 35 26
59 36 30
56 39 26
54 42 25
56 43 23
55 45 22
54 43 24
50 44 27
50 43 30
53 46 26
52 43 25
48 43 28
49 47 32
47 51 33
44 48 34
41 50 35
40 54 37
41 56 34
38 57 31
34 57 27
35 53 27
36 49 26
38 48 24
34 44 27
30 41 28
31 41 24
31 45 27
32 45 25
31 49 21
32 49 19
28 50 15
30 54 11
32 51 13
30 48 10
28 44 6
24 45 5
27 45 6
31 45 2
32 43 4
28 44 4
28 40 0
29 40 2
25 44 2
27 47 1
24 48 3
21 47 6
18 48 7
19 46 6
20 48 6
23 44 4
23 44 8
27 48 4
27 45 7
29 46 8
26 44 7
23 47 11
26 49 7
29 51 3
27 52 4
27 55 6
29 51 8
30 54 6
26 52 4
25 52 4
26 53 7
30 49 9
30 46 11
33 48 15
33 50 12
36 53 12
36 55 16
36 55 16
37 55 17
37 57 13
41 56 13
38 53 15
42 50 14
45 47 10
42 50 12
45 48 12
43 49 8
39 49 10
38 48 8
36 49 9
38 48 13
38 44 15
35 41 13
39 43 13
40 39 13
44 42 13
45 39 10
44 36 6
45 34 8
43 30 6
44 27 6
40 25 3
36 23 5
35 19 6
34 18 5
34 14 1
38 16 5
38 19 2
41 22 2
37 26 3
39 23 2
40 20 3
39 24 7
40 25 10
42 23 6
40 23 5
42 23 8
43 27 4
47 31 3
49 35 2
53 36 3
51 37 2
52 41 3
50 41 2
52 44 2
54 48 3
57 52 4
61 53 3
58 53 2
59 49 3
59 48 2
62 52 4
63 53 8
65 53 10
66 55 11
69 54 14
73 55 14
70 52 18
68 53 22
71 53 20
75 52 24
79 53 21
77 53 18
81 51 18
82 51 14
78 52 18
82 56 19
79 55 15
78 57 12
74 55 16
71 56 15
70 57 14
72 55 18
74 56 17
76 52 21
75 52 20
73 52 20
76 52 17
79 55 18
78 52 18
80 49 18
84 53 14
84 51 18
87 50 19
85 54 15
81 51 17
81 47 14
83 43 14
87 42 14
90 40 16
90 42 16
87 39 14
89 40 11
85 41 12
82 37 15
82 36 16
84 40 12
82 41 11
86 42 8
89 38 4
90 42 4
90 40 2
93 43 5
93 39 3
96 36 4
95 36 3
97 37 2
93 39 0
92 38 2
89 34 6
93 36 8
89 37 10
87 40 14
88 44 14
88 47 16
91 43 12
94 41 15
91 45 13
92 49 16
96 45 20
100 46 19
96 46 17
93 45 20
93 44 22
92 43 19
95 42 20
99 46 24
100 47 22
96 48 18
95 52 15
92 52 15
95 55 17
99 52 16
97 54 13
93 57 13
92 55 17
88 58 13
90 58 13
89 58 17
88 57 18
90 53 15
89 56 17
92 57 18
93 58 14
89 54 15
88 50 16
91 47 15
95 49 17
98 47 15
99 49 15
97 52 19
97 50 15
94 50 11
93 50 9
91 54 11
93 55 9
95 59 13
98 60 14
94 62 10
91 66 9
89 69 7
86 69 10
89 65 8
91 62 11
87 62 7
85 62 4
89 58 7
93 62 11
91 59 8
89 58 8
90 61 7
93 58 9
89 62 12
86 62 8
88 65 8
90 65 6
94 64 4
91 61 4
93 63 8
92 59 10
96 60 13
92 59 15
89 59 13
92 63 10
93 62 10
94 62 8
96 58 7
96 54 3
95 54 2
92 54 2
88 57 5
86 58 5
82 62 2
84 59 4
82 62 6
86 63 2
87 60 2
90 62 2
90 60 1
88 62 1
91 66 2
88 69 2
85 69 4
89 70 8
92 67 12
91 70 10
92 74 13
88 70 9
84 69 7
80 72 4
82 68 0
80 71 2
82 69 2
79 66 2
79 67 2
80 64 2
84 64 0
88 60 2
85 64 5
89 62 5
85 61 8
85 61 11
87 60 10
86 56 12
83 58 11
82 61 15
83 60 17
81 64 15
84 61 14
82 63 15
82 66 14
84 63 17
80 64 19
77 60 23
73 62 20
69 62 22
68 62 19
70 60 16
72 61 17
73 61 20
71 65 19
70 63 23
69 63 22
70 66 21
72 70 18
70 70 14
66 68 12
68 70 13
68 71 11
67 73 13
67 73 9
68 76 6
67 76 2
70 73 1
74 77 1
74 81 3
71 82 4
68 86 8
71 82 5
68 85 2
69 81 2
72 85 1
72 89 0
76 89 3
76 87 2
74 91 3
76 93 3
75 91 6
74 95 4
73 98 6
73 98 5
70 97 4
69 99 8
67 95 4
68 99 5
64 100 5
64 99 5
67 103 1
65 105 3
64 101 4
64 103 8
65 104 10
64 106 13
60 108 17
56 107 15
56 103 11
52 104 10
52 108 11
54 107 9
50 111 11
53 111 12
52 113 13
48 115 9
51 115 9
54 115 6
53 117 9
55 113 11
53 110 13
53 106 11
53 107 13
52 105 16
49 107 19
45 104 15
42 106 19
41 106 17
41 104 13
41 104 10
41 106 10
38 102 14
37 100 18
36 104 18
38 103 20
34 103 24
35 104 21
31 105 22
29 108 25
31 112 29
32 115 33
30 111 32
29 113 34
33 110 33
29 112 34
25 112 38
25 111 41
23 115 41
24 111 37
22 114 40
19 110 39
17 106 35
19 104 32
21 104 29
17 108 26
13 110 25
14 113 25
15 117 25
17 118 26
15 119 24
15 122 27
19 123 25
16 124 26
19 126 26
20 122 24
24 119 25
23 120 27
23 117 24
26 114 26
28 116 29
24 115 33
24 117 34
26 119 35
25 120 32
28 124 32
32 123 29
30 126 32
32 127 33
32 124 30
35 127 32
35 126 34
34 127 38
33 131 35
29 130 37
33 126 39
36 125 39
33 124 43
35 124 46
35 126 45
33 130 48
35 131 48
35 132 48
38 129 48
40 130 50
42 126 47
40 123 45
38 121 43
42 119 44
46 122 48
45 124 49
45 123 52
42 122 49
45 125 51
46 125 51
46 127 53
48 123 50
51 121 54
49 119 58
49 116 54
53 118 52
53 122 48
54 123 50
54 120 53
50 123 55
48 119 52
51 115 54
47 118 53
47 117 52
46 119 50
42 122 47
39 122 44
35 121 45
34 121 47
34 125 48
30 126 48
29 124 51
28 128 53
26 127 49
30 123 45
34 119 45
38 122 48
39 124 49
40 127 45
41 125 44
43 128 42
39 132 46
37 131 46
34 127 49
32 125 45
32 124 48
32 122 45
35 122 47
37 122 43
41 119 44
37 121 47
34 118 48
37 122 47
35 124 48
38 124 52
40 120 55
38 123 51
34 119 53
35 119 49
35 115 53
35 115 51
37 111 54
35 107 51
34 107 52
34 110 54
38 110 54
38 108 55
36 104 54
37 104 55
34 100 51
37 96 48
34 93 50
34 95 54
34 91 52
30 90 54
32 90 58
30 87 62
31 87 62
27 83 59
23 82 58
27 84 56
29 83 57
29 79 53
33 79 54
30 80 50
26 84 53
25 80 51
29 79 51
32 81 53
30 81 56
34 77 56
32 80 52
31 81 56
34 77 54
38 78 52
37 78 50
37 76 51
39 80 53
43 84 50
45 86 53
47 87 57
45 86 55
49 90 59
48 86 57
47 89 58
51 92 62
50 89 58
54 89 62
58 92 60
62 91 61
63 88 64
60 91 64
61 87 61
57 88 60
58 90 58
61 90 61
57 93 58
57 92 60
57 91 59
57 89 60
58 91 57
59 88 55
62 92 53
65 96 57
65 95 55
69 95 53
66 99 50
68 96 49
67 100 52
71 101 56
68 103 54
70 105 51
68 105 51
70 109 53
72 109 53
75 113 53
73 117 54
77 118 55
73 120 55
70 124 55
74 124 58
71 123 55
74 125 56
74 127 56
75 130 53
76 128 54
80 131 57
83 132 58
81 131 57
79 131 59
75 132 55
74 134 58
77 131 62
79 131 64
82 133 62
86 135 61
88 137 62
84 133 58
86 135 60
86 136 62
88 134 58
92 134 59
94 135 57
93 136 60
92 134 64
92 135 64
95 134 60
91 132 60
93 133 57
90 130 58
87 132 57
85 134 53
89 137 57
87 139 54
88 138 52
86 142 49
90 143 50
88 139 49
87 135 47
87 134 49
91 130 46
92 131 50
95 130 47
99 128 45
96 125 42
98 129 40
101 129 36
98 128 36
95 124 32
91 121 30
90 125 27
89 127 23
88 124 27
84 126 30
83 124 33
87 120 33
87 116 34
87 120 35
89 120 38
89 124 39
90 120 35
92 120 39
95 123 36
91 122 35
90 120 37
91 116 38
89 118 40
89 122 38
89 123 37
88 127 41
89 126 40
87 129 44
85 129 42
83 129 40
84 129 38
85 128 35
89 129 31
91 127 32
88 127 31
90 128 27
88 131 23
87 130 23
90 132 24
86 136 25
85 134 25
89 130 22
87 128 21
87 127 18
91 123 16
88 124 15
90 120 11
90 116 7
89 112 7
86 112 3
83 110 1
86 106 5
82 105 1
83 109 3
87 110 4
86 109 3
84 106 5
84 103 9
84 102 13
85 104 9
87 101 6
83 105 9
86 108 13
87 105 15
91 101 14
93 104 15
95 104 16
97 108 18
97 104 18
95 103 14
99 104 15
102 108 14
103 111 15
102 115 16
98 117 12
94 119 16
94 115 13
94 115 10
98 115 6
100 113 3
99 111 2
95 114 2
93 117 2
93 114 3
96 114 0
92 110 1
91 113 1
87 113 2
88 114 2
88 114 6
88 118 8
88 122 10
92 124 8
93 124 5
89 125 5
86 125 9
86 128 8
82 127 10
82 130 14
83 128 17
81 124 18
78 122 20
81 126 16
81 126 18
77 130 20
76 129 23
73 129 23
77 131 20
79 130 20
82 133 23
82 134 23
79 134 25
81 134 25
80 131 21
80 128 23
77 129 19
75 129 22
72 125 18
74 129 18
76 131 16
75 128 12
73 131 16
70 129 16
67 127 15
65 123 17
61 122 13
64 122 16
64 118 15
61 119 17
62 121 15
63 125 18
64 128 16
66 128 14
68 127 16
71 125 15
75 127 12
72 129 11
69 129 11
73 132 15
70 131 17
74 131 13
75 133 14
78 135 12
80 132 14
77 133 11
75 136 7
78 139 4
74 135 5
78 139 2
76 140 1
79 141 2
83 143 3
83 145 1
84 148 5
88 152 6
87 152 7
88 150 7
84 149 9
80 147 6
82 148 9
78 152 7
78 149 11
81 148 14
85 144 17
87 144 13
85 144 17
84 146 21
87 150 17
86 154 21
85 153 23
89 150 20
92 153 23
90 157 26
90 160 27
94 160 24
97 157 24
94 159 24
96 163 27
92 167 28
94 168 25
97 170 22
97 173 26
96 169 30
97 168 32
100 172 29
104 170 31
100 173 35
97 169 32
94 171 32
94 175 35
96 172 31
94 176 30
98 178 31
100 179 33
103 177 33
102 178 34
103 179 32
99 175 36
95 179 36
98 183 32
102 184 31
100 182 35
104 178 34
103 178 32
104 176 30
104 178 32
107 180 30
108 183 34
109 183 30
109 187 34
113 187 37
110 184 36
114 184 32
110 181 32
112 185 32
109 182 34
106 181 34
109 184 30
109 187 31
109 185 28
108 185 26
105 189 24
103 193 22
100 189 25
99 191 27
96 188 30
99 185 29
98 187 27
102 191 27
102 194 23
103 190 23
103 187 26
101 186 27
104 186 31
106 189 35
103 188 35
100 189 31
100 189 31
97 192 34
94 190 35
98 194 36
98 197 34
101 193 30
102 189 30
98 192 31
101 191 33
103 188 35
99 192 34
98 188 33
96 185 32
96 183 30
98 187 29
98 186 25
94 184 24
92 181 22
93 179 22
93 177 24
90 177 28
92 174 30
94 173 31
93 171 35
91 169 36
92 169 38
88 172 42
84 169 46
81 171 45
84 167 45
88 169 46
87 170 48
89 174 48
91 176 49
87 179 48
84 181 52
88 177 49
89 176 47
90 174 48
92 178 50
96 180 51
99 183 54
98 186 52
97 187 53
99 191 54
96 192 54
98 188 57
100 192 55
101 194 58
102 191 61
99 190 60
99 194 58
99 191 59
103 191 62
106 190 66
107 190 64
108 191 61
106 192 61
103 193 59
101 190 60
102 191 57
103 193 53
103 191 49
106 189 45
105 187 45
106 185 44
109 189 43
110 191 46
114 188 42
112 189 45
112 187 43
109 188 45
113 189 45
110 188 46
110 186 48
107 184 44
111 183 48
112 183 50
114 185 50
118 182 53
120 182 55
120 186 54
117 183 54
119 180 51
118 176 51
120 179 50
116 182 47
120 185 48
124 189 50
123 193 49
120 189 51
117 190 55
117 192 53
116 194 56
117 197 56
120 196 52
122 194 51
123 196 47
120 198 48
122 196 49
120 195 49
118 198 46
116 194 50
116 191 54
113 193 57
117 193 57
116 191 60
115 194 57
116 194 61
117 191 63
118 189 61
120 185 62
122 183 58
120 182 54
119 181 54
121 184 58
117 187 59
119 185 63
123 184 64
124 183 65
124 187 68
127 185 68
125 188 65
127 190 63
130 188 59
128 189 61
127 187 63
127 185 63
131 188 63
131 189 66
135 188 64
131 189 60
130 188 60
133 188 60
133 189 58
135 189 60
131 192 58
131 195 61
132 197 57
136 195 59
137 193 57
133 196 58
136 197 58
136 195 62
138 197 62
135 198 62
131 194 64
128 194 62
128 192 63
127 196 67
126 197 63
122 201 60
122 205 61
123 203 62
121 199 64
117 201 66
118 202 62
118 198 61
117 197 65
113 195 69
117 191 69
119 195 67
123 192 64
121 193 63
124 194 64
121 192 66
124 194 65
127 193 66
127 195 66
130 192 63
134 194 60
133 193 58
133 196 57
137 197 60
133 194 58
131 190 58
129 186 55
125 183 54
123 181 50
122 182 52
124 180 56
120 183 53
121 183 56
118 183 57
116 185 56
114 181 59
118 181 57
115 184 54
111 181 50
115 184 54
115 183 53
112 185 49
114 184 53
110 186 57
112 182 61
111 185 60
108 184 61
107 186 63
111 183 62
114 179 66
116 183 62
119 180 64
122 183 65
124 179 64
123 176 68
126 177 65
128 174 62
124 175 66
126 175 65
127 176 65
127 172 66
128 168 70
127 172 72
131 170 73
131 170 76
134 172 75
135 173 77
139 175 73
142 176 69
146 176 73
149 179 71
153 175 68
149 171 65
152 173 63
153 177 67
151 174 63
149 170 62
152 171 62
150 169 61
152 170 64
152 172 66
154 175 65
154 171 68
152 174 67
152 172 71
154 175 67
157 179 67
159 180 63
162 180 64
158 180 60
158 179 64
161 178 65
164 180 62
162 178 58
161 179 56
162 181 53
158 182 55
159 178 55
157 174 56
157 173 53
153 174 56
155 171 52
152 167 52
154 166 49
157 166 51
158 168 52
162 168 50
158 172 46
160 176 49
159 172 48
155 176 51
156 179 50
153 180 48
152 179 49
151 175 50
153 172 49
149 173 48
148 172 48
144 170 49
142 167 52
140 171 48
139 168 46
137 166 48
140 168 46
142 169 48
138 167 49
139 171 51
143 170 53
142 166 56
141 169 55
137 172 55
136 174 51
135 172 53
139 175 57
143 174 56
140 173 55
139 176 53
142 174 49
138 174 48
142 170 44
140 169 48
138 171 46
142 169 50
139 165 53
136 168 52
139 172 52
135 173 53
133 170 52
133 170 50
131 174 49
133 176 46
133 172 45
133 173 48
137 177 44
140 177 44
139 173 45
137 175 47
141 175 45
137 174 41
140 170 38
144 166 34
140 166 31
143 169 27
141 165 26
145 166 25
147 163 27
144 164 24
140 162 21
141 166 24
145 168 28
145 170 27
146 171 23
149 169 19
147 170 21
151 170 21
154 171 18
151 172 21
155 173 18
159 170 22
162 167 25
163 170 26
167 171 28
163 175 32
163 171 34
159 175 37
157 179 38
159 176 40
155 178 36
156 174 36
156 170 35
155 170 31
154 174 34
154 175 32
157 172 28
159 175 26
163 177 27
159 181 25
158 184 25
160 180 27
161 183 26
159 180 27
162 178 31
158 181 32
159 182 34
158 179 37
161 183 35
161 184 31
160 183 33
163 179 29
165 180 30
164 184 32
160 182 32
158 182 35
154 179 32
151 176 28
154 173 27
155 172 31
151 173 35
154 170 34
150 172 35
148 169 38
144 170 36
142 169 34
139 171 32
142 174 33
138 175 31
135 178 28
131 178 25
127 175 29
123 175 30
127 172 34
125 172 37
126 171 34
129 174 30
125 174 32
122 170 36
124 174 37
127 176 38
124 178 35
122 180 32
126 176 29
130 176 30
131 179 28
129 177 32
132 173 28
129 169 28
132 172 32
134 170 36
137 172 40
137 175 36
133 172 38
132 174 36
132 173 40
133 175 38
133 174 38
136 171 35
137 174 33
134 174 34
131 170 31
132 166 34
128 163 32
127 162 28
124 164 25
121 168 25
118 168 26
115 169 29
116 169 30
117 170 28
116 168 32
116 172 28
113 172 30
109 176 32
107 180 29
109 176 29
105 175 32
105 171 28
107 171 27
107 173 31
111 176 27
109 176 31
110 175 31
111 175 27
113 173 28
116 172 31
116 168 27
114 167 28
110 165 25
110 163 29
108 161 27
112 161 27
111 159 28
112 162 28
116 159 26
118 161 23
118 159 25
115 158 27
118 156 30
115 160 34
117 161 37
114 162 35
116 158 33
113 154 37
109 157 33
111 159 36
113 163 40
109 159 39
108 156 38
110 155 41
114 153 37
113 149 35
112 151 38
110 147 34
107 147 33
107 151 35
111 149 33
110 151 37
109 148 36
106 145 34
103 148 30
100 148 32
99 145 32
98 144 33
95 140 37
94 143 38
97 143 42
95 142 40
93 140 40
92 143 36
91 146 39
89 149 39
85 150 42
89 153 43
85 152 40
82 150 39
82 147 41
82 147 42
80 143 42
77 143 42
75 146 40
74 150 38
70 151 35
73 147 33
75 144 32
72 140 33
72 139 29
76 137 27
72 133 28
68 136 29
64 135 25
68 133 28
72 133 32
72 131 28
69 128 27
67 130 31
70 130 35
72 130 36
68 130 32
71 130 35
73 126 36
77 128 35
74 130 36
77 127 35
76 126 37
72 126 34
72 130 36
68 131 32
64 133 29
68 131 32
64 131 30
67 134 32
64 135 30
66 134 33
65 135 33
62 137 30
59 138 30
60 142 33
63 138 37
62 140 34
61 136 38
64 137 36
66 137 34
69 138 37
73 134 39
76 130 39
76 129 43
80 131 40
79 131 41
75 135 44
77 132 47
81 128 50
83 128 48
80 126 46
78 126 49
75 130 47
76 131 50
73 128 50
75 124 53
78 122 49
77 119 50
73 117 50
77 115 49
77 118 46
77 120 43
77 116 42
77 113 40
76 116 42
80 117 38
79 116 37
81 117 37
81 117 35
83 115 33
81 114 34
81 111 34
77 113 35
81 110 31
77 109 32
80 107 31
80 104 33
78 104 34
77 102 32
75 106 29
76 110 30
77 111 34
74 110 30
76 114 30
74 118 33
73 120 36
75 121 39
78 119 43
80 123 43
82 125 47
78 122 45
80 118 44
77 119 41
73 123 43
76 120 41
76 117 37
74 120 41
70 116 41
73 118 38
73 114 34
72 115 36
76 114 35
75 118 37
71 119 40
75 116 39
77 114 43
81 113 41
80 114 38
77 116 34
80 116 37
76 116 38
78 115 35
75 115 37
72 114 33
69 118 35
69 117 39
73 114 38
69 118 39
67 120 40
66 122 39
66 122 41
63 120 39
65 119 38
69 120 41
71 124 38
70 120 40
72 116 43
75 115 42
78 116 40
78 114 38
81 112 41
78 116 39
75 114 37
71 118 39
72 117 43
74 117 40
70 114 36
73 110 32
73 113 30
70 117 27
71 114 28
72 112 27
72 112 31
69 111 34
71 112 37
73 113 35
71 111 32
75 111 33
79 113 34
76 114 30
72 113 32
73 109 31
75 105 31
76 107 33
80 105 32
77 103 33
77 104 32
74 103 34
76 104 33
76 105 33
77 105 33
79 103 30
77 105 31
79 105 32
80 107 31
77 110 30
79 112 33
79 116 32
78 114 34
76 110 33
76 112 31
75 113 29
72 114 27
75 115 30
77 112 31
77 110 33
76 112 31
78 110 28
82 113 32
79 111 28
83 109 32
80 111 32
79 115 32
76 111 34
75 110 37
79 109 39
76 108 43
73 104 41
74 107 40
78 104 36
75 105 33
71 101 30
73 100 33
75 103 35
76 103 35
80 107 39
77 111 39
80 114 38
78 115 34
76 116 33
80 113 30
79 110 27
76 106 28
76 109 28
72 112 26
70 115 26
72 115 22
74 117 21
73 116 20
69 115 17
72 112 14
75 109 17
71 108 13
72 110 9
70 114 8
68 113 9
67 110 9
64 112 5
68 111 8
70 109 7
71 110 8
72 114 4
70 118 6
72 120 5
74 124 3
74 126 3
74 129 1
71 130 1
67 133 0
69 129 3
71 129 2
74 128 3
78 124 2
78 126 1
81 125 2
79 129 4
82 131 5
84 134 9
87 134 11
85 135 12
83 136 14
82 135 18
81 138 16
81 139 19
85 138 16
85 135 17
85 134 19
88 137 18
88 139 17
85 143 19
82 144 15
85 143 13
84 146 9
81 148 5
78 145 3
78 145 1
80 144 5
84 145 6
86 146 10
88 147 12
87 149 15
83 153 15
80 152 14
78 154 12
76 156 8
74 158 10
77 157 6
75 153 9
78 151 6
78 155 9
82 159 7
83 161 5
82 164 2
78 160 2
77 159 2
74 157 5
78 161 4
78 158 8
76 160 6
75 163 7
79 161 4
75 159 8
71 156 7
69 158 11
69 160 13
71 160 15
73 163 16
77 162 20
77 160 17
76 158 19
78 162 15
82 166 17
84 166 17
85 168 19
88 164 17
92 165 16
91 161 19
93 161 17
92 162 14
96 159 18
98 157 15
99 154 19
102 158 20
100 155 19
100 151 19
103 147 22
106 150 18
106 154 19
109 153 21
112 149 17
110 147 15
109 146 16
111 148 12
111 152 12
108 149 9
111 150 5
110 153 6
112 150 8
108 146 12
105 143 12
104 145 13
108 147 11
106 145 14
110 145 15
110 144 14
112 141 15
111 137 18
107 134 21
111 136 25
114 137 21
111 138 23
112 140 21
109 144 19
111 144 17
107 146 18
110 146 19
112 148 19
116 146 18
113 143 16
112 145 13
116 142 17
118 138 19
122 137 22
122 141 21
125 140 17
127 139 16
125 141 20
127 145 23
127 149 22
129 147 18
125 146 20
122 149 19
119 151 16
116 154 12
119 150 12
119 153 11
123 155 10
125 157 12
127 161 14
127 159 18
125 161 14
123 164 14
127 163 11
130 164 8
132 163 10
132 164 11
136 161 15
134 159 12
131 159 14
128 155 15
127 158 19
124 157 22
120 161 18
117 164 22
121 164 22
123 162 26
122 160 23
120 161 21
121 161 20
122 160 21
122 156 17
118 160 16
118 158 19
122 154 23
119 156 23
123 160 20
120 158 18
120 161 22
123 157 25
124 158 27
125 159 27
121 159 27
125 158 25
124 158 25
125 162 29
126 164 29
123 166 32
127 162 33
131 161 34
130 165 35
129 166 38
128 164 41
131 167 43
131 170 41
127 173 38
123 173 34
120 170 38
122 167 42
121 164 44
125 166 41
122 170 44
125 173 46
127 170 46
128 170 48
132 170 52
136 172 51
138 171 49
136 174 45
139 171 48
143 173 46
143 169 43
147 166 41
148 169 45
151 166 46
149 166 50
152 168 54
154 169 56
157 173 56
154 175 57
153 173 56
149 175 59
145 177 63
141 176 63
138 178 66
136 177 70
140 176 67
139 173 67
138 171 67
135 175 63
135 172 60
131 175 59
133 172 56
133 173 59
135 173 58
139 169 58
138 170 57
135 169 61
139 169 57
137 171 53
138 167 55
137 164 56
139 162 57
143 160 61
140 163 57
141 161 59
137 162 62
139 164 66
140 161 70
139 162 74
142 160 75
139 158 77
140 156 79
144 158 80
142 158 78
145 158 77
149 160 76
150 161 77
147 164 77
151 166 78
152 170 81
152 170 80
154 170 77
152 168 75
152 168 79
153 171 78
150 173 76
148 172 76
149 171 72
152 169 68
151 167 72
150 163 75
151 166 76
148 162 79
152 161 82
155 164 83
158 164 82
162 162 85
164 165 82
162 162 81
158 163 81
161 166 81
160 169 85
157 168 89
160 165 91
158 164 95
154 166 92
157 167 94
161 171 91
163 171 95
162 169 93
165 165 91
162 165 92
163 162 90
166 166 90
164 164 91
167 161 87
163 158 84
165 160 86
167 159 84
171 161 83
168 158 82
168 160 85
165 163 84
163 166 86
163 170 83
160 174 85
160 172 89
162 169 92
164 166 95
161 170 94
161 174 90
161 175 93
160 178 94
163 182 94
163 186 93
166 183 89
169 186 92
167 188 96
166 185 100
167 187 101
171 185 104
172 187 108
175 188 109
172 185 107
176 186 107
173 186 111
174 186 109
172 185 113
170 183 112
172 184 112
174 184 111
170 184 112
173 183 109
173 179 110
170 182 112
167 184 112
164 186 110
165 190 111
163 192 109
160 193 105
160 196 106
163 199 105
159 198 105
155 198 101
153 200 100
149 198 101
149 199 100
150 198 96
147 198 92
147 201 96
146 204 96
147 205 99
143 203 103
143 206 104
147 208 105
147 210 105
146 209 104
144 212 103
148 214 107
152 215 105
148 217 101
151 216 98
150 212 97
147 213 96
143 214 92
139 215 88
143 218 84
146 216 88
143 219 84
141 216 83
141 212 86
139 214 86
135 213 85
137 215 82
139 215 80
143 214 79
141 218 83
137 216 80
135 217 77
133 215 78
133 217 78
130 221 78
131 225 79
133 221 79
136 222 75
133 224 71
132 222 68
135 225 70
135 228 72
135 226 76
137 229 79
139 231 76
141 233 77
139 231 80
141 229 78
138 230 74
140 230 77
140 226 74
144 226 75
146 230 73
147 233 69
148 235 66
145 234 68
145 234 65
148 237 63
149 236 64
147 235 63
148 231 63
152 231 63
151 229 67
155 228 67
152 229 68
154 226 66
150 230 63
148 231 65
146 230 65
143 233 69
140 235 72
144 239 73
141 238 70
137 242 67
136 243 67
134 241 66
130 237 64
129 237 61
128 234 65
129 235 61
130 237 62
133 237 66
129 241 63
131 238 67
133 239 71
134 243 69
138 239 73
137 242 70
138 238 72
141 237 72
145 237 76
147 236 73
145 233 72
148 231 69
151 231 70
155 234 68
152 231 65
149 231 61
146 231 63
146 234 63
145 237 61
143 236 60
140 232 56
140 230 52
136 229 50
140 233 51
138 237 49
134 236 52
135 240 55
136 237 57
134 235 57
134 236 60
133 235 60
131 231 60
134 232 57
135 230 59
131 229 60
132 228 61
131 232 64
129 231 64
126 235 68
123 232 68
122 234 65
123 236 68
125 240 67
127 240 69
123 238 67
125 241 65
121 245 63
121 245 59
125 247 55
127 245 51
124 244 54
123 245 56
127 249 53
131 247 49
129 245 52
130 247 54
134 249 53
133 247 54
137 246 50
136 247 54
136 251 50
140 247 49
136 249 53
139 253 50
138 252 49
139 249 48
140 246 45
136 245 41
140 242 41
137 240 41
140 241 39
137 242 41
133 240 40
133 241 36
130 242 38
129 244 37
132 248 38
130 245 42
134 246 38
137 247 38
138 245 37
137 249 40
138 248 41
142 246 45
146 243 42
142 246 42
143 245 38
146 242 36
143 240 39
144 241 39
143 244 41
140 240 37
140 237 40
138 241 38
135 244 38
136 242 42
139 243 41
142 239 40
138 239 42
142 243 45
142 246 45
143 248 41
141 246 44
141 248 43
140 248 41
143 247 38
143 244 34
142 246 37
138 244 39
140 245 37
137 247 37
133 243 36
133 239 39
136 237 43
139 235 46
143 232 45
141 233 42
141 232 39
142 236 42
144 239 38
144 242 36
140 245 34
138 248 34
137 251 34
133 247 37
132 248 34
132 250 35
129 250 32
130 252 32
128 249 32
132 247 34
129 250 37
133 248 40
134 245 39
132 241 36
130 237 35
128 241 34
128 240 30
126 244 27
127 246 25
127 248 25
125 246 22
128 250 25
129 249 25
132 251 24
135 251 26
139 247 26
143 248 28
144 244 30
147 240 29
144 236 30
143 236 31
141 240 30
143 242 31
141 244 30
144 247 33
142 244 29
139 244 30
139 247 31
142 251 29
146 253 26
142 250 24
144 248 26
141 247 24
139 250 27
142 254 24
139 253 24
143 251 27
142 252 23
138 256 24
134 252 27
135 256 23
131 259 22
133 263 18
137 260 17
135 263 20
135 262 24
133 258 21
135 254 20
134 253 24
136 257 23
136 255 20
137 254 18
134 253 19
137 256 15
133 260 19
130 262 20
130 265 19
128 264 21
132 266 22
134 268 25
135 270 23
136 268 19
134 265 19
137 266 15
139 263 14
136 260 18
139 262 21
140 260 21
142 257 17
138 261 13
135 260 13
132 259 9
136 257 7
135 255 11
133 258 14
130 255 16
131 259 20
131 260 23
132 263 27
135 260 30
133 261 34
132 260 32
135 259 29
135 258 27
133 255 30
133 252 32
129 256 35
126 255 32
130 255 34
132 255 31
129 256 34
125 253 33
124 255 32
126 259 34
129 256 31
131 256 30
133 253 26
135 249 25
137 249 25
134 253 26
130 253 30
126 256 32
126 253 32
128 254 34
130 258 38
131 257 36
127 260 33
129 262 37
130 266 39
130 262 37
130 263 36
127 263 34
127 259 35
125 260 32
128 261 32
129 260 31
129 256 30
129 259 32
125 260 36
128 261 40
124 264 40
125 265 36
122 268 35
121 271 32
123 269 34
119 271 31
118 274 34
117 273 33
119 274 35
116 277 39
118 279 38
114 281 34
112 281 36
111 279 40
107 281 36
111 278 40
109 276 41
113 277 37
111 279 35
113 283 34
110 279 36
109 278 36
106 274 40
109 271 40
107 274 42
109 275 45
105 278 48
107 282 45
105 282 41
107 286 42
108 284 41
112 283 40
112 285 41
116 284 42
113 284 41
115 280 45
118 282 44
122 286 40
122 284 38
119 287 34
120 289 35
121 293 39
125 294 37
125 292 37
127 292 38
128 294 38
127 291 37
129 291 36
130 290 35
132 292 37
133 289 39
135 293 40
137 296 36
138 300 36
135 303 38
133 302 42
133 299 43
129 302 44
128 299 40
129 302 43
127 306 44
130 306 42
126 310 38
126 313 41
125 315 42
129 316 44
127 313 41
128 311 43
125 307 45
122 306 41
126 306 41
127 307 37
128 310 33
124 310 33
120 306 34
122 302 34
125 298 38
122 301 37
124 299 38
120 299 36
120 298 37
123 300 34
123 304 30
119 302 33
122 305 32
121 307 32
117 307 30
114 308 33
110 304 30
106 301 29
103 298 28
105 299 32
108 296 29
105 297 30
102 297 30
101 297 33
100 293 37
98 290 35
96 286 38
96 290 37
98 294 41
94 296 42
92 292 43
89 292 41
87 292 38
91 296 36
89 294 39
85 290 40
87 286 42
90 282 38
87 280 36
86 284 32
85 280 33
81 279 29
84 281 33
82 277 32
84 276 33
84 279 29
88 277 28
89 279 24
90 277 20
89 278 24
87 282 26
89 283 25
90 287 22
89 290 25
91 288 28
94 285 30
91 281 33
88 283 36
86 280 37
86 283 37
85 285 39
88 281 41
86 280 38
87 278 41
84 282 43
82 285 43
79 283 39
83 282 41
81 285 37
83 286 41
82 282 38
79 286 40
78 289 40
79 290 44
83 292 48
87 291 48
86 287 47
88 290 48
84 286 51
88 282 50
84 283 54
80 279 51
83 281 55
83 279 56
85 281 55
88 282 58
86 281 55
89 284 58
90 286 54
87 284 56
90 280 53
86 278 52
82 275 49
85 274 52
86 271 56
86 271 60
84 270 61
83 270 58
87 269 54
91 266 56
94 262 56
94 265 58
98 265 56
99 261 58
99 258 57
97 259 57
100 255 60
97 251 57
93 255 55
89 258 58
87 255 61
91 251 60
93 254 60
90 252 60
86 254 60
89 255 64
91 251 62
95 252 59
91 252 57
88 253 58
86 251 55
86 255 58
86 253 55
85 255 53
87 252 49
86 251 47
86 251 51
88 251 47
85 253 44
88 254 43
89 252 44
92 254 40
89 258 36
87 255 32
90 259 36
93 255 32
97 253 33
98 253 29
95 253 33
94 254 37
97 258 41
101 255 45
104 255 49
103 256 45
105 255 47
104 254 49
106 255 48
105 252 44
108 252 45
112 253 48
111 256 51
107 256 54
106 254 58
105 257 61
108 253 65
106 255 67
107 251 67
106 248 68
106 247 70
109 247 66
108 246 69
109 245 70
110 244 74
112 243 72
114 240 69
117 242 68
121 245 68
118 248 68
122 248 64
125 251 60
128 252 58
131 251 58
132 253 61
130 250 64
133 251 63
130 254 67
131 254 66
132 253 69
133 249 70
133 246 74
137 249 76
139 251 74
137 255 77
138 251 74
138 253 70
141 256 68
140 255 69
138 257 72
142 261 72
138 259 71
136 262 67
136 263 64
137 263 67
140 265 68
136 261 67
136 263 69
135 264 65
133 267 63
129 263 62
128 264 63
128 261 66
124 257 70
124 260 66
128 258 62
130 261 62
133 257 61
133 253 58
135 250 60
135 247 61
134 251 62
132 249 65
134 253 61
134 256 65
134 252 64
136 256 65
140 259 61
142 255 59
142 255 60
144 255 58
140 253 54
141 252 53
142 256 57
144 256 55
146 257 55
148 253 51
145 256 51
143 253 49
142 254 53
143 257 53
146 254 53
149 252 56
148 252 59
146 255 60
143 252 58
143 249 58
141 247 61
137 245 60
138 242 56
134 240 53
134 239 51
130 241 47
130 243 51
129 243 52
125 245 51
128 241 50
127 245 46
130 244 48
128 242 49
126 246 46
125 246 47
127 246 51
128 248 47
126 244 48
125 242 46
126 246 45
127 248 43
131 245 41
128 246 41
127 243 40
124 246 42
128 245 46
129 244 43
132 246 47
135 246 44
133 249 44
133 251 42
134 248 42
134 252 46
134 248 50
137 246 53
139 247 55
135 244 53
131 244 49
127 248 51
125 247 47
126 249 44
129 251 42
130 251 38
130 255 36
133 259 35
136 260 37
140 262 39
139 259 36
143 256 38
141 252 39
139 249 37
136 245 37
138 243 39
136 247 39
139 244 41
143 245 42
146 246 41
149 250 42
150 248 45
151 246 44
149 248 48
152 244 48
153 242 45
155 245 41
154 248 41
154 252 44
154 250 45
157 253 42
158 254 38
155 256 42
158 254 39
160 257 43
159 261 41
158 259 39
160 263 36
162 265 36
158 265 32
158 269 36
162 268 33
160 270 30
159 268 29
158 271 31
160 275 31
161 275 32
160 276 33
160 274 34
160 273 37
163 275 39
165 274 42
164 272 43
162 272 46
165 271 48
165 272 45
164 271 43
161 274 45
159 275 43
159 272 41
158 273 45
161 277 43
163 281 44
164 282 40
167 285 44
170 287 48
169 286 47
168 287 45
170 287 44
166 289 42
166 292 38
163 291 41
164 292 37
168 294 38
168 294 42
168 296 43
167 293 45
169 296 42
168 295 43
165 295 39
162 291 35
159 288 33
157 291 32
159 294 30
159 295 28
156 294 26
153 297 30
157 294 28
155 293 29
153 294 33
157 296 37
155 295 36
155 293 34
155 295 32
156 296 30
153 293 30
153 293 30
151 290 32
155 287 36
155 291 40
154 294 38
153 291 39
157 290 43
159 289 45
161 287 43
163 287 42
163 288 43
160 292 44
159 290 45
155 286 46
159 289 44
159 286 44
155 285 44
152 281 44
154 280 46
153 281 44
156 284 41
156 284 37
156 284 34
152 288 38
154 291 38
151 289 35
153 289 38
156 289 37
154 288 33
155 287 37
159 286 39
162 287 42
166 289 41
162 291 37
164 289 39
166 290 40
166 289 37
165 286 41
163 282 45
160 283 48
157 280 45
161 277 46
160 280 49
163 280 48
166 277 47
169 277 51
172 276 49
169 273 48
166 277 52
162 281 51
159 283 55
157 280 56
160 284 52
160 280 52
157 284 55
154 288 51
154 284 55
154 282 55
151 279 53
155 276 50
154 279 46
151 275 49
147 274 46
147 272 48
147 268 48
143 270 52
147 270 56
151 274 58
149 277 55
147 274 52
146 272 52
146 269 53
144 270 52
141 273 51
142 277 53
144 275 54
147 273 53
143 273 53
142 274 55
141 272 55
141 275 57
142 274 54
144 276 53
146 273 49
150 269 50
149 270 49
145 271 52
149 273 55
145 274 51
148 272 50
149 270 48
147 273 47
148 270 44
148 269 42
152 267 46
155 264 44
156 267 46
152 265 50
154 262 50
156 259 47
155 260 50
155 257 48
154 257 44
158 254 43
160 251 42
159 253 43
160 254 46
163 251 46
164 252 47
167 253 46
167 250 48
167 254 47
165 256 49
168 253 53
172 255 55
175 257 53
175 254 57
173 258 57
176 254 53
178 253 55
175 254 56
173 257 55
173 261 59
175 257 57
171 256 57
167 253 53
166 257 53
168 259 50
167 263 46
164 264 45
166 267 44
167 264 44
171 260 41
167 256 40
164 253 39
166 249 41
162 247 40
163 250 43
162 254 41
158 258 37
162 254 37
160 251 41
162 250 42
158 249 39
154 246 35
155 243 31
155 240 30
151 236 26
154 239 30
152 242 26
154 238 25
152 239 26
156 241 30
158 241 33
161 239 33
163 235 34
163 232 32
167 232 30
165 230 34
163 228 30
165 224 27
169 224 30
172 226 26
173 226 22
172 230 21
173 230 20
173 226 19
176 226 21
173 227 21
171 224 17
174 224 13
173 222 17
170 224 18
167 226 16
164 230 18
168 234 22
172 238 23
172 241 25
171 242 27
170 243 29
173 244 29
169 241 29
170 244 31
167 244 29
168 247 33
167 249 30
163 251 33
161 247 35
157 247 31
154 251 34
151 253 34
149 254 33
147 252 35
145 256 37
144 255 39
147 251 40
143 252 42
140 249 38
139 250 40
140 247 37
144 247 34
143 247 35
144 251 31
145 247 31
143 249 31
146 250 29
146 248 28
147 251 25
149 252 22
149 254 25
146 251 28
142 252 27
140 252 30
141 254 26
142 250 27
140 251 29
142 251 26
140 249 27
136 253 25
140 250 27
142 254 26
142 254 25
143 254 24
140 252 24
142 251 20
143 253 21
142 254 21
145 251 21
149 247 22
152 245 26
154 245 27
150 248 29
146 249 28
147 245 25
144 245 21
142 249 23
144 250 19
142 248 23
139 251 26
139 252 23
140 255 26
140 253 29
141 253 33
140 252 33
137 251 30
134 254 34
138 251 30
137 254 34
137 258 37
135 257 38
134 257 37
134 255 40
135 255 36
135 256 40
134 258 39
136 260 43
139 263 47
137 262 46
139 258 44
142 262 42
140 261 43
137 263 42
133 259 43
136 259 45
133 259 43
130 263 40
126 262 44
129 265 48
128 261 51
124 262 49
123 260 46
122 257 47
124 259 46
124 262 44
123 262 48
127 259 50
124 260 49
125 264 53
128 262 53
127 259 56
127 259 52
128 255 48
129 254 47
128 257 48
132 261 45
132 264 41
129 261 41
125 260 44
127 260 40
125 258 37
126 262 38
122 260 37
123 259 40
122 255 37
121 254 37
125 256 33
126 256 36
127 260 39
128 264 37
127 264 39
123 265 38
119 268 39
115 272 42
111 271 43
111 275 39
107 277 42
108 276 43
108 272 43
112 272 40
111 275 41
111 271 42
113 270 39
114 273 38
114 270 35
111 272 34
110 272 32
113 271 36
114 268 37
112 267 35
112 265 36
112 266 34
112 268 33
111 272 30
109 268 33
105 268 35
101 267 35
102 271 39
106 274 37
109 278 34
111 281 32
114 279 35
117 275 38
119 276 35
117 277 39
118 275 42
119 271 39
120 271 42
117 275 46
117 273 43
114 274 42
118 275 43
119 272 40
115 276 38
113 278 35
114 275 33
113 279 33
113 281 37
114 283 40
116 279 36
119 283 34
116 283 33
120 282 37
120 282 38
121 278 35
124 282 31
127 280 28
123 280 30
121 281 32
124 281 34
126 284 36
128 287 40
124 289 43
120 285 42
117 289 45
114 285 47
116 285 51
112 283 48
110 281 49
114 282 46
111 278 49
107 280 53
105 277 53
106 279 53
107 283 49
110 280 50
109 278 48
112 280 50
113 278 51
116 281 51
120 277 47
123 275 47
122 277 50
118 281 51
121 280 50
120 283 51
122 279 52
121 277 51
123 279 55
124 283 54
124 282 55
125 279 54
123 278 58
123 274 55
126 277 55
126 281 51
123 280 47
127 278 44
129 279 40
126 283 41
126 284 37
128 280 34
128 284 30
125 286 30
127 288 33
124 288 36
128 288 40
126 286 36
122 285 38
118 286 38
119 283 39
122 279 36
120 282 34
116 286 38
116 283 37
120 282 40
117 281 40
120 279 43
121 280 41
125 284 42
124 287 41
128 290 43
129 294 39
133 291 42
132 288 41
128 287 43
128 283 40
125 282 36
129 282 32
133 281 31
136 283 32
134 287 31
138 289 35
141 285 39
140 285 36
138 284 32
136 280 29
132 278 25
130 279 28
127 279 29
131 278 33
131 282 37
127 282 40
123 286 36
123 289 33
120 292 37
122 290 40
122 290 38
122 286 39
119 287 36
117 289 35
119 290 35
121 287 38
117 287 41
119 291 39
117 295 39
119 298 41
119 298 39
122 299 38
124 300 35
128 301 34
125 300 30
128 296 34
125 299 32
124 302 31
125 301 28
121 303 25
125 299 28
129 295 31
132 298 35
128 302 31
131 302 29
127 303 31
123 300 33
124 299 36
128 299 35
131 296 39
129 300 43
132 303 41
131 302 44
133 302 45
130 299 44
128 295 41
124 292 45
128 289 42
126 293 46
125 291 48
127 288 51
127 287 51
124 284 52
126 283 56
123 286 60
126 289 58
128 292 57
132 290 53
134 287 55
135 286 55
135 284 55
134 287 52
130 291 53
132 290 53
134 291 52
130 293 54
126 295 52
128 298 52
127 300 56
131 298 52
129 302 55
127 303 54
130 307 57
130 306 59
134 302 57
131 301 55
130 300 52
126 299 52
129 302 48
125 305 45
125 301 48
127 300 48
130 304 44
128 301 41
130 303 38
132 304 36
129 305 33
125 308 36
121 310 39
117 306 40
118 305 36
118 301 40
118 301 40
117 301 36
114 301 38
118 302 41
117 299 42
116 298 44
114 295 43
114 292 43
110 288 47
106 284 46
106 283 43
105 282 46
107 281 44
104 285 44
104 284 44
104 285 42
103 282 46
99 283 48
97 280 45
101 279 49
101 276 47
101 278 44
102 282 40
105 283 40
102 286 38
105 285 36
106 284 33
107 280 37
105 278 33
106 275 29
103 278 26
99 275 24
98 279 21
102 282 23
101 278 19
105 280 15
108 282 13
112 285 9
108 285 8
112 288 7
108 284 7
104 288 5
104 285 7
105 282 6
108 278 8
107 281 4
108 285 6
106 283 4
103 283 6
101 279 3
100 278 0
99 281 3
102 283 2
102 284 2
101 281 2
105 281 2
104 281 1
102 278 0
105 274 3
107 272 7
104 276 3
103 274 7
100 273 7
98 272 9
98 275 9
100 278 13
103 274 16
102 273 19
100 270 21
100 266 21
97 265 24
94 268 23
96 267 25
100 267 28
98 269 29
98 269 25
102 268 21
