50 36 31
54 36 33
51 33 36
54 35 36
53 34 37
56 35 38
56 38 42
60 34 46
60 34 46
63 38 42
65 37 41
66 34 44
66 32 40
70 28 40
70 32 43
69 31 45
65 28 43
68 30 43
70 26 47
74 27 45
71 30 48
74 27 47
71 28 50
71 24 51
67 27 55
71 28 56
73 27 54
71 30 56
68 31 53
72 28 53
73 32 57
70 33 56
72 33 55
72 29 56
75 32 60
73 33 62
77 34 63
75 36 64
72 34 64
75 33 68
71 29 72
71 31 72
73 34 72
70 31 74
69 28 72
67 26 76
65 22 75
62 18 76
58 21 80
59 17 81
61 20 82
57 20 80
58 17 78
58 18 75
56 16 74
56 12 72
60 8 69
56 5 66
53 8 62
57 4 62
61 4 65
64 2 62
61 3 63
65 4 66
69 4 69
70 2 73
68 5 76
67 1 78
63 2 82
59 4 85
61 1 86
57 5 89
56 1 90
58 0 91
55 2 94
51 6 97
55 9 97
56 7 95
55 7 98
58 10 94
55 8 96
53 7 100
49 7 98
53 6 96
56 8 99
55 11 101
57 11 99
55 11 101
53 11 104
50 11 105
54 11 107
51 10 105
54 11 102
54 12 101
55 12 98
57 14 98
61 13 102
59 15 103
57 18 103
53 21 101
50 25 97
53 22 101
49 20 102
50 23 106
47 26 107
43 27 104
47 25 102
47 29 104
46 28 101
45 28 102
44 26 104
40 29 104
37 32 104
40 32 104
40 33 103
43 35 100
46 39 99
46 39 100
47 41 96
48 38 99
48 36 98
51 39 101
55 38 97
52 37 99
53 37 98
52 39 95
53 36 98
55 40 97
59 41 97
55 43 94
59 46 94
59 47 98
61 45 96
62 45 94
64 42 98
66 44 98
64 43 100
65 44 96
64 46 100
66 45 98
65 47 96
69 50 99
66 53 95
69 49 95
66 51 92
70 48 93
71 51 95
70 51 92
74 47 96
76 49 92
77 50 94
80 51 94
81 52 95
85 50 93
88 47 97
92 43 95
96 39 96
96 36 99
92 34 95
95 31 97
94 31 95
96 27 98
100 23 96
101 26 92
103 23 95
105 22 91
107 24 95
111 23 97
111 19 98
111 19 96
109 16 92
113 16 89
110 15 87
109 17 83
113 15 87
112 18 85
109 20 85
108 18 83
111 15 82
113 11 81
116 15 81
115 18 80
114 15 82
111 19 86
115 16 90
119 20 89
121 23 93
124 26 89
126 24 88
130 26 84
127 28 81
123 26 79
127 25 82
131 22 86
132 26 83
134 24 85
130 21 83
129 24 79
126 20 78
126 20 77
129 19 75
132 20 78
136 21 76
138 18 79
137 21 80
138 23 80
136 27 83
137 29 84
141 28 83
141 26 81
138 23 82
140 23 86
144 19 82
146 22 80
142 18 80
144 16 84
147 19 86
145 19 90
146 17 92
143 13 91
141 13 87
140 13 88
138 14 91
139 13 87
140 14 83
136 17 82
138 17 83
136 20 86
139 16 82
138 14 78
136 16 76
138 20 76
140 19 76
143 23 73
140 21 71
144 22 72
144 24 71
145 24 67
145 23 65
147 25 69
144 24 65
141 28 69
138 28 73
140 24 70
139 23 74
135 23 78
139 20 76
140 20 75
143 21 74
139 24 78
135 21 76
132 17 79
130 15 83
132 18 79
131 18 83
128 17 87
124 14 91
121 10 93
120 12 91
123 16 89
123 13 92
122 14 94
123 11 97
124 10 94
123 9 91
120 11 94
116 9 96
115 8 100
115 10 102
112 13 99
115 13 101
114 11 100
118 13 100
120 11 101
116 8 99
120 6 97
121 8 95
117 10 93
114 12 93
111 8 90
114 9 90
113 11 86
110 11 88
109 14 84
113 10 86
112 8 88
108 7 84
106 10 85
110 11 86
106 12 83
104 12 84
102 12 85
104 8 82
107 6 82
104 6 80
105 2 80
106 0 77
110 2 76
109 0 77
105 1 75
105 2 76
108 3 80
112 2 84
111 0 86
113 3 89
113 4 90
114 5 86
118 4 83
121 8 80
119 7 78
117 6 77
119 2 76
117 2 78
113 6 77
116 5 80
116 7 77
112 5 78
115 7 74
118 3 71
121 2 69
125 5 65
122 8 62
118 12 58
121 12 61
122 8 59
122 7 59
119 7 55
121 6 52
123 2 53
123 2 52
121 2 52
117 1 49
121 0 51
118 2 49
121 0 51
124 1 50
124 1 52
127 3 49
123 1 49
123 2 45
122 1 44
122 2 43
126 2 47
127 4 46
127 0 46
129 2 45
129 4 42
131 4 40
133 7 37
131 11 40
128 11 41
129 15 42
131 12 41
132 11 45
131 9 49
128 10 51
128 13 54
131 15 50
131 11 47
129 8 51
129 9 49
133 8 52
137 6 56
135 3 60
134 0 63
133 2 64
134 4 61
132 7 65
133 3 62
133 5 60
131 3 59
128 2 60
131 4 61
128 0 64
129 0 63
128 0 64
127 2 66
128 0 66
129 2 67
130 0 71
131 2 70
135 2 69
138 3 70
136 3 73
133 0 69
137 1 71
139 1 72
141 4 74
145 7 72
141 9 69
143 8 67
143 8 67
146 9 70
147 13 70
149 13 72
145 17 68
147 14 67
150 11 66
152 13 67
156 11 71
153 10 75
150 11 74
151 12 76
150 10 73
150 13 75
150 12 72
152 12 69
150 9 67
151 6 66
153 8 66
153 6 63
156 10 60
153 8 58
151 9 59
155 6 63
158 9 60
162 13 61
160 12 57
157 12 61
154 15 64
152 12 60
148 10 61
148 9 63
144 10 59
140 11 56
142 13 60
142 10 58
138 8 59
134 4 56
133 5 53
133 8 51
137 7 52
133 3 52
136 5 54
137 1 53
134 1 55
135 2 51
135 2 49
135 1 49
133 5 45
136 5 49
132 9 53
135 10 54
135 11 53
132 7 54
135 4 51
132 8 50
134 8 51
130 12 53
130 12 53
126 10 52
128 8 50
127 4 46
127 4 46
124 0 43
120 0 45
118 1 46
118 1 42
120 2 43
116 0 46
119 4 47
120 1 47
123 2 44
124 0 42
122 4 46
124 2 50
120 0 54
116 0 52
116 2 51
112 6 48
112 9 51
108 11 50
106 8 46
104 10 43
105 6 46
103 6 42
101 10 45
101 7 42
100 7 40
100 4 37
100 1 36
99 5 40
102 6 37
98 5 37
97 7 38
96 7 37
93 7 33
93 8 31
91 9 32
87 7 36
87 5 37
89 4 33
89 2 30
93 4 29
97 0 25
93 4 24
97 7 20
94 9 16
92 9 19
91 8 16
93 11 17
94 12 13
91 14 16
94 10 15
95 14 18
98 13 17
100 9 14
97 7 15
95 8 19
99 7 22
102 4 24
105 3 24
101 4 21
100 1 25
103 2 29
99 1 33
97 4 30
98 7 29
100 3 31
97 2 33
98 4 35
97 0 38
99 4 42
99 5 40
98 4 44
94 6 48
97 3 47
97 2 49
100 5 51
101 2 54
100 4 51
103 0 50
105 2 49
108 6 52
111 8 56
113 4 55
111 3 58
108 6 59
105 4 56
102 6 59
98 2 63
101 5 62
101 7 62
105 11 65
101 15 67
99 12 69
103 13 68
107 17 67
107 20 64
103 16 61
102 15 62
105 13 61
103 9 58
101 8 56
102 10 60
104 10 60
102 8 61
101 4 58
97 3 57
93 3 56
93 2 60
94 4 56
90 6 58
87 5 58
86 3 60
90 3 64
91 2 63
93 6 67
90 5 64
94 3 67
95 0 68
99 2 66
95 0 69
94 2 69
98 6 73
101 4 77
98 7 80
99 4 78
103 6 75
107 8 71
110 10 72
108 8 68
111 4 68
112 2 66
109 2 63
106 0 65
105 4 67
104 7 65
106 3 61
103 5 59
107 6 63
107 7 64
104 10 60
100 10 61
103 8 61
99 12 64
99 15 60
99 18 62
99 16 59
101 18 57
103 14 54
100 12 58
102 10 54
102 10 58
106 9 56
109 10 58
111 9 59
115 5 57
112 2 57
116 5 59
114 1 60
117 2 64
121 0 66
120 1 63
118 0 62
121 2 66
125 2 68
129 4 68
131 0 69
129 1 65
128 3 64
130 2 61
128 4 65
129 2 67
126 6 64
127 5 68
128 3 68
132 0 64
132 2 66
132 2 69
135 0 73
138 4 73
136 8 71
140 9 75
140 7 72
143 8 71
141 12 75
138 16 74
137 18 76
141 17 79
144 18 79
140 20 77
140 18 77
142 20 81
141 23 79
140 26 77
142 26 78
143 29 76
143 28 80
146 27 79
150 23 82
154 19 86
152 16 82
148 16 86
145 17 84
141 13 83
142 12 81
141 16 77
139 20 75
139 17 75
138 16 71
138 19 72
141 17 75
142 14 78
144 10 79
145 8 81
149 5 79
153 9 75
153 8 73
150 4 74
147 8 75
146 4 76
143 0 76
142 3 75
141 4 75
138 2 74
136 4 77
134 3 77
130 6 78
132 2 75
133 5 78
130 3 80
128 7 81
125 3 84
122 7 81
125 6 85
122 3 82
125 2 84
125 2 87
124 5 89
128 5 85
130 6 89
127 3 86
126 4 83
127 6 82
125 9 78
121 5 76
118 3 75
116 4 71
114 8 68
116 6 68
120 10 70
117 7 71
117 8 67
119 6 64
121 9 64
121 6 68
120 5 69
118 1 69
121 2 68
117 2 68
114 1 68
111 3 68
112 5 69
112 3 73
112 5 74
108 7 76
111 6 73
110 4 77
112 6 77
109 4 80
112 4 76
116 8 77
117 12 81
121 16 85
125 20 82
121 21 81
124 24 78
128 27 78
130 29 82
131 32 86
135 30 82
139 30 83
140 26 87
141 30 89
140 29 89
137 27 90
140 24 90
141 24 90
140 22 91
139 24 95
141 21 97
142 18 95
139 21 99
142 21 101
144 18 101
147 15 97
144 15 98
143 19 96
139 23 99
135 21 102
139 21 103
140 20 102
141 24 103
144 25 105
140 28 109
144 26 111
147 24 108
149 26 108
151 29 112
155 31 111
153 32 111
156 32 108
157 34 112
154 32 113
151 31 114
153 30 113
155 28 109
156 32 109
156 36 113
159 35 114
161 37 110
164 40 112
160 42 112
164 41 110
164 37 110
160 34 112
156 35 112
155 37 116
152 41 119
154 38 116
154 40 113
152 42 109
153 40 107
153 44 108
154 45 108
150 45 105
150 44 106
153 41 107
153 42 105
156 43 109
158 46 107
158 49 107
157 53 104
158 52 102
156 50 98
155 48 98
154 44 99
152 44 99
148 44 101
147 42 101
150 44 105
150 42 109
154 42 108
150 45 105
149 44 103
153 45 105
154 44 102
158 43 100
158 45 96
155 43 97
157 45 100
159 41 100
163 42 103
159 38 99
162 36 97
159 40 101
159 37 98
158 41 100
154 43 104
155 40 107
159 44 109
160 48 111
156 51 115
153 55 116
153 56 119
157 57 117
154 54 116
153 53 113
151 51 117
155 47 121
157 50 122
161 51 125
159 47 128
157 50 127
160 47 126
157 51 123
155 47 120
155 50 118
157 47 119
154 43 119
156 47 115
154 46 111
154 44 107
158 43 108
159 45 111
162 46 109
158 45 107
160 47 111
161 47 114
160 47 117
163 44 116
163 48 118
164 50 115
167 50 114
170 48 111
174 52 115
173 53 113
174 50 115
175 47 119
177 49 122
181 53 119
178 51 123
181 54 126
182 55 130
186 59 132
186 56 134
185 57 131
182 53 131
180 57 129
184 58 128
182 58 124
186 62 124
190 64 121
191 68 120
192 69 116
189 70 112
185 71 113
182 68 110
186 68 114
186 71 116
187 70 118
186 71 119
188 74 116
191 75 112
192 73 110
192 76 107
196 78 106
193 78 109
189 76 105
192 79 105
194 76 106
190 73 106
190 69 106
186 65 102
190 63 103
194 63 101
195 63 100
198 59 104
200 59 101
196 56 104
199 57 100
197 58 102
193 55 98
192 54 96
191 55 98
195 53 100
199 56 98
200 55 94
196 53 90
193 51 89
193 54 87
196 57 85
198 53 81
200 53 79
197 57 81
196 56 83
199 54 81
199 53 83
196 49 83
196 52 84
193 51 83
196 47 82
194 46 79
198 42 81
199 39 83
201 35 82
201 37 86
204 41 86
208 38 89
206 36 87
204 38 85
206 41 86
207 40 84
206 39 81
209 42 82
212 44 81
212 45 84
208 43 80
207 39 83
211 35 83
207 37 79
209 40 77
213 44 81
216 48 79
218 50 75
214 50 74
217 51 74
215 47 70
213 49 73
213 49 74
212 48 74
210 45 70
208 45 71
208 41 69
207 38 72
209 36 76
212 39 72
209 40 75
205 38 73
203 34 72
205 36 73
207 40 70
204 43 68
203 43 69
203 46 72
203 49 72
199 45 69
196 49 72
193 45 75
189 41 78
186 40 81
188 37 78
192 37 78
190 33 80
191 37 78
195 33 80
191 33 78
188 36 82
188 34 82
190 37 86
188 37 86
184 36 85
186 36 83
185 36 84
186 32 82
182 28 85
182 31 89
185 29 93
189 32 97
185 30 98
187 29 98
185 33 101
181 34 101
184 30 99
184 34 99
181 34 98
182 38 95
186 39 91
189 43 90
192 40 88
191 36 91
191 35 89
190 38 87
192 39 89
195 41 87
197 44 87
200 40 86
202 38 84
204 35 84
205 32 83
202 36 87
202 39 86
205 35 88
205 33 88
201 31 90
204 27 90
204 25 86
203 22 84
201 22 80
198 21 78
197 18 78
198 22 74
196 22 70
196 24 73
196 22 71
199 24 70
197 27 69
197 30 66
198 34 62
194 33 64
191 36 60
187 38 63
191 41 61
190 40 60
190 43 61
191 44 59
195 47 63
196 51 64
199 51 66
197 47 65
198 46 61
195 46 65
195 47 64
191 51 62
190 49 59
194 50 59
198 54 58
194 57 55
198 56 52
202 53 52
199 49 54
203 47 52
207 44 49
207 47 49
207 51 49
211 54 45
215 53 48
217 49 44
217 46 41
218 43 45
220 46 49
219 46 51
219 44 51
222 44 52
220 45 50
216 49 49
218 46 53
221 42 49
222 42 47
221 43 49
218 46 50
217 48 54
221 47 55
224 46 56
222 45 59
222 42 58
225 38 55
221 37 59
219 34 61
221 36 60
222 33 58
225 31 56
228 34 54
230 31 55
226 28 53
230 24 50
228 24 46
229 25 47
232 29 43
228 29 43
226 27 43
222 24 39
221 21 42
223 17 39
223 17 40
223 14 42
226 10 40
226 12 43
225 13 40
229 12 41
225 14 45
222 10 43
221 13 43
220 13 42
222 12 39
226 9 38
227 9 41
223 5 37
221 3 33
224 2 34
220 2 34
220 3 35
219 7 33
222 5 31
222 9 34
221 7 34
218 9 33
218 10 32
221 8 28
218 11 26
216 7 29
213 7 30
214 4 31
216 2 28
212 4 27
214 7 27
214 10 29
212 13 30
211 17 30
212 20 34
211 19 30
213 18 33
215 19 36
215 18 39
214 16 36
214 14 37
217 12 39
220 8 39
223 7 39
223 5 38
225 7 37
221 11 33
220 14 35
223 18 36
227 21 34
228 25 35
227 21 36
226 18 35
222 21 37
218 18 33
219 18 30
221 19 27
221 17 28
217 16 30
216 20 32
215 18 30
211 14 30
210 10 30
212 10 32
213 13 30
210 14 27
214 10 29
211 14 30
208 11 27
207 15 26
207 15 24
204 16 22
208 12 20
206 12 22
210 16 24
206 18 26
206 19 25
208 16 26
204 12 23
200 12 25
196 13 25
198 11 27
197 10 26
195 14 30
195 18 31
199 15 27
198 18 26
199 17 28
198 17 25
194 16 28
196 13 24
193 12 24
189 11 23
190 11 27
193 8 26
189 6 23
188 6 20
186 10 16
187 6 20
185 2 19
182 2 18
179 2 15
176 3 18
178 7 14
177 8 17
180 6 17
182 5 14
184 3 14
182 3 13
184 5 16
187 3 12
185 6 11
186 8 14
184 8 12
187 9 14
189 9 16
189 8 20
192 5 21
194 4 19
191 3 23
193 7 21
197 11 25
195 14 23
195 14 22
195 18 22
199 17 24
203 17 23
207 14 27
206 10 28
202 7 31
204 3 33
205 2 31
206 6 32
203 7 32
201 6 30
198 4 27
196 0 24
200 4 28
201 3 32
205 2 31
206 2 31
210 0 34
211 2 37
207 2 39
207 1 42
211 4 44
214 0 45
211 4 43
215 8 42
215 5 40
217 1 38
214 0 34
210 2 34
213 3 33
210 4 37
210 2 35
209 2 36
210 4 32
212 7 31
215 4 31
211 4 33
210 4 36
213 1 38
217 1 39
218 3 40
221 2 42
221 0 42
221 2 41
221 1 39
220 2 40
224 4 44
225 0 48
229 2 44
232 2 46
235 1 48
237 1 52
234 2 53
231 3 53
231 2 57
233 6 57
232 5 54
236 1 55
234 2 53
237 2 53
235 2 51
233 5 51
229 7 52
232 11 49
236 12 52
239 9 55
238 10 56
241 10 52
241 9 52
241 13 54
241 9 58
239 10 55
241 9 56
241 7 53
242 3 57
238 6 56
242 4 59
238 3 60
239 7 58
242 3 54
240 5 56
237 2 59
239 2 56
238 3 55
234 7 52
236 11 49
234 12 46
231 13 50
234 12 51
236 12 48
239 14 49
237 16 47
233 18 47
234 20 50
238 21 49
242 20 48
240 24 44
237 25 41
234 27 44
233 23 41
234 23 39
232 19 42
232 21 46
232 20 49
231 18 50
233 14 47
233 18 49
231 21 48
232 18 48
231 18 46
229 21 43
226 17 46
227 15 50
226 19 50
222 18 52
222 15 55
218 19 57
218 16 54
214 17 57
214 19 61
211 20 62
208 17 62
204 14 64
203 12 65
206 10 64
204 12 62
201 9 61
204 11 57
201 15 55
198 15 59
196 11 56
192 13 52
188 13 50
192 13 47
189 15 51
186 12 51
185 14 49
185 11 53
188 14 56
188 13 54
189 12 58
186 16 59
183 13 63
186 9 64
187 9 66
183 9 65
180 12 69
176 16 73
176 18 77
173 14 73
176 18 69
172 22 70
173 24 66
174 25 68
176 22 71
177 26 67
177 24 65
179 24 69
177 25 66
176 28 63
176 30 60
177 32 61
176 35 61
176 39 65
173 43 69
173 41 68
172 37 64
170 39 67
171 43 63
174 45 61
178 45 61
174 45 62
175 46 64
171 45 64
174 44 61
170 46 64
172 49 68
171 50 64
175 54 64
174 52 63
172 52 64
176 48 68
180 52 67
184 50 65
188 54 66
189 53 62
190 50 62
187 50 59
185 52 60
183 53 56
180 50 57
178 50 56
179 51 55
177 51 56
181 52 54
184 53 53
185 53 49
183 54 45
184 50 49
182 50 51
186 49 49
187 52 49
183 53 45
185 57 46
189 60 44
191 63 48
193 65 45
197 69 44
194 70 45
194 67 49
195 67 48
198 68 52
198 64 48
194 67 44
194 63 48
192 60 47
192 63 51
190 60 51
191 62 48
189 66 48
187 69 52
184 71 54
184 68 50
188 67 50
189 71 47
186 68 48
188 69 49
191 66 51
190 67 50
186 70 53
185 66 53
181 62 51
177 64 48
181 62 52
181 63 48
185 59 45
181 55 46
180 57 43
184 53 45
181 55 49
184 54 46
184 56 43
183 60 44
185 62 42
188 62 45
188 65 42
185 63 40
189 61 37
186 65 36
183 64 37
179 60 38
175 64 40
173 68 44
173 71 44
177 69 43
175 67 47
174 64 43
171 65 41
167 63 41
165 65 44
164 64 44
168 65 46
164 67 42
165 69 43
164 67 42
166 71 46
167 73 42
168 75 41
172 79 44
175 80 43
175 77 40
174 76 38
174 72 38
176 74 42
175 76 46
174 80 45
174 81 48
171 80 45
173 78 45
172 79 49
169 75 51
167 77 48
171 81 48
172 82 51
173 80 48
173 83 46
171 80 50
171 84 46
170 85 50
167 81 47
164 79 50
168 81 46
165 80 43
162 79 40
166 81 44
168 82 44
165 78 44
166 76 43
169 79 45
171 82 47
169 78 50
166 79 53
170 76 57
171 74 59
168 77 60
168 80 63
167 84 65
165 83 61
164 86 61
162 89 65
159 88 63
162 84 64
161 85 60
158 86 63
160 84 63
158 80 63
157 78 65
153 79 63
155 79 63
154 83 66
157 83 69
158 84 66
157 86 62
159 87 60
156 90 57
155 86 55
157 85 59
160 82 58
159 82 54
158 85 55
160 89 59
163 92 57
160 91 58
158 90 56
158 94 52
159 92 54
158 89 55
159 87 57
157 83 56
153 83 53
150 82 52
149 84 51
149 80 49
151 77 51
150 77 47
154 76 51
151 72 53
151 76 54
155 78 56
153 78 53
153 82 49
151 78 46
150 79 44
150 78 40
149 77 40
145 79 36
143 81 40
146 79 40
148 83 40
152 85 38
150 86 37
152 85 33
151 81 31
152 85 33
151 84 29
149 85 30
149 83 32
153 80 32
156 77 28
155 80 27
156 79 23
155 81 20
154 80 17
152 77 14
150 75 18
150 79 16
151 75 12
155 74 15
152 74 15
151 74 13
147 75 9
144 72 9
145 76 8
148 78 7
150 80 10
153 79 14
153 83 11
150 85 11
147 83 15
146 81 18
148 84 18
152 81 21
155 77 17
151 80 20
151 80 17
155 81 17
159 82 21
159 80 19
160 82 17
163 80 13
166 84 15
163 80 17
162 80 21
162 84 17
162 80 21
161 80 23
158 80 22
154 79 19
157 78 22
160 80 25
157 77 27
158 79 25
155 80 27
152 76 30
148 75 34
148 78 32
152 77 29
148 79 25
146 80 27
147 82 25
148 85 26
151 87 26
155 84 25
157 87 23
160 84 20
164 85 17
165 86 17
161 87 15
162 88 13
163 86 10
161 85 14
161 87 15
161 87 18
165 90 21
169 92 17
166 89 13
167 85 12
164 81 11
161 85 14
158 87 18
156 87 15
159 87 17
162 90 15
158 93 12
157 95 16
160 91 19
156 95 20
160 97 23
158 93 27
155 95 23
152 98 26
148 101 22
152 99 21
156 101 24
156 97 26
155 95 30
153 95 30
151 99 32
154 103 32
156 101 33
157 102 37
155 106 34
158 109 36
155 105 39
154 104 35
153 100 38
152 98 35
150 94 36
152 97 40
151 97 44
155 93 47
154 97 45
154 100 45
156 99 42
152 103 39
150 102 43
150 98 43
146 98 43
144 96 39
143 94 40
146 92 44
146 91 41
143 92 42
147 94 43
148 97 46
144 100 47
146 98 49
146 102 46
150 98 47
152 98 47
148 102 45
150 100 44
150 102 48
154 99 46
150 101 46
149 100 45
151 98 45
147 98 41
147 94 39
151 96 37
149 98 39
151 100 38
151 96 41
151 100 37
150 102 39
149 103 36
150 105 34
146 104 36
148 108 35
151 112 39
149 112 38
147 111 41
151 107 40
154 107 38
158 104 41
159 102 39
158 102 36
161 98 34
162 101 36
159 97 37
155 96 41
156 98 45
152 95 43
148 93 44
149 89 42
151 91 41
154 93 44
153 91 43
154 90 45
152 88 42
148 92 43
150 92 43
152 95 41
153 97 43
155 96 47
152 93 44
149 91 43
153 94 46
157 92 43
156 94 40
152 95 39
155 99 37
157 96 33
155 92 37
154 93 34
156 95 38
158 98 34
160 100 36
162 104 35
166 106 39
165 103 42
165 102 46
161 106 46
162 104 50
164 105 48
166 108 49
170 105 47
169 102 46
168 102 48
164 98 51
160 97 55
162 100 53
158 100 55
158 97 58
154 101 56
152 102 56
156 106 60
157 109 61
157 112 63
155 114 65
151 111 69
147 111 66
151 115 65
155 119 65
152 121 63
148 122 65
148 122 67
149 119 71
148 117 74
149 121 75
146 123 73
149 126 71
145 123 69
145 123 72
145 119 73
143 122 73
146 123 70
143 120 69
141 122 69
145 119 67
143 119 66
147 123 64
143 121 64
144 119 64
143 115 64
140 115 67
144 112 66
147 108 69
149 107 72
152 109 68
155 111 67
157 115 70
157 116 67
161 119 63
163 118 66
167 119 69
168 122 71
169 121 71
167 125 68
167 122 68
167 124 66
164 120 66
168 121 68
169 118 70
166 115 68
170 116 69
172 120 66
175 124 67
175 121 65
172 117 61
168 114 57
169 116 53
165 115 50
164 119 47
168 116 43
170 120 39
172 123 41
173 120 45
170 120 48
171 123 46
167 127 42
165 131 45
163 133 44
161 132 41
161 135 39
165 133 36
165 137 39
165 137 40
166 135 37
163 135 35
162 135 34
161 132 37
163 136 35
163 135 37
163 133 37
166 131 35
165 132 31
167 135 35
168 131 33
170 133 30
172 136 34
175 134 30
173 137 34
174 138 32
177 139 36
177 136 36
179 137 32
183 137 33
185 133 36
183 134 36
187 130 37
188 131 41
192 127 39
190 129 36
186 129 36
185 129 36
181 128 36
185 125 37
188 127 37
186 127 39
188 130 43
190 131 46
186 128 45
189 127 45
190 124 48
188 123 51
187 121 52
190 123 49
190 119 51
192 123 49
193 120 52
195 123 51
194 124 50
190 125 48
191 124 47
187 125 48
191 128 47
187 127 50
190 131 52
192 129 53
191 131 56
194 129 56
192 128 59
189 131 60
193 133 64
194 136 65
197 140 62
193 144 58
196 148 62
195 148 63
194 150 64
190 146 65
192 149 61
191 153 64
195 157 68
198 154 70
196 158 71
195 155 72
192 159 68
193 163 65
193 159 66
192 156 65
195 157 67
197 153 70
196 150 72
200 151 75
202 150 75
201 147 75
205 149 71
208 152 68
206 156 64
208 155 63
205 151 59
201 154 58
199 150 61
196 150 64
196 146 63
197 150 65
197 153 69
196 151 65
193 153 62
196 153 59
198 151 59
199 147 57
199 145 56
201 142 54
199 138 58
197 138 60
201 134 57
198 131 55
194 130 54
191 131 53
192 128 51
189 129 51
187 128 47
184 128 49
183 124 48
183 121 48
185 120 44
181 122 43
184 126 39
182 128 37
185 126 36
182 124 39
181 121 36
185 125 33
182 127 33
178 127 31
182 125 33
186 127 30
183 131 31
182 128 33
185 125 35
188 125 38
186 126 37
183 123 39
180 127 36
180 126 36
181 125 36
177 123 35
177 123 35
176 127 38
173 125 34
170 127 30
170 129 31
168 125 34
168 128 36
166 124 39
169 120 37
166 121 40
169 119 37
169 122 36
171 124 34
173 128 32
169 124 31
171 123 29
172 121 27
168 125 25
165 124 25
167 126 25
170 123 22
167 123 18
167 126 18
167 124 17
167 122 18
170 120 21
173 124 24
170 128 21
168 131 18
169 128 14
169 132 12
166 130 8
164 128 9
160 130 10
156 132 9
153 136 5
149 138 1
146 134 2
147 132 1
150 128 2
150 131 2
154 135 0
157 136 1
155 133 2
153 133 4
150 134 5
154 134 7
154 136 6
150 134 3
151 138 2
152 135 4
154 138 5
155 137 3
154 137 4
155 140 6
158 144 2
157 146 3
160 147 0
164 145 0
162 145 1
158 149 5
157 145 9
153 142 10
149 144 6
153 148 7
155 145 9
151 141 9
152 137 9
149 136 12
153 136 16
150 132 13
148 133 16
150 135 20
151 137 24
153 137 24
155 135 23
158 139 20
154 142 23
150 143 27
153 144 25
157 146 29
155 144 25
157 146 24
154 148 27
152 150 23
156 152 26
157 156 30
154 157 32
156 159 34
155 155 33
151 159 30
152 162 26
154 162 23
150 166 26
153 170 29
156 172 29
153 174 29
153 172 28
149 175 26
149 176 22
148 176 24
150 173 24
154 171 28
158 169 32
157 166 32
160 162 36
164 159 33
167 161 35
169 164 32
169 168 30
165 170 26
161 170 25
160 172 28
160 172 29
156 172 25
154 170 21
155 173 17
156 174 15
159 173 12
160 177 16
157 176 18
153 177 17
155 180 13
159 180 12
158 176 10
159 174 13
160 178 10
157 180 7
154 183 9
154 187 13
155 189 9
155 191 8
159 189 8
156 193 9
156 194 13
156 190 14
153 190 11
150 190 9
147 188 9
145 185 12
145 182 9
149 178 7
150 181 9
151 181 7
149 183 6
146 183 7
149 181 11
148 181 10
149 177 11
145 175 13
144 173 16
148 176 15
147 177 12
144 179 15
143 182 12
147 178 15
145 176 16
142 172 15
143 172 14
143 171 10
140 168 6
139 167 7
143 169 11
140 167 9
138 167 9
135 165 8
133 168 12
132 167 15
130 171 18
133 167 20
131 165 20
130 162 19
129 165 18
131 162 22
129 160 18
129 161 20
130 163 16
130 164 18
134 166 22
133 170 20
133 174 23
134 170 21
131 166 19
135 166 15
139 163 13
137 165 12
141 165 10
145 167 13
145 171 13
147 172 16
143 168 17
142 164 13
142 162 10
143 165 11
141 166 13
139 167 17
143 166 21
146 167 23
147 167 24
146 165 24
142 168 26
145 164 23
145 160 25
143 163 24
141 165 20
140 166 18
139 164 19
135 168 21
137 171 21
138 172 25
134 173 24
132 173 27
131 177 28
129 177 28
125 181 30
128 182 26
127 179 29
123 179 29
121 180 28
118 177 32
122 173 29
119 173 28
118 175 27
115 178 26
116 175 25
112 172 27
111 168 29
107 165 30
105 166 30
108 167 28
110 167 26
112 164 29
108 166 32
104 167 34
108 169 34
106 168 36
106 164 37
102 161 40
103 158 42
107 155 40
105 155 44
108 152 41
104 156 39
108 153 41
111 151 38
107 155 38
106 157 38
103 154 35
102 153 34
102 155 34
106 158 34
104 155 30
104 158 28
105 160 32
102 163 34
102 167 32
105 165 28
104 162 25
100 159 24
101 162 28
101 161 24
104 164 20
105 165 18
107 163 19
108 166 15
110 170 13
113 174 17
116 176 20
113 179 21
114 182 25
111 186 23
110 189 24
111 185 21
107 188 23
109 185 22
107 185 26
108 183 23
111 182 26
115 185 28
119 189 27
118 185 25
114 185 24
115 189 26
111 191 25
107 189 26
104 188 24
105 189 24
102 188 21
98 191 24
99 193 23
98 191 23
97 190 24
98 192 21
98 189 25
94 187 25
95 186 29
92 186 28
88 182 31
91 181 32
90 182 31
86 183 34
88 182 33
89 184 30
91 186 31
88 185 35
90 184 34
88 183 34
87 179 35
90 178 39
89 178 39
88 179 39
92 178 35
96 175 32
92 173 33
92 174 32
95 173 32
97 177 30
100 174 32
99 177 34
95 181 30
95 178 31
93 180 31
92 183 30
91 186 32
93 188 28
95 187 27
98 188 23
101 189 25
102 190 23
102 187 26
101 191 28
105 187 27
101 188 28
98 185 32
95 183 28
99 184 30
101 182 33
100 179 29
98 179 26
99 183 28
95 184 31
93 187 29
89 190 27
85 189 28
82 186 32
83 185 28
87 187 31
84 188 31
86 184 28
89 186 32
93 187 34
89 188 33
88 192 35
85 194 38
88 190 36
87 187 35
85 187 31
86 189 33
89 188 32
89 185 30
91 181 27
93 178 24
91 176 22
93 177 22
91 180 21
94 183 25
93 183 24
90 187 28
87 186 28
89 185 26
91 187 28
91 187 28
87 191 26
88 188 27
90 186 27
88 186 24
90 183 22
91 181 18
93 184 16
96 185 19
100 186 18
101 190 16
103 186 13
107 185 17
107 188 19
104 192 18
108 188 21
110 187 20
107 189 24
105 189 28
107 193 32
111 196 34
110 197 33
114 196 37
116 195 36
116 193 33
119 197 36
121 193 38
117 190 37
113 188 36
115 187 39
111 183 36
109 183 32
107 180 30
109 183 29
106 186 29
102 189 31
99 189 29
96 188 29
99 189 26
96 189 23
96 185 25
96 186 21
99 189 22
97 191 19
97 192 15
98 194 13
97 193 11
95 196 12
98 195 8
100 197 4
104 196 4
100 196 1
96 198 3
97 202 6
96 205 5
98 207 8
100 206 9
102 207 8
98 206 10
96 207 8
97 208 5
99 210 4
97 214 4
99 218 5
101 219 9
98 216 7
98 217 8
101 215 4
101 217 8
100 218 12
102 222 14
101 218 17
97 222 17
94 225 20
92 227 17
89 226 15
85 225 11
87 226 15
85 223 12
82 219 8
78 219 11
76 217 9
80 218 13
83 221 16
80 217 20
84 216 19
87 217 21
87 220 23
84 218 20
83 219 17
80 218 15
84 214 18
83 215 17
86 213 21
82 217 25
80 216 22
82 218 19
82 219 19
82 222 16
80 218 20
78 218 23
76 217 21
77 218 24
79 219 27
78 223 31
76 225 32
76 227 34
75 226 37
71 223 38
74 224 35
70 228 31
70 227 30
68 230 28
68 233 26
66 236 24
67 240 28
68 242 32
68 239 32
71 240 28
74 241 27
74 241 31
75 239 34
79 241 35
79 244 37
83 240 33
79 244 31
82 240 31
80 244 31
80 243 27
81 245 27
84 247 29
82 245 29
83 241 33
82 244 37
86 242 37
90 245 41
88 244 44
86 248 43
84 250 46
82 246 43
81 248 39
83 245 41
82 243 40
83 241 36
83 237 39
83 238 35
82 236 39
80 235 37
80 236 35
78 235 39
76 231 43
80 229 42
77 233 43
78 229 47
74 228 45
73 228 43
71 229 42
69 226 40
67 226 42
63 226 44
64 224 40
61 227 36
58 225 32
55 226 29
51 228 29
55 232 28
54 230 31
53 231 34
50 227 37
54 224 33
51 222 32
53 225 30
54 224 28
55 224 30
59 223 29
63 227 29
65 226 27
66 228 23
70 225 20
66 227 23
67 226 19
69 230 17
71 228 17
70 230 13
66 226 14
62 229 12
60 233 15
63 231 14
66 235 11
65 232 10
66 228 8
67 227 9
71 228 5
68 226 4
65 224 3
65 227 4
65 223 5
68 227 2
70 230 2
69 227 4
71 223 5
72 220 4
72 222 2
69 220 6
72 222 10
74 221 11
78 222 11
74 223 12
74 222 8
72 221 7
74 224 6
73 220 8
77 219 7
81 216 10
85 212 13
89 214 16
89 215 13
88 214 14
91 217 12
95 214 12
93 216 9
96 214 6
100 210 6
98 206 8
97 202 6
99 203 2
96 201 5
94 203 5
93 204 3
92 205 5
95 203 9
93 201 13
96 204 11
98 204 13
95 200 14
94 202 11
98 202 7
102 206 9
106 209 10
104 208 14
106 211 15
109 208 15
112 209 17
115 213 21
111 212 18
111 213 22
115 211 26
114 215 26
116 218 30
116 217 29
117 217 25
121 216 25
119 213 29
115 212 32
118 211 34
117 209 31
116 206 30
114 204 32
110 200 31
108 203 31
106 202 30
104 199 28
106 200 32
103 203 28
102 200 32
99 200 28
100 198 28
101 201 25
105 204 21
105 203 20
101 202 18
104 198 20
105 200 16
106 196 13
110 192 14
109 192 12
107 189 12
105 186 11
105 187 8
106 183 12
103 187 11
99 190 7
101 187 8
98 184 4
95 185 5
94 185 9
92 187 12
91 187 12
94 188 14
95 188 12
93 186 16
97 182 20
96 183 24
98 180 23
95 181 21
97 184 23
101 181 20
105 185 20
108 181 16
106 181 20
104 177 22
104 178 25
107 182 25
108 184 28
108 182 32
111 185 32
111 183 35
108 181 37
109 184 33
107 185 34
107 181 38
106 184 37
110 182 36
109 186 39
111 182 41
109 179 41
105 180 39
105 183 41
102 181 40
99 178 38
95 176 39
99 178 35
96 181 35
100 179 34
103 178 37
107 181 41
109 182 40
106 181 39
102 183 39
105 182 36
109 181 37
112 179 40
115 181 38
118 185 35
115 182 34
117 179 32
117 178 29
118 175 26
116 177 27
117 173 29
117 174 32
117 171 34
116 168 36
112 169 36
110 166 32
109 168 28
107 164 25
108 166 24
109 165 25
109 164 24
107 165 20
111 169 24
112 166 21
115 162 24
118 164 22
121 168 24
119 172 26
123 169 25
123 165 26
120 167 23
119 171 23
122 167 20
121 163 22
118 162 19
120 158 21
116 162 22
115 166 19
117 165 16
116 162 17
118 160 13
122 158 16
121 159 13
121 162 12
122 159 13
126 157 17
124 156 21
122 158 17
125 159 13
123 162 10
120 164 8
116 163 12
117 160 13
115 163 10
113 160 14
110 162 11
108 159 10
105 161 7
107 162 10
105 162 7
101 164 5
102 164 3
101 161 5
104 163 4
102 162 1
99 160 3
99 157 5
96 157 3
98 160 2
101 164 3
103 166 6
99 168 9
100 166 9
96 165 7
93 162 8
89 160 6
87 161 3
85 162 5
88 165 5
91 167 2
92 169 2
94 168 4
98 168 1
97 170 5
96 166 1
98 166 5
97 166 4
100 165 3
97 166 0
101 164 2
100 163 4
102 162 5
100 160 4
96 157 4
98 157 4
99 158 8
101 154 10
98 156 11
98 154 12
98 151 13
95 154 17
99 152 20
98 152 20
94 150 19
97 154 16
95 153 13
93 156 13
94 158 12
98 158 8
99 157 12
103 161 13
103 164 10
102 162 13
103 159 10
104 163 6
101 164 4
97 162 0
97 161 2
95 163 2
96 160 2
94 161 4
97 158 0
94 161 3
96 162 7
99 159 4
96 156 3
97 159 3
93 161 0
92 159 1
92 157 2
91 156 4
88 159 1
90 158 0
90 161 3
91 165 1
93 164 0
91 165 2
89 167 1
90 171 2
90 175 3
92 173 4
95 169 3
99 171 4
102 168 4
103 171 0
101 168 2
97 166 0
100 170 3
98 166 5
100 169 8
96 165 4
94 162 6
91 159 2
95 159 2
99 160 3
101 162 5
102 165 7
105 166 8
105 163 5
102 164 2
103 167 5
100 170 8
104 169 4
104 170 3
108 174 7
107 178 4
111 181 7
109 183 7
108 181 9
110 182 13
106 179 15
107 179 15
106 178 16
105 175 17
105 175 17
109 171 21
108 168 23
107 167 21
106 166 25
108 169 28
111 173 26
110 170 26
111 168 29
110 170 31
106 169 29
102 166 27
106 167 28
108 171 25
104 171 26
104 174 23
107 174 22
105 170 19
102 167 18
98 163 17
94 164 14
95 161 14
97 165 17
99 169 17
101 173 16
104 172 18
108 176 20
107 173 23
107 174 24
106 178 22
110 181 26
111 182 29
112 181 29
112 178 32
111 177 31
115 177 34
117 174 32
114 172 35
113 176 33
115 172 34
116 169 31
118 171 32
121 175 34
122 172 31
124 172 34
123 175 38
122 178 37
122 181 34
122 182 30
123 184 29
123 186 30
122 182 34
126 182 31
122 186 32
121 185 31
121 184 29
119 184 31
117 186 34
114 188 37
115 187 34
119 188 36
117 184 32
116 186 28
118 186 25
119 183 22
117 186 22
114 182 21
116 182 21
119 182 21
117 182 21
119 181 21
123 181 22
126 179 22
129 181 19
128 178 21
129 175 21
130 176 17
126 179 13
130 181 12
128 181 12
125 185 10
121 184 6
118 180 6
119 176 2
120 172 2
117 168 4
121 164 3
121 162 5
118 160 1
114 157 2
115 153 2
119 156 5
119 157 2
117 161 4
120 162 5
124 160 7
125 157 5
126 161 4
125 164 3
122 166 6
118 163 8
121 162 8
119 164 4
118 161 6
118 163 2
118 166 3
118 163 5
115 160 1
118 164 1
117 166 2
114 163 2
110 163 5
112 163 6
108 161 3
107 158 7
109 155 4
107 158 5
109 162 4
113 160 5
113 164 8
117 163 8
116 164 6
120 160 8
122 162 12
119 161 14
116 157 12
116 157 16
119 154 14
115 152 15
119 148 16
115 147 18
114 151 17
115 151 14
113 155 12
113 155 10
116 157 13
112 157 17
108 156 14
112 159 12
113 158 13
111 154 10
108 152 7
105 151 8
106 147 10
109 146 13
112 146 9
108 145 10
104 149 6
105 152 7
108 155 5
105 152 5
103 151 4
104 148 0
104 150 2
103 154 2
107 158 2
105 155 6
105 157 7
108 154 5
107 154 9
108 150 10
104 151 11
101 149 13
97 149 11
99 148 14
96 149 16
96 149 19
100 145 16
96 144 17
99 143 13
97 146 16
98 144 19
95 148 18
92 149 22
94 150 26
92 149 28
88 145 24
90 147 20
86 150 21
87 153 25
88 153 26
92 154 29
95 151 30
92 147 34
90 151 30
88 154 28
86 156 30
87 158 30
86 156 32
84 160 28
86 159 29
90 159 29
91 159 25
93 163 26
97 160 22
100 162 21
103 162 23
100 166 19
102 162 17
102 162 19
101 161 18
98 159 21
100 156 22
98 159 19
97 160 21
96 160 20
97 160 18
94 162 19
90 159 20
88 162 20
87 161 21
83 161 24
81 165 26
80 161 23
84 165 21
80 167 21
82 169 23
86 171 19
84 172 20
84 168 21
85 167 23
85 168 24
82 170 27
78 173 30
80 172 31
79 175 35
76 176 31
76 175 34
76 175 31
74 177 31
77 176 29
77 179 25
76 176 25
79 173 24
81 173 25
79 176 22
77 174 22
81 172 19
85 173 19
83 170 18
83 166 20
82 166 24
82 162 20
86 166 22
90 166 22
91 164 23
91 165 19
87 164 18
87 164 21
91 165 17
89 165 13
88 168 17
84 170 13
86 173 14
82 173 17
78 173 13
81 172 14
85 172 14
89 174 10
86 176 6
89 178 8
89 180 9
90 180 7
87 183 8
91 182 6
92 180 5
94 178 7
93 175 5
91 171 4
95 168 6
94 165 5
95 162 8
97 166 4
94 169 1
98 167 3
100 163 1
99 160 3
96 164 3
97 161 6
98 165 9
96 168 10
95 167 6
93 163 7
95 159 11
91 156 7
92 158 6
90 156 8
90 156 6
87 154 10
88 155 10
87 156 14
83 153 13
84 156 14
84 154 18
85 157 19
85 154 21
87 157 19
86 158 22
82 158 22
79 155 22
80 153 23
77 157 26
73 156 25
69 158 25
69 161 25
66 161 22
63 161 21
59 159 19
59 155 16
59 153 13
60 149 13
62 147 15
58 149 13
55 153 12
57 152 12
60 156 10
59 159 11
61 157 13
60 154 10
63 151 9
64 154 12
62 155 10
60 153 13
63 152 10
60 152 12
61 150 10
65 151 7
63 154 11
60 157 8
62 158 7
60 160 7
64 163 11
68 160 11
68 158 7
71 161 9
70 165 13
70 168 10
69 170 13
73 169 13
75 166 14
79 170 18
76 169 14
78 167 11
76 165 7
74 167 3
77 165 4
81 164 1
77 168 1
79 169 2
82 169 2
83 166 4
81 165 7
84 162 5
85 165 8
89 168 8
85 172 11
82 173 15
82 169 15
82 169 13
81 173 15
84 176 12
83 173 8
86 170 7
89 166 3
88 170 0
84 171 2
86 169 1
89 172 0
90 168 0
90 166 2
87 167 2
85 163 1
84 159 5
85 162 7
87 165 7
90 162 10
87 158 11
88 154 11
89 152 11
86 150 10
89 149 6
87 153 10
83 153 6
85 150 2
82 152 0
79 156 4
82 154 3
79 153 3
76 156 7
79 158 8
80 159 12
84 156 14
80 156 11
81 152 11
83 150 9
86 154 12
90 157 14
86 155 11
87 153 15
91 151 15
94 154 13
93 158 13
97 154 13
97 153 17
93 154 13
91 158 10
95 156 6
97 155 9
94 156 5
98 152 5
102 156 6
105 153 10
107 150 11
103 147 13
99 151 9
95 149 10
92 147 10
90 144 6
87 148 2
85 149 3
87 147 3
88 149 5
88 149 6
91 145 4
87 146 5
88 143 8
88 142 4
87 139 4
86 138 2
82 135 2
81 133 4
77 130 8
80 133 11
83 135 15
81 136 11
83 139 11
85 137 7
86 138 3
86 136 1
88 132 1
87 132 4
86 134 1
89 136 3
85 133 2
84 137 0
84 140 2
87 144 0
89 148 2
92 145 2
93 144 2
96 145 0
99 146 2
95 144 2
98 140 2
99 137 3
103 136 5
104 138 7
105 139 5
105 140 6
105 140 3
107 141 3
108 143 1
108 146 2
104 142 4
105 141 5
106 142 9
108 144 13
106 148 13
107 149 15
109 148 17
107 147 15
106 143 18
103 140 18
100 137 15
97 138 14
99 141 16
95 142 18
95 144 18
97 145 14
93 148 14
90 146 17
93 146 21
89 143 24
89 146 26
88 148 25
85 147 23
85 150 23
89 146 21
93 143 24
94 142 24
95 142 23
96 143 20
98 142 23
94 139 22
90 143 25
86 146 22
83 144 18
82 145 20
84 141 24
82 144 28
80 140 28
79 139 29
78 135 29
80 131 31
83 133 27
82 132 29
79 129 25
82 133 23
85 132 27
84 129 29
86 126 29
82 124 26
80 120 30
78 116 30
78 112 26
76 108 23
73 110 21
75 106 17
76 104 21
79 107 25
80 103 29
84 101 31
85 100 32
84 96 28
80 98 28
81 96 30
77 92 27
77 88 27
75 87 30
73 88 26
76 90 23
73 89 23
70 85 19
72 84 22
68 82 18
69 83 22
72 79 20
73 81 23
77 77 22
79 81 19
82 83 20
79 79 24
75 75 27
71 73 29
69 71 33
69 72 33
68 71 34
71 70 32
69 72 34
72 71 34
68 75 38
69 75 36
68 78 32
65 74 30
61 77 30
57 77 34
53 75 34
55 77 36
54 79 34
57 81 34
54 77 30
58 80 30
56 81 31
56 84 28
55 80 24
53 76 23
51 73 27
48 70 27
44 69 31
43 71 34
41 75 34
43 76 31
43 79 28
39 77 29
41 81 29
41 78 30
40 74 32
43 77 34
47 74 32
50 72 29
53 69 33
49 67 31
51 64 27
54 66 23
55 63 24
55 64 27
57 61 23
54 63 25
54 64 21
53 65 22
57 63 23
58 67 19
56 65 22
52 67 25
56 66 26
59 62 29
63 65 32
67 62 31
64 61 30
66 57 28
66 61 25
65 57 27
66 61 25
70 63 25
70 67 27
73 63 30
70 59 28
74 58 27
77 55 23
76 53 23
76 55 19
76 53 23
78 52 21
75 49 23
76 51 22
78 49 18
80 51 15
84 53 11
85 49 13
84 51 11
85 54 8
86 55 7
86 54 10
86 51 13
86 51 12
89 49 10
90 50 9
87 49 5
88 51 9
84 52 6
80 48 9
77 51 7
81 54 7
82 56 7
81 56 7
81 53 6
81 56 3
80 59 7
78 63 11
81 62 15
77 59 15
74 60 18
75 63 16
79 65 19
76 67 21
74 70 18
70 66 16
71 62 15
75 61 19
78 62 16
75 66 19
75 67 15
79 67 12
79 65 10
83 68 6
80 67 3
78 70 1
81 68 2
77 67 0
76 65 2
73 61 2
69 65 5
73 65 8
77 67 8
81 71 6
80 72 10
77 75 10
73 77 8
73 73 7
75 75 10
78 73 7
74 71 8
70 74 6
73 76 9
69 76 11
66 74 8
65 73 9
64 77 12
68 79 8
64 75 6
60 78 2
60 78 5
64 74 2
62 76 4
64 73 1
61 73 2
63 70 2
66 71 2
68 72 3
65 69 4
65 69 6
62 70 7
58 67 10
57 65 10
54 67 8
53 65 12
54 63 8
52 64 5
54 64 6
50 61 4
53 61 1
52 60 0
55 64 3
58 66 1
57 62 3
53 66 3
53 68 6
55 66 6
54 68 7
57 66 11
57 63 7
53 66 5
53 63 8
55 65 5
55 63 1
57 65 2
55 66 2
53 62 6
50 60 7
53 60 3
53 64 4
54 66 3
57 62 7
53 61 6
53 63 8
52 66 7
54 70 7
52 73 10
49 72 14
46 72 18
44 72 17
44 73 21
46 74 20
48 77 20
47 78 16
49 76 15
