35 38 32
35 39 36
36 36 35
33 33 38
32 30 35
32 27 34
30 31 37
33 33 37
32 34 37
33 35 34
34 38 31
34 35 28
36 37 24
32 33 27
31 37 31
35 38 35
31 35 34
35 32 33
33 33 32
32 34 30
34 33 33
37 32 33
37 34 36
38 35 34
35 33 34
32 33 32
31 36 36
32 37 32
30 37 33
31 39 34
30 42 36
27 45 34
27 49 35
27 51 37
24 55 35
25 51 32
23 53 32
26 54 28
29 50 25
27 48 24
30 47 20
26 50 24
30 53 28
28 52 25
26 53 27
30 52 28
31 54 24
31 58 20
27 54 20
25 51 24
21 54 22
18 55 22
19 52 19
22 48 15
25 49 17
26 53 14
26 54 15
30 52 12
30 48 9
32 48 6
32 45 9
34 41 9
38 43 13
40 40 17
42 38 15
43 36 13
43 38 13
44 42 17
43 41 14
43 43 10
45 45 7
46 49 6
43 46 4
41 44 5
39 41 4
41 37 3
38 40 5
38 38 4
36 40 3
36 43 1
32 43 2
28 44 2
32 44 4
33 45 7
30 42 11
31 40 13
29 39 13
30 40 13
31 44 13
35 48 12
32 45 14
33 45 15
29 41 17
27 44 18
24 45 16
26 45 20
28 49 24
31 49 28
34 52 31
38 54 28
41 58 27
43 56 27
47 56 25
48 53 25
51 56 23
51 52 24
53 52 25
51 54 27
50 51 24
51 48 22
54 52 25
57 49 23
60 45 21
56 46 18
59 42 16
58 42 18
58 40 16
60 39 13
59 40 9
57 38 10
59 37 8
59 41 12
59 45 10
56 47 10
56 46 6
56 50 4
53 53 5
51 49 9
48 48 6
46 46 9
45 48 11
48 46 10
48 49 10
47 51 13
44 51 16
41 50 19
40 50 22
37 47 22
36 44 24
38 48 27
35 48 25
38 49 26
42 49 30
41 48 26
45 45 29
47 48 30
43 52 30
47 53 30
45 51 32
41 53 30
43 54 28
47 53 24
47 50 21
50 52 17
50 55 19
53 55 16
51 55 19
52 53 23
49 57 19
46 60 18
46 64 21
42 68 25
41 67 23
39 63 19
36 62 22
33 59 20
37 55 18
37 57 20
39 56 17
39 55 17
35 56 13
31 60 13
27 63 12
23 62 13
19 62 15
20 63 16
17 62 12
20 60 16
20 59 13
19 55 12
22 57 15
24 53 15
21 53 16
18 49 19
16 45 19
12 43 23
9 44 19
7 47 15
7 49 14
4 53 15
3 57 13
0 53 17
2 50 15
3 47 19
1 44 16
5 43 19
4 40 19
4 40 19
0 40 20
2 37 22
5 33 19
3 32 21
3 34 24
7 32 22
6 30 21
6 33 20
6 33 21
3 29 19
2 29 15
2 28 14
2 25 14
2 23 11
0 20 7
3 24 4
3 26 3
5 30 2
4 33 2
5 29 3
3 30 2
0 26 3
2 30 0
2 28 1
4 30 4
4 27 2
6 25 0
4 23 2
4 25 4
1 28 5
5 27 2
2 24 2
1 23 6
2 24 9
6 24 13
9 27 17
8 27 14
5 31 16
1 35 13
2 38 12
2 40 9
3 41 10
0 38 9
1 41 7
2 39 7
5 43 6
3 41 7
4 44 4
8 42 5
10 40 2
12 39 1
16 37 3
20 39 7
18 42 10
19 41 10
23 45 13
21 42 10
22 41 11
26 43 9
25 40 11
27 39 10
28 37 11
31 37 8
31 35 5
27 35 3
26 37 6
23 35 6
21 39 3
20 39 4
22 39 4
25 35 8
24 31 10
28 33 14
29 37 16
25 35 15
24 33 16
28 29 20
26 33 18
30 30 19
31 28 18
28 30 15
25 33 15
23 29 12
24 25 12
24 25 13
26 23 13
26 25 16
24 28 13
20 30 11
23 27 13
25 26 11
24 30 14
28 33 17
26 35 21
29 31 18
31 28 15
27 32 18
26 30 15
30 30 16
29 30 15
25 26 18
27 28 14
27 28 18
30 24 15
34 26 18
30 23 22
30 27 24
31 25 22
27 22 24
28 21 28
25 18 32
29 21 31
27 19 33
23 18 35
20 14 39
17 17 39
18 18 40
18 17 41
21 17 42
25 20 43
21 18 46
18 20 47
17 19 44
21 15 46
24 19 42
25 17 46
29 19 43
28 16 39
26 20 36
23 22 33
26 21 35
25 19 33
29 18 30
26 22 27
26 22 25
26 20 21
27 23 19
26 25 15
29 28 17
30 31 14
31 33 12
28 31 12
26 29 8
25 30 8
24 32 6
26 35 8
28 32 5
24 34 4
21 30 2
22 29 2
18 33 6
14 33 8
17 35 4
16 39 7
20 38 9
22 39 5
19 38 7
17 39 8
14 42 8
14 45 12
15 49 8
11 49 7
7 49 3
9 52 2
11 53 3
9 57 0
6 55 1
2 59 2
2 56 2
0 56 2
3 57 2
2 58 2
2 56 3
2 57 2
3 58 2
3 60 6
7 64 3
10 60 3
12 61 5
13 57 8
12 55 9
16 58 13
12 59 16
11 56 18
14 56 18
16 56 14
18 60 18
22 58 14
21 57 16
18 54 15
15 50 14
14 51 17
14 55 18
16 58 20
12 60 23
11 60 27
10 59 26
13 60 25
9 56 25
12 57 22
12 53 22
15 55 19
19 53 17
17 50 20
15 49 24
18 46 25
21 44 26
20 42 30
24 39 31
24 37 30
20 39 30
16 35 30
18 35 27
20 32 25
23 34 27
20 34 30
17 30 28
15 27 29
16 27 28
16 30 25
17 30 25
20 27 25
16 28 23
13 24 21
15 23 24
17 20 23
18 21 24
16 22 23
20 24 21
16 21 25
16 20 25
14 20 27
10 20 27
8 24 24
7 23 28
11 19 26
8 17 24
9 17 20
6 20 22
3 18 26
2 15 27
0 12 24
2 11 20
2 8 17
3 4 13
6 7 10
10 11 8
9 9 7
9 5 4
10 5 7
9 2 10
6 4 10
7 6 6
7 2 5
7 1 9
4 3 13
4 3 13
5 1 13
9 4 13
7 2 11
10 2 8
12 0 4
14 2 4
11 3 5
14 5 8
16 9 4
15 6 3
11 7 6
8 4 6
12 1 2
15 2 2
18 4 3
21 7 0
23 7 2
21 5 4
22 9 5
24 8 7
20 9 4
21 13 7
22 17 9
25 16 11
29 20 14
32 22 15
31 26 13
33 26 11
32 27 13
28 30 15
30 29 19
28 32 20
26 29 17
22 28 13
20 26 12
23 28 8
26 28 9
29 27 12
28 24 16
30 20 13
29 16 13
26 17 10
28 13 14
24 16 18
28 18 19
25 20 23
21 18 22
25 15 21
23 12 20
22 15 22
23 19 22
23 21 22
21 17 23
23 15 27
27 16 26
31 17 28
29 16 29
31 13 29
32 17 31
32 18 34
33 16 36
35 20 37
32 21 41
33 18 41
30 19 42
29 17 38
27 13 42
29 17 38
31 13 36
27 15 40
29 12 43
31 11 39
35 15 38
32 11 35
31 15 32
34 13 35
34 11 38
31 15 42
32 12 43
32 15 41
31 17 44
35 17 41
35 15 38
37 15 42
37 15 43
39 16 43
38 17 42
38 19 46
39 17 49
42 15 51
44 15 53
44 19 50
48 22 51
47 22 48
51 23 44
50 22 42
49 19 41
46 16 42
48 14 46
52 10 43
48 11 44
51 15 47
54 12 43
53 10 47
52 12 50
55 10 47
52 10 45
54 14 49
53 11 50
52 10 47
49 6 46
45 9 48
49 11 50
48 9 51
46 6 51
43 5 49
45 2 47
45 4 46
45 6 46
41 6 45
45 10 49
44 14 46
43 13 43
44 16 42
45 20 38
41 22 35
44 19 35
40 20 32
39 17 31
37 20 33
34 17 34
38 18 32
34 19 30
35 23 26
39 22 29
35 20 31
37 24 31
37 24 33
41 20 35
37 16 33
39 17 32
35 16 34
31 17 37
28 18 37
31 14 36
29 18 38
31 18 37
31 14 39
32 13 38
32 16 37
34 18 33
33 16 36
33 18 39
29 21 39
27 25 41
30 25 43
26 24 43
25 25 46
27 27 42
27 26 43
28 23 46
31 19 47
29 17 43
25 16 46
26 20 42
23 21 45
20 18 46
18 22 42
16 19 39
15 19 36
12 19 38
15 23 35
17 26 36
19 29 32
21 29 29
18 26 32
19 29 32
16 32 33
14 31 31
10 32 28
8 28 31
6 29 31
7 33 32
3 29 32
5 30 35
1 33 34
2 36 38
4 39 40
7 38 42
7 41 40
3 37 36
2 37 38
2 40 40
2 39 36
5 38 34
3 37 32
4 33 33
8 37 35
4 36 39
5 35 37
9 32 41
6 28 37
2 30 35
2 26 36
6 26 40
8 25 36
12 29 37
12 30 37
8 33 36
11 33 38
15 34 38
18 35 34
17 34 32
13 34 33
10 34 37
13 36 39
14 37 39
14 40 35
12 37 39
11 40 43
14 41 42
16 38 45
13 42 44
9 38 48
9 35 44
8 38 44
11 35 45
7 37 46
9 35 50
13 38 51
11 41 52
9 44 53
12 48 54
11 50 54
10 48 58
13 47 61
17 47 59
16 46 56
20 49 57
18 50 53
20 48 49
23 46 53
20 46 50
20 47 46
23 49 47
20 51 48
17 50 47
17 48 48
16 47 45
12 49 45
12 50 48
13 47 51
16 45 54
20 49 55
16 45 56
14 45 53
12 46 55
12 43 53
11 46 51
8 45 53
8 49 53
11 51 54
9 48 54
10 52 50
9 54 46
9 52 47
13 50 44
15 49 41
12 47 38
13 44 40
15 48 41
13 46 43
14 50 44
15 47 48
15 47 45
13 48 48
14 50 48
14 50 52
16 54 51
17 58 49
18 57 50
18 59 53
15 57 49
18 56 51
19 52 48
23 56 44
24 57 41
20 61 39
20 61 40
23 64 38
25 64 41
25 68 44
21 65 46
24 69 42
22 67 40
23 71 42
23 71 44
19 69 40
17 73 36
18 72 37
18 75 33
21 73 34
21 74 32
25 78 31
27 81 30
25 84 32
29 86 32
26 82 33
29 81 32
31 83 32
29 82 29
25 78 32
29 81 28
30 80 25
32 80 26
33 76 29
35 73 28
37 75 26
33 72 23
32 72 23
29 76 26
26 76 30
24 80 34
23 80 37
24 80 40
22 77 44
19 77 40
17 75 36
20 73 35
16 69 35
13 68 31
11 67 29
7 71 28
3 72 26
5 69 26
8 73 29
8 76 31
9 75 31
11 78 35
14 74 34
17 71 33
15 73 32
18 76 34
17 78 33
16 76 36
14 72 40
13 72 37
14 70 35
18 66 38
18 67 37
19 70 40
22 66 40
20 67 38
17 68 37
18 67 34
14 68 33
10 69 33
13 67 37
9 65 38
6 62 35
9 64 36
13 62 39
14 61 39
10 62 37
7 64 39
9 63 40
9 62 40
13 60 38
15 56 34
15 57 33
18 54 29
14 56 33
15 60 32
14 60 32
17 59 35
19 57 38
16 58 39
12 62 40
8 59 37
5 59 37
2 59 39
3 63 42
4 65 38
4 61 35
8 62 39
5 61 39
4 58 36
7 59 32
10 63 35
7 60 34
5 61 35
4 65 38
2 64 39
3 63 39
2 65 40
2 67 37
3 71 34
7 69 32
11 72 30
13 70 33
10 71 30
14 73 30
11 75 31
10 75 29
13 74 32
12 78 30
10 79 26
6 83 24
3 80 26
2 80 26
2 81 23
2 83 21
6 79 24
4 75 20
3 75 17
6 75 17
2 75 15
1 79 15
2 83 13
4 84 14
7 86 16
11 88 13
9 90 17
11 88 16
11 84 20
9 88 16
13 86 19
17 86 21
15 86 25
12 89 25
10 89 24
10 91 23
9 91 26
11 92 30
12 92 33
8 96 30
10 96 28
14 93 24
11 93 27
14 92 28
17 96 27
14 97 24
16 93 22
17 96 26
13 93 30
10 94 29
9 92 32
7 88 34
8 84 32
8 83 35
11 86 35
11 85 33
8 86 31
10 82 27
9 86 25
10 85 27
12 82 31
13 80 32
11 81 31
15 80 35
12 77 35
11 73 34
9 70 33
5 66 29
7 69 27
10 65 24
9 69 27
7 68 23
6 66 21
10 64 21
14 66 18
10 68 19
8 67 19
12 63 20
12 59 16
9 56 15
6 59 16
8 56 15
8 55 18
12 51 21
15 51 18
16 53 21
16 55 20
12 52 16
16 52 12
18 48 16
16 46 16
14 46 13
17 48 13
20 47 17
22 47 21
20 44 21
21 45 18
17 45 20
17 45 16
18 48 13
15 46 9
19 50 5
15 50 6
11 51 6
13 49 6
16 49 6
20 46 10
18 42 9
19 42 9
18 44 12
14 48 14
11 50 11
15 53 11
18 55 10
19 58 6
16 56 6
17 60 5
18 58 2
22 58 6
22 60 2
25 59 2
26 57 2
30 60 2
32 59 2
30 56 2
34 53 5
32 49 1
28 47 5
28 51 4
29 55 3
29 58 6
32 58 5
31 56 8
33 56 11
31 55 7
35 59 10
36 55 13
36 51 9
35 48 11
38 46 8
38 48 5
35 45 2
35 44 4
32 48 5
28 50 1
27 48 2
23 52 1
24 51 2
20 55 5
21 53 6
20 53 2
21 55 2
24 56 2
26 59 5
25 55 5
26 56 2
25 52 2
24 55 6
23 55 9
23 53 5
21 52 1
24 56 5
25 52 2
22 51 2
25 47 2
26 44 0
29 41 2
33 40 3
35 39 6
35 36 4
37 32 0
41 29 2
37 32 2
38 29 6
39 29 4
37 27 7
37 30 4
35 31 1
34 28 2
32 26 3
34 26 5
37 27 4
36 26 4
35 22 3
37 23 6
39 22 2
35 26 2
31 26 3
30 30 4
27 27 5
25 31 1
27 27 2
31 28 5
28 30 3
31 26 1
31 30 3
30 30 2
30 28 6
33 31 5
36 33 7
38 31 4
34 29 4
38 31 3
40 34 7
43 30 6
40 34 7
40 33 7
43 30 9
44 33 6
47 32 9
46 28 9
44 32 12
45 35 10
47 31 14
43 33 17
45 31 16
45 33 15
43 30 11
39 29 10
43 26 11
40 29 15
42 27 15
41 29 13
44 25 12
46 22 16
43 23 14
47 22 14
44 25 16
42 27 19
39 27 17
41 26 20
45 26 19
48 28 17
52 25 13
56 24 11
53 24 14
52 22 17
56 24 13
55 27 9
54 24 10
51 24 13
55 26 10
56 23 11
57 20 14
58 17 14
56 13 16
53 17 17
54 20 19
58 17 21
60 13 23
59 17 23
56 18 23
58 18 22
60 17 18
59 17 18
60 15 14
64 17 11
63 20 11
65 16 10
64 17 13
63 16 13
62 18 15
58 16 17
62 18 16
59 17 19
58 17 20
60 21 20
56 20 22
53 17 19
51 20 20
50 19 18
46 22 19
43 19 19
42 16 17
42 20 13
42 18 13
44 15 15
44 13 13
43 13 12
43 16 9
41 14 12
39 18 8
37 15 7
41 17 5
38 16 7
40 17 10
37 16 7
36 18 3
34 17 7
33 13 5
34 11 1
38 14 3
38 18 7
40 15 11
38 14 12
38 14 14
39 13 17
38 15 16
34 12 15
37 12 12
36 15 10
35 14 8
35 15 11
33 19 9
32 20 6
31 19 7
28 22 4
32 18 8
33 14 11
34 16 12
32 12 8
35 8 6
37 11 5
38 10 2
42 13 2
41 10 3
43 7 2
41 3 1
38 3 0
36 5 2
38 3 2
42 1 1
43 2 4
43 0 1
47 2 4
44 1 1
48 0 2
50 3 4
52 3 1
48 4 4
46 6 7
45 5 8
43 1 12
45 4 14
49 6 14
45 2 10
47 1 7
47 2 7
51 6 5
53 5 1
53 6 2
57 6 5
56 2 9
57 5 7
54 2 9
54 5 12
54 6 14
55 8 14
59 11 16
60 12 14
59 12 14
59 9 18
55 7 19
57 6 18
58 3 19
54 2 18
51 6 17
49 9 21
50 13 19
49 14 20
45 14 19
43 17 16
42 19 18
46 22 15
45 23 14
49 24 18
50 25 17
52 29 19
53 31 21
54 32 18
51 32 14
51 30 17
52 28 13
56 28 15
58 25 18
62 24 14
59 26 12
56 26 8
55 29 8
58 30 5
55 30 8
59 31 6
62 28 2
64 27 4
61 24 5
57 24 9
60 28 9
57 30 9
60 28 11
57 24 15
55 26 12
57 28 12
55 25 9
58 21 6
56 20 4
54 22 4
55 25 5
53 22 6
54 20 9
53 19 7
53 21 5
54 20 3
55 24 0
53 21 3
51 18 1
53 16 3
53 13 1
56 17 3
60 16 4
63 15 4
59 13 8
55 15 7
52 15 4
54 16 6
51 13 5
50 12 7
47 9 11
47 10 15
51 12 18
55 10 20
54 6 23
51 8 20
47 8 19
49 5 22
51 4 23
47 0 24
47 2 21
43 0 18
40 3 22
38 2 20
42 3 23
43 7 19
46 7 20
46 3 23
42 4 26
40 1 22
38 3 21
39 3 25
37 0 25
33 0 21
36 2 25
39 0 21
37 3 17
36 5 19
34 5 20
31 6 18
35 4 16
32 4 19
28 3 21
24 2 17
25 1 13
25 2 16
23 2 14
26 2 10
25 1 7
25 0 10
26 3 7
24 0 6
25 0 8
21 1 12
18 1 11
16 2 11
16 2 12
17 4 12
17 6 13
16 4 17
17 6 21
14 6 21
10 6 21
11 3 20
10 0 17
13 0 17
17 2 15
19 2 12
15 0 16
19 3 14
17 2 11
16 2 13
20 1 16
18 2 14
22 2 14
26 2 10
23 4 10
23 4 9
24 1 10
28 2 11
25 3 15
29 7 17
25 6 13
29 5 13
28 3 9
26 3 11
25 5 12
24 3 13
23 4 17
19 8 18
15 5 17
12 9 15
15 6 17
12 2 19
10 6 23
8 4 22
12 8 20
9 11 21
11 13 25
11 10 23
12 12 21
15 14 17
18 10 16
19 11 19
16 12 22
19 10 19
22 9 17
19 12 19
19 11 20
21 7 18
17 6 15
15 8 13
18 5 13
18 5 9
20 5 8
24 7 7
20 5 10
16 6 14
20 7 10
16 11 14
12 8 10
12 12 9
11 16 12
8 14 10
11 10 7
13 7 11
13 11 13
15 15 12
18 19 11
15 20 13
12 19 12
9 16 16
7 14 14
3 18 15
7 18 13
11 22 15
13 19 14
13 23 15
10 19 11
14 23 10
11 23 10
10 27 7
10 29 11
14 31 14
10 27 16
6 24 12
8 25 12
11 26 16
8 27 18
9 28 19
13 27 17
10 26 19
12 28 22
11 27 18
12 26 19
14 22 23
13 26 25
16 26 29
17 24 27
13 25 24
13 21 26
16 17 25
13 19 21
16 23 20
14 22 17
10 21 14
7 23 15
10 27 19
13 28 18
15 28 19
13 26 20
12 23 23
16 20 26
14 23 29
16 25 26
12 26 22
10 29 19
13 27 17
13 31 19
13 33 21
11 30 21
11 27 19
9 24 15
12 22 16
9 20 12
11 20 15
15 22 17
15 26 13
17 28 13
16 31 13
14 31 12
11 30 8
12 30 11
15 27 8
19 27 11
18 24 8
22 25 12
21 28 11
25 24 14
26 22 18
25 20 14
29 20 17
31 18 13
34 21 13
30 19 16
29 20 15
28 19 18
30 16 16
29 12 15
30 13 17
28 15 13
24 15 16
27 17 12
30 18 12
27 16 9
31 12 10
35 10 11
37 13 13
40 15 10
38 13 7
34 17 10
35 16 12
37 18 14
34 17 16
34 20 18
38 23 21
34 26 19
31 30 18
27 32 20
31 28 19
31 28 16
34 25 19
35 21 22
35 21 24
33 18 25
33 22 27
35 26 23
32 26 20
32 24 23
31 27 21
35 30 18
35 33 17
39 31 17
41 32 19
38 36 23
40 39 22
39 36 26
35 33 25
35 30 22
39 34 26
43 32 30
40 30 31
39 30 35
37 30 34
35 29 37
31 25 37
29 25 35
28 28 38
27 26 34
28 28 38
26 24 35
28 23 38
26 20 37
28 21 41
24 17 42
22 14 43
21 17 40
25 19 43
24 21 47
23 23 49
27 20 48
28 24 49
31 27 52
29 23 51
28 23 55
25 24 51
28 23 48
31 26 50
27 22 51
23 26 52
25 29 51
22 32 48
26 34 45
23 33 42
26 36 39
26 40 43
26 41 39
29 44 40
33 41 39
35 42 35
35 44 31
34 48 27
31 52 28
29 49 30
33 47 32
36 45 31
35 47 27
31 49 23
35 49 23
33 45 23
34 42 26
30 38 25
28 36 28
26 32 30
28 33 32
32 32 33
31 32 35
34 28 31
31 25 32
34 21 31
33 25 35
32 23 39
29 26 36
26 22 40
22 19 42
25 21 43
25 18 44
26 16 44
24 17 41
24 17 39
20 15 37
23 19 38
24 15 35
25 19 31
28 17 27
26 19 25
30 22 28
26 25 25
27 25 24
26 25 22
29 29 25
26 25 23
27 21 27
31 19 27
28 17 23
26 21 23
22 20 23
25 23 19
21 23 18
20 26 20
21 25 24
21 26 21
20 27 17
20 27 20
22 31 18
22 35 20
24 34 23
23 33 24
27 36 25
28 39 29
25 38 26
27 34 24
29 37 28
30 39 27
28 35 26
28 39 23
28 41 22
24 43 25
21 45 26
24 44 30
26 40 26
27 37 29
29 38 25
25 40 24
23 43 25
26 41 21
30 43 20
29 40 21
32 44 18
35 48 18
33 48 16
34 50 12
35 48 11
39 47 11
38 48 7
41 52 6
38 51 3
41 53 0
45 50 2
46 52 1
45 56 4
41 52 2
42 56 2
43 54 4
40 57 3
36 55 3
34 58 2
36 60 3
36 63 7
37 67 5
40 63 4
40 61 0
44 58 1
42 55 1
39 55 3
36 53 2
39 51 2
39 51 6
43 49 9
44 50 11
40 49 13
43 46 17
39 48 13
42 50 13
46 50 15
45 50 16
42 48 16
42 50 12
46 49 13
47 53 16
43 53 20
41 52 22
44 55 22
42 55 20
44 53 16
44 56 18
41 59 15
41 58 11
45 59 10
47 56 8
44 53 9
48 50 6
52 50 10
49 49 12
48 46 10
44 45 10
47 45 14
51 41 14
53 43 16
56 43 12
60 46 11
57 45 11
59 43 15
56 39 14
59 42 16
63 43 18
63 47 19
65 46 16
69 44 17
66 41 13
66 41 17
63 44 19
64 43 22
61 46 24
62 48 26
60 44 27
56 45 30
60 42 31
59 42 32
56 39 35
60 42 36
58 43 37
59 40 35
57 39 31
57 42 31
59 44 28
58 45 26
60 42 24
59 44 25
63 45 29
66 43 28
66 46 31
70 44 28
74 45 28
70 46 32
72 48 35
74 52 39
74 53 37
74 57 33
77 54 34
78 51 32
82 53 30
84 57 27
83 60 30
85 61 27
82 57 27
80 61 31
78 62 27
75 62 30
73 62 34
69 58 37
68 61 37
69 59 37
65 60 33
61 56 33
59 53 36
56 56 39
59 56 39
63 60 37
67 61 34
63 63 31
61 62 33
58 63 36
60 61 32
57 61 33
58 65 34
58 63 31
62 65 34
61 65 37
61 63 33
62 60 35
59 60 34
63 62 37
64 60 34
68 58 32
64 56 31
68 52 31
68 55 27
65 59 27
61 59 25
60 63 28
58 60 29
58 62 31
61 60 31
64 58 28
68 57 29
69 60 30
72 58 27
70 58 27
71 54 29
74 53 27
71 57 26
74 57 27
74 58 28
78 55 24
79 55 25
78 55 21
75 58 20
78 58 24
79 59 28
76 62 27
77 62 29
73 65 30
69 69 31
67 73 29
68 74 28
70 70 30
67 73 26
67 77 27
69 74 25
68 71 28
64 72 27
68 68 27
64 66 23
66 63 21
68 61 17
69 63 21
73 62 20
74 59 23
70 58 26
67 62 25
67 62 25
70 58 25
74 60 27
73 61 27
73 62 24
74 59 20
71 58 21
73 61 23
74 64 26
75 62 24
77 65 20
79 66 22
78 62 19
79 66 17
80 63 21
78 65 22
75 61 25
73 58 27
69 62 26
72 59 29
69 61 27
71 63 29
74 66 27
71 67 24
73 64 25
76 67 29
75 66 31
78 66 32
79 67 31
82 64 30
79 67 34
80 67 37
76 66 35
75 66 37
75 69 33
72 72 35
68 76 35
64 76 36
63 74 36
66 74 34
67 77 37
67 75 37
66 77 37
65 74 36
67 75 32
63 79 34
63 81 38
61 77 39
61 80 35
63 83 31
59 87 30
60 90 27
59 91 28
59 94 25
58 91 28
62 93 31
58 96 28
59 100 29
60 99 27
58 100 23
62 103 26
63 107 22
67 107 18
71 108 15
74 109 13
70 106 12
68 106 16
66 102 17
63 100 14
63 102 13
60 100 10
58 98 10
57 98 6
56 102 8
53 101 9
54 97 7
53 97 4
51 99 0
47 102 3
51 101 4
52 101 4
51 99 4
49 95 7
50 96 6
52 92 10
49 93 8
52 91 10
49 89 6
46 87 2
49 87 6
53 91 5
50 89 9
50 89 7
48 86 11
46 87 8
43 86 10
39 88 13
40 84 17
42 82 19
45 83 17
41 83 14
41 84 11
38 83 12
42 81 9
46 83 6
49 81 3
46 79 2
48 81 2
47 79 0
51 77 2
55 78 2
54 82 4
54 85 6
50 84 9
47 85 9
49 87 8
50 91 10
50 94 10
49 92 11
47 92 12
48 93 13
50 96 16
50 100 13
50 104 13
54 105 14
58 106 13
56 104 15
52 102 14
55 98 10
54 95 7
54 96 3
55 97 6
58 95 3
58 98 7
55 101 3
52 104 4
55 106 5
54 107 9
58 108 10
56 106 14
53 105 16
56 107 19
54 105 21
52 109 24
50 108 24
47 107 26
49 107 28
48 107 27
46 110 25
46 106 27
42 103 24
42 102 28
46 98 28
49 97 28
45 93 26
45 93 30
42 91 34
43 93 30
41 89 34
39 85 36
40 88 38
36 87 35
36 91 36
36 90 39
38 88 36
38 88 38
41 89 40
41 86 38
39 87 38
37 85 38
33 86 41
32 88 45
32 89 42
33 92 44
31 88 45
29 88 42
30 89 43
29 90 47
26 87 51
25 90 50
25 93 52
27 92 56
27 93 55
30 90 57
27 93 58
26 94 60
23 91 61
21 93 57
20 92 54
20 92 50
21 94 49
19 93 47
17 92 49
17 88 50
14 89 54
13 90 57
14 94 58
11 91 54
11 89 52
11 87 55
14 87 57
13 88 59
17 87 60
14 87 60
16 88 63
15 89 61
19 89 58
20 86 58
20 83 59
20 86 58
17 90 61
16 90 59
15 92 61
12 89 58
11 85 55
10 89 54
14 89 57
10 90 56
9 93 54
11 97 54
13 101 50
15 97 46
11 97 42
14 99 44
18 103 41
21 100 42
22 101 45
18 103 46
14 102 46
11 100 50
14 97 47
14 93 48
13 97 46
16 97 46
13 97 43
14 93 45
18 92 45
21 91 48
18 95 44
21 98 44
24 101 42
27 98 39
28 97 41
30 98 39
27 102 35
30 100 33
32 104 37
33 108 34
31 109 38
27 108 41
30 104 44
30 101 42
26 102 41
27 101 45
30 104 43
27 106 47
30 102 49
29 100 50
26 104 46
22 107 46
18 110 46
21 108 44
24 106 44
23 104 43
20 108 43
18 109 41
22 106 44
21 106 43
25 108 42
29 109 43
31 106 43
31 106 43
27 110 47
31 109 49
35 112 51
32 108 49
35 110 47
31 114 50
28 113 47
30 109 44
28 109 43
25 106 44
27 107 45
25 107 45
28 111 46
27 109 49
23 113 49
24 114 51
26 118 47
30 120 48
30 118 44
31 122 47
35 125 44
34 123 40
33 123 39
34 120 36
35 124 38
36 125 34
36 123 32
32 123 29
29 120 32
28 121 33
25 119 37
24 122 37
24 122 40
23 123 40
27 123 37
28 127 34
29 131 31
29 132 31
27 131 32
23 130 34
19 133 38
16 131 42
13 131 46
11 132 45
15 134 49
18 133 46
14 133 48
18 137 49
17 139 51
19 141 54
15 144 54
15 147 51
16 145 49
12 146 51
11 146 53
8 146 56
8 142 56
10 145 56
10 145 59
9 144 55
6 146 59
8 143 55
6 143 59
4 147 61
5 144 60
8 140 60
12 143 56
14 139 60
18 138 59
18 135 56
19 139 59
20 137 61
19 140 64
21 137 60
25 136 60
27 134 60
29 133 58
28 135 62
31 135 61
35 139 65
37 140 66
33 143 70
34 140 67
31 138 71
32 140 75
28 144 74
26 147 76
24 147 78
24 148 78
26 147 75
26 144 78
25 146 76
29 150 73
28 146 74
31 143 75
33 147 72
33 150 73
33 150 72
29 154 71
31 158 72
27 158 72
27 161 68
30 164 64
30 164 61
32 165 59
33 169 61
30 169 65
28 170 63
25 172 60
26 172 56
26 172 58
23 172 57
27 169 58
29 173 54
29 169 56
30 165 60
28 161 58
28 162 61
31 160 63
28 158 66
24 154 69
21 154 66
17 152 64
16 152 64
20 148 62
24 145 60
20 144 61
19 148 65
18 144 61
22 145 58
19 143 60
22 147 63
26 143 66
29 147 68
33 146 67
33 150 67
30 152 71
31 154 74
33 153 75
35 149 72
31 150 76
31 152 80
34 153 83
32 153 81
35 152 80
37 155 84
35 159 85
36 156 85
35 152 84
31 153 80
29 156 78
31 159 80
35 158 80
31 158 80
33 155 79
33 151 81
29 153 81
30 150 81
31 153 78
31 151 79
29 151 77
25 152 75
22 151 79
24 149 80
21 151 81
20 147 85
23 145 83
25 146 79
27 142 79
31 142 77
34 142 75
38 141 79
42 138 81
46 137 77
50 133 75
46 134 78
50 137 81
53 137 77
57 133 81
53 131 84
49 131 82
52 130 81
52 129 85
52 127 83
50 125 82
52 125 80
48 125 78
45 122 76
43 122 79
47 123 83
47 121 81
45 124 82
43 127 84
43 131 83
39 135 80
36 133 80
34 133 83
35 137 84
39 134 82
40 130 86
38 126 84
38 122 84
35 124 80
36 127 82
33 126 86
31 123 90
33 122 91
33 124 90
36 122 91
36 122 95
37 121 96
33 125 92
33 124 90
34 126 91
31 127 87
28 129 87
27 133 84
24 137 85
24 140 83
24 138 81
23 138 81
21 138 80
20 134 77
16 137 75
14 139 71
15 143 70
19 146 70
18 149 73
18 150 71
18 153 75
14 156 71
10 160 67
6 162 64
3 162 66
0 159 67
2 156 71
6 157 74
8 158 75
7 158 75
8 157 77
9 153 81
7 149 78
6 152 76
10 154 75
6 155 77
2 158 81
3 154 85
0 158 87
3 161 83
1 165 86
1 168 90
4 169 89
2 166 91
5 163 93
4 163 90
5 164 94
2 165 95
4 161 96
3 162 95
6 163 96
8 166 99
10 170 98
6 172 97
7 175 98
10 173 101
13 172 103
16 175 106
16 177 105
13 177 106
13 176 107
11 174 106
7 172 109
10 171 105
8 171 108
7 167 112
9 170 110
10 168 111
14 164 113
17 162 110
13 160 106
13 160 103
16 157 106
12 156 106
9 156 105
6 153 103
2 150 101
1 149 102
2 147 105
2 146 107
2 146 108
6 143 112
3 143 109
3 140 112
2 138 110
2 142 107
2 139 111
1 143 111
2 139 114
2 142 118
1 140 115
3 139 114
2 141 118
0 142 119
2 143 120
3 143 117
3 145 120
6 146 121
7 144 120
3 144 122
2 142 120
0 138 117
3 142 115
1 138 115
2 138 116
2 142 116
0 141 114
4 141 117
5 140 114
3 143 117
6 144 116
3 143 119
5 146 115
9 145 119
9 147 118
5 145 117
6 148 115
10 145 117
14 146 119
13 145 116
13 148 112
17 144 115
17 146 115
17 144 119
18 144 121
22 148 119
22 146 117
19 147 115
17 146 117
17 147 118
16 147 114
15 144 113
15 147 113
14 147 116
13 146 118
14 143 114
17 143 114
17 139 117
15 141 119
11 140 122
13 136 124
13 133 120
15 130 116
14 130 119
13 128 122
13 130 122
9 130 121
13 131 119
11 128 122
7 125 126
4 122 124
1 123 128
2 127 130
3 128 130
3 131 130
6 130 134
5 129 132
2 129 131
6 132 131
8 133 129
7 129 130
11 129 133
12 125 130
8 123 126
9 126 130
8 123 134
5 123 134
6 127 138
2 128 139
4 124 137
7 126 133
6 125 132
2 123 128
3 121 125
1 125 128
0 127 124
2 129 127
2 133 127
3 132 124
1 136 121
5 135 119
7 136 117
8 140 117
10 140 120
12 139 120
10 143 124
11 146 122
11 150 118
10 154 118
12 158 118
8 161 115
8 161 112
6 158 114
3 159 117
1 159 119
1 163 118
5 160 121
4 156 118
4 160 114
5 161 118
7 162 120
7 166 116
9 166 113
6 162 116
3 162 113
3 161 117
0 161 113
3 160 109
0 157 105
2 155 102
3 157 104
2 159 101
2 162 105
2 162 105
1 161 105
4 158 108
7 156 112
5 156 115
8 160 112
12 162 109
8 158 111
7 155 109
9 159 107
9 158 106
5 157 107
4 154 107
8 151 109
11 148 112
12 152 108
8 156 112
5 156 116
9 154 113
10 155 111
12 152 112
8 148 110
6 148 114
7 152 111
6 148 114
9 144 114
6 143 112
3 141 108
2 141 112
1 144 113
2 145 112
2 146 112
0 146 108
1 144 109
2 145 108
1 149 105
2 147 101
2 151 98
2 151 95
2 151 91
3 151 92
1 152 95
2 149 98
3 146 95
1 150 91
2 149 88
2 146 86
1 142 83
0 140 79
1 144 82
0 140 86
1 141 82
3 140 80
2 143 76
6 146 77
4 147 73
0 149 77
2 153 73
4 157 72
3 160 76
4 156 73
7 155 70
9 158 73
6 155 74
5 157 74
1 154 78
4 157 77
2 154 80
2 150 77
5 152 73
2 152 70
1 154 69
2 151 70
6 150 69
10 152 73
11 156 69
14 153 65
16 150 61
13 147 65
14 147 67
18 143 69
20 143 68
19 147 72
23 144 73
20 143 77
17 145 75
14 146 71
10 145 69
6 141 67
6 145 66
5 144 62
8 143 62
6 146 61
2 142 64
4 144 67
5 146 67
1 143 64
0 144 64
2 148 65
5 145 65
5 147 63
5 150 61
9 151 58
5 154 62
3 155 60
1 159 56
2 157 55
2 155 54
2 157 51
5 153 51
1 155 52
5 157 49
7 158 46
3 155 48
2 153 44
3 150 42
5 149 46
1 149 44
2 146 43
2 142 40
2 140 39
5 143 37
1 140 34
2 136 32
2 133 30
4 133 32
5 131 28
3 133 29
1 135 29
4 131 31
0 133 28
0 129 31
3 125 31
4 122 32
5 122 28
9 125 32
12 121 35
11 119 36
14 122 35
17 118 32
19 122 29
15 121 29
17 119 27
14 119 28
12 119 25
9 116 29
8 116 33
4 120 31
5 120 29
6 119 33
4 117 34
2 119 35
3 121 37
7 117 34
3 121 34
4 125 36
0 122 37
2 122 34
2 118 30
2 114 29
6 114 28
2 115 24
2 119 21
2 116 20
3 112 19
5 114 20
1 117 24
2 118 20
2 119 19
5 120 23
8 121 24
7 122 23
4 119 23
1 117 19
2 115 18
1 113 15
4 111 12
6 109 13
5 107 13
9 106 10
12 109 7
10 113 8
12 114 6
16 110 2
13 110 6
10 112 10
7 112 12
11 116 11
8 113 9
4 113 8
7 111 12
11 110 8
14 108 7
12 104 3
13 108 1
10 111 0
9 109 2
11 113 2
15 113 2
16 115 3
20 111 5
21 107 8
17 106 8
16 103 9
16 106 9
20 105 8
18 104 12
20 108 10
20 110 8
23 106 11
23 106 9
23 108 10
27 104 10
26 104 8
27 101 10
26 98 6
27 98 10
28 94 8
29 96 8
25 94 10
28 96 9
28 92 8
32 89 11
30 91 14
34 91 14
32 90 11
31 94 7
27 98 11
25 97 11
23 97 7
24 101 9
20 101 6
24 102 6
21 106 5
21 104 6
24 107 9
28 105 8
24 103 6
24 100 9
21 98 11
17 98 11
19 99 14
15 95 14
14 91 17
13 95 19
17 96 17
14 96 13
11 100 9
10 100 12
7 97 15
11 93 17
15 92 15
19 94 12
16 90 12
18 86 9
20 87 8
16 90 6
17 94 9
21 91 7
25 95 3
25 96 4
26 99 0
26 98 3
24 101 2
22 97 0
19 101 2
21 105 4
21 107 8
22 111 9
18 107 13
15 106 16
16 110 13
19 107 17
22 105 17
24 108 20
23 109 17
24 106 21
23 108 25
26 105 27
28 103 24
31 106 26
31 110 29
34 106 30
32 106 27
30 103 24
28 103 28
26 99 31
26 100 33
29 101 34
31 105 32
31 104 36
30 108 35
26 112 31
24 113 27
27 116 25
27 115 26
29 115 30
29 113 27
26 117 28
22 116 25
23 119 28
20 121 31
21 119 31
18 118 28
21 116 28
19 112 29
22 113 26
21 115 22
24 119 25
26 116 21
23 117 18
21 117 14
20 121 10
22 121 8
24 122 8
20 121 10
18 123 6
22 125 4
24 122 7
21 120 9
21 116 8
25 117 5
27 114 9
31 113 13
34 110 10
35 113 8
35 112 12
32 115 15
36 113 15
32 117 13
33 120 11
32 124 14
33 125 10
32 121 11
33 117 15
29 113 13
25 109 16
21 111 18
19 112 17
23 111 14
19 108 11
21 107 13
18 107 13
15 109 10
14 113 10
18 112 11
15 114 15
16 117 14
16 121 17
16 122 13
14 121 14
15 123 11
15 122 8
14 120 9
14 117 11
16 114 8
19 116 7
19 117 5
18 114 3
18 112 0
19 114 2
22 117 2
23 113 5
22 115 6
26 114 10
27 117 7
24 121 9
23 125 6
26 124 10
28 128 12
27 126 8
29 122 10
28 119 14
32 119 16
35 120 18
31 118 22
34 117 20
36 117 21
39 114 17
41 112 19
43 112 15
42 109 18
45 108 20
46 105 21
46 104 21
46 103 24
47 101 20
51 101 23
49 104 22
46 101 20
45 97 22
42 94 20
40 97 23
39 97 23
36 99 22
38 99 22
39 101 22
36 101 21
38 102 23
42 100 21
45 104 24
41 103 25
39 107 23
35 110 20
39 108 20
42 108 19
42 110 22
44 112 20
43 116 23
43 119 20
47 123 21
49 123 17
50 126 21
47 124 24
49 127 20
50 130 20
50 126 21
54 124 22
55 123 23
55 121 23
56 124 23
52 122 23
56 120 23
54 121 26
51 123 26
53 126 23
55 128 22
56 128 26
60 126 30
64 130 31
66 130 34
64 129 31
62 130 27
60 134 25
57 134 27
58 133 31
59 134 30
59 131 34
59 132 36
63 134 35
61 132 37
57 135 38
53 133 40
55 131 44
57 130 40
57 133 42
59 131 44
59 131 44
55 130 48
58 132 52
60 134 54
63 131 50
60 129 51
60 127 55
62 128 59
66 127 62
64 128 61
67 126 64
69 126 66
67 128 68
66 127 71
63 127 72
64 129 71
68 130 68
68 128 67
68 132 70
72 134 72
76 135 68
80 139 65
83 138 69
82 135 66
80 135 66
81 138 63
83 137 62
85 136 63
89 137 63
91 136 60
87 140 56
91 142 56
90 143 56
89 144 55
88 141 57
90 145 60
90 147 62
92 148 59
93 146 63
96 142 65
95 139 63
95 140 67
93 136 64
96 135 62
92 138 59
95 142 59
92 140 60
93 138 60
89 142 62
87 142 59
84 143 57
82 139 55
79 135 54
75 136 57
77 140 59
73 139 59
70 142 60
67 144 56
63 147 55
66 149 54
67 150 53
63 151 57
59 147 58
57 145 58
58 141 54
59 142 54
58 138 54
60 135 55
58 131 52
56 134 51
57 136 55
60 139 52
58 137 54
55 137 50
55 136 46
52 132 43
56 133 43
60 133 39
60 137 39
61 133 35
63 137 32
59 133 34
56 134 34
54 131 34
54 132 37
58 133 40
62 133 42
62 130 43
62 132 47
59 134 51
62 137 55
61 135 52
57 136 52
60 133 56
60 131 57
60 127 53
57 127 57
58 125 61
58 124 64
55 122 66
56 119 62
59 122 64
56 122 61
59 122 64
61 125 60
57 127 62
58 125 65
59 124 62
56 125 66
60 125 62
62 128 65
58 131 63
58 134 67
60 131 68
61 134 66
65 136 63
66 132 63
68 129 60
70 126 58
68 127 54
66 130 52
70 127 55
66 130 58
69 134 56
65 135 55
66 134 57
67 131 61
67 132 57
63 128 56
62 128 59
65 125 56
66 128 53
68 132 50
66 136 53
64 139 55
62 140 59
62 141 58
59 139 61
63 138 61
63 137 59
64 141 55
65 143 52
65 145 52
64 146 52
64 142 56
68 140 60
66 137 57
67 133 58
71 134 59
67 133 57
67 133 55
70 137 58
70 140 55
71 144 54
70 143 58
70 147 60
67 145 58
68 141 57
67 141 57
67 145 54
66 142 57
65 140 61
63 139 58
59 138 55
56 142 54
56 146 55
60 143 53
59 143 50
55 147 52
59 144 54
61 143 54
60 145 56
64 142 55
68 142 59
65 140 57
62 140 61
64 140 60
65 136 59
68 138 62
70 137 65
69 135 67
72 131 67
75 134 71
75 137 73
79 141 72
80 141 71
83 141 72
86 140 70
87 140 67
88 136 65
84 139 64
81 135 61
82 136 60
84 134 57
85 131 61
81 135 64
80 136 68
76 135 67
72 134 68
71 138 71
69 135 73
72 134 74
69 135 70
69 132 73
68 131 77
68 134 79
72 133 79
68 135 83
66 135 86
64 137 82
67 140 81
63 144 80
59 142 80
59 138 82
59 137 83
63 134 83
66 134 79
66 132 77
69 133 78
65 133 74
64 134 72
66 137 70
67 141 71
67 141 71
68 143 67
67 144 68
68 143 67
69 141 67
67 140 68
63 143 65
66 145 65
65 147 66
67 149 68
71 149 71
72 148 71
68 148 67
68 148 69
65 147 66
69 151 70
68 155 74
72 152 76
70 156 72
74 152 70
74 150 67
72 149 64
69 146 62
65 145 59
69 148 58
66 147 57
68 150 53
65 147 51
69 149 53
70 153 52
70 151 53
66 155 54
63 159 54
59 155 52
58 152 53
60 151 51
62 154 52
59 150 49
63 146 50
59 148 47
59 146 49
63 149 49
64 151 45
67 151 42
66 148 43
68 148 43
65 146 40
64 146 41
64 144 39
61 145 37
65 143 34
67 141 30
70 141 34
72 142 37
69 143 41
69 147 40
71 147 36
70 144 39
73 142 38
70 141 35
69 141 31
67 137 29
64 133 33
60 132 34
62 131 35
64 127 35
68 129 35
66 126 38
68 129 36
67 132 39
69 132 43
73 135 39
69 134 43
68 130 39
72 126 37
75 123 35
74 119 39
75 116 38
77 120 39
76 120 36
78 122 35
81 124 39
80 124 38
80 120 41
77 123 44
76 125 47
72 129 47
68 132 47
72 135 50
75 136 51
71 132 53
75 128 52
74 131 55
76 129 56
78 128 58
80 127 62
79 127 60
79 131 64
76 127 60
77 130 60
74 132 60
78 136 64
82 140 66
85 137 69
82 135 68
82 136 67
84 138 67
80 135 64
76 134 66
73 136 67
73 135 65
77 132 67
81 128 66
78 132 70
82 132 66
80 128 66
77 129 65
77 131 69
73 129 73
75 133 74
77 134 72
73 133 69
75 135 72
73 133 71
70 135 69
70 137 66
74 134 67
77 134 70
74 134 72
70 131 69
71 129 65
71 130 61
75 133 65
77 134 69
80 130 69
79 131 67
83 134 63
82 135 59
79 138 60
81 138 57
81 138 57
80 136 53
83 132 54
86 136 51
82 136 50
83 134 47
86 135 43
90 138 40
87 135 38
88 133 39
86 134 42
83 135 42
85 139 40
88 143 43
87 143 45
91 144 49
94 142 49
97 143 50
93 142 54
93 140 58
95 143 54
93 141 54
97 139 50
96 136 49
99 135 53
99 136 57
99 137 53
96 136 53
100 134 49
97 130 46
94 126 48
94 125 48
93 127 45
97 124 45
98 127 45
95 128 41
91 124 42
93 127 43
97 128 43
94 131 39
98 129 37
94 129 35
90 126 38
92 123 41
96 120 38
97 118 34
97 119 37
100 117 40
100 121 38
100 117 39
96 116 35
97 114 37
95 118 36
97 117 37
94 120 35
91 117 36
94 117 32
90 118 28
92 118 28
91 116 26
90 118 23
94 119 24
95 122 27
94 124 27
94 125 24
96 122 20
98 124 16
95 120 17
93 121 19
95 125 20
94 123 16
92 124 15
95 126 15
97 128 12
96 127 14
94 131 17
93 132 15
89 132 15
90 130 11
88 134 13
88 137 14
87 141 11
84 144 14
85 142 14
81 145 14
78 143 13
82 143 13
80 146 11
83 148 10
85 148 14
85 146 11
84 150 10
83 150 10
83 149 7
79 146 10
77 150 8
79 152 6
79 151 10
80 147 11
84 151 15
85 153 18
87 154 20
85 157 21
82 157 21
80 153 22
79 157 23
81 159 22
77 163 18
81 165 19
80 167 19
81 167 16
80 168 13
83 167 12
83 163 15
79 161 11
83 164 13
84 161 16
80 157 16
77 159 15
76 156 17
79 156 20
76 152 23
73 150 21
74 150 24
72 146 24
71 147 24
75 149 21
73 148 22
75 149 20
74 153 18
76 149 16
78 152 14
77 154 16
79 155 17
81 151 13
80 147 10
83 145 10
83 145 11
80 147 10
79 148 10
83 152 12
84 156 15
84 158 17
86 162 19
86 161 20
90 161 17
92 164 20
91 168 23
94 168 27
98 167 30
95 170 32
92 171 30
93 170 27
96 171 28
95 168 30
96 166 26
93 163 25
95 167 26
97 167 25
98 165 29
94 163 28
97 162 30
96 161 27
95 160 30
92 162 27
92 164 27
96 165 29
92 167 30
94 166 26
96 170 28
93 174 26
96 177 22
94 178 26
90 174 25
90 177 27
93 181 26
93 184 28
89 188 32
86 192 33
86 188 32
82 187 36
81 189 32
85 189 28
83 186 28
83 182 31
84 186 29
86 189 28
86 192 27
89 195 23
85 196 22
81 198 18
83 201 17
79 205 16
77 208 14
73 206 16
71 210 18
71 214 18
70 216 15
67 217 19
69 213 18
73 210 22
74 214 19
70 218 16
73 217 16
74 213 12
76 211 14
73 213 14
76 209 15
80 210 14
82 211 17
84 212 20
86 212 21
82 216 22
83 212 18
87 213 21
85 217 23
87 219 27
89 223 25
92 221 25
89 219 26
87 222 27
91 226 30
95 223 28
91 222 27
91 225 24
89 226 27
87 226 30
86 222 30
88 218 29
87 220 32
84 221 35
82 222 36
86 220 40
90 219 39
87 220 40
89 218 41
86 222 43
83 220 41
83 221 43
81 224 40
78 222 40
79 221 38
81 221 36
84 224 36
86 228 36
83 225 39
87 226 43
85 225 42
82 228 39
81 232 36
79 235 35
79 236 31
80 237 28
76 234 25
77 238 21
74 238 17
77 236 16
73 236 17
77 237 21
75 237 19
74 241 22
75 243 20
77 242 18
77 244 16
78 242 14
76 244 17
72 244 19
70 246 16
66 245 20
68 249 22
69 247 25
70 243 29
74 243 29
70 244 29
67 244 32
65 244 36
62 248 33
65 251 29
68 250 27
71 250 27
71 252 29
72 254 27
71 254 29
67 255 28
66 257 25
62 260 21
58 260 25
58 262 22
