48 43 37
44 41 39
46 40 37
49 38 34
51 35 38
49 38 39
47 35 36
47 37 36
43 36 40
45 35 39
43 35 42
41 35 45
37 31 46
35 32 48
31 35 49
32 35 52
30 32 54
30 31 55
31 31 51
28 32 48
24 33 49
20 30 51
17 33 51
17 29 48
21 29 48
19 31 47
21 31 51
18 34 48
21 36 48
18 34 47
20 32 47
16 36 51
15 35 53
15 36 54
11 32 51
13 34 53
13 32 54
13 35 57
13 36 53
13 34 49
10 37 47
13 34 48
15 37 47
14 35 43
16 35 45
12 36 41
12 34 39
8 38 39
10 35 42
9 34 44
10 31 48
13 29 48
16 26 46
19 22 43
16 23 43
19 24 45
21 27 49
25 25 47
21 26 43
19 25 46
23 23 42
27 25 46
23 24 42
21 24 39
22 25 42
18 29 40
19 27 39
21 30 40
17 28 37
18 28 40
15 24 39
19 28 36
15 32 33
17 33 33
20 34 32
19 31 31
22 30 32
26 33 30
29 36 33
28 34 36
32 35 35
28 33 33
27 31 34
26 28 34
28 26 37
31 27 34
28 28 32
27 31 30
27 27 26
23 23 30
19 24 32
18 27 32
21 26 30
20 25 34
23 27 30
22 31 31
25 30 28
25 32 24
29 28 24
27 24 21
27 27 20
31 23 24
29 26 27
28 30 30
27 32 29
29 36 30
25 40 34
28 37 37
30 41 40
30 39 42
31 41 43
34 38 43
37 42 39
41 42 42
40 44 46
43 46 44
39 48 43
41 51 42
45 48 41
41 44 39
43 45 38
42 46 38
38 49 42
41 51 44
37 52 46
34 52 49
33 51 50
36 54 49
37 51 53
41 51 53
40 54 53
38 52 54
34 54 57
34 58 54
38 62 50
36 62 48
35 60 47
34 61 50
35 63 53
35 59 53
38 55 53
41 57 55
41 61 56
41 58 58
37 59 54
39 57 51
37 53 51
40 50 48
36 50 44
37 48 42
36 52 38
33 49 41
30 50 43
31 48 41
34 49 41
34 48 38
37 52 42
35 56 45
38 55 48
35 52 45
32 54 43
35 58 40
36 54 44
34 52 48
32 54 44
33 57 44
32 56 41
31 56 37
32 58 35
32 58 34
35 54 38
39 58 36
41 54 35
45 54 34
46 52 30
42 54 27
43 57 29
47 56 27
47 53 31
47 55 27
51 54 25
55 56 23
51 53 26
49 56 24
52 54 24
50 54 24
48 52 27
51 50 29
48 50 33
45 52 29
46 49 31
48 52 30
47 49 34
50 45 35
52 44 32
55 41 31
51 42 31
54 38 29
51 40 25
54 40 28
56 43 29
60 45 26
61 41 28
65 38 26
66 39 28
67 41 31
71 45 30
67 43 33
71 47 36
75 48 37
78 47 39
75 48 39
73 44 41
70 44 39
68 43 36
69 45 38
66 44 42
63 46 45
67 49 44
65 46 47
65 43 50
67 39 48
71 42 50
68 45 54
66 41 51
65 42 50
66 40 51
62 36 47
62 38 50
62 42 46
64 40 44
65 44 42
67 45 38
68 43 42
66 44 45
65 45 45
61 46 48
57 47 50
57 43 48
58 42 45
61 43 43
65 46 39
61 50 36
64 46 40
60 43 42
56 43 39
58 42 41
61 46 41
60 49 37
56 45 39
55 41 39
52 37 41
51 40 41
55 44 40
55 46 39
52 45 39
52 49 43
56 47 40
53 48 41
50 44 42
50 42 40
48 39 40
48 38 38
50 35 40
49 34 37
50 33 40
54 36 36
54 34 38
55 37 34
53 41 35
51 38 31
51 34 29
53 30 29
54 26 32
54 29 33
58 25 36
56 22 33
52 20 31
49 18 28
49 21 26
47 25 27
48 28 25
50 28 23
54 26 27
53 28 27
51 28 30
55 32 29
56 33 26
55 36 23
56 38 22
53 34 24
54 31 28
53 34 24
54 30 21
52 31 17
48 28 13
50 27 9
50 29 12
50 31 14
53 32 16
55 31 13
54 27 12
58 28 8
56 27 9
60 24 5
59 27 6
56 23 6
53 20 5
55 20 9
52 23 13
50 27 17
51 28 16
49 27 18
48 26 20
52 29 16
53 27 14
54 29 18
52 26 15
51 26 14
47 29 13
47 29 11
51 30 15
51 31 19
47 27 17
44 30 13
42 27 16
40 27 14
37 28 17
36 29 17
38 33 17
36 29 18
37 27 22
39 25 21
37 28 18
34 28 21
31 29 17
35 28 18
35 25 19
34 26 19
31 28 17
34 31 19
37 30 18
35 33 16
31 33 16
28 31 13
29 31 13
29 32 9
29 32 13
30 29 11
26 30 9
22 30 12
19 34 14
20 36 17
20 38 19
22 36 18
21 36 20
20 38 24
18 38 24
20 39 25
23 36 27
24 33 26
28 33 24
31 36 23
32 36 26
34 33 23
37 34 23
40 31 20
40 34 20
41 31 16
37 30 18
35 26 18
34 27 15
36 27 14
40 24 13
39 20 14
41 16 15
40 17 11
38 21 15
38 18 16
36 20 16
40 16 17
36 14 18
32 18 18
31 16 21
27 18 17
27 18 13
27 15 17
27 13 16
26 14 15
23 18 13
25 21 16
26 17 12
23 14 8
25 13 6
26 16 8
28 14 5
31 17 9
34 19 8
34 17 10
30 18 13
29 17 10
31 16 8
30 16 8
27 19 10
26 23 6
27 20 7
30 19 10
30 15 10
30 12 11
31 10 15
31 12 14
34 14 14
33 11 18
31 14 18
34 16 18
38 19 18
41 20 21
37 16 25
41 18 28
41 15 29
39 11 26
37 14 26
35 10 23
31 14 26
29 16 24
26 16 26
24 18 26
27 19 26
29 23 30
29 21 33
32 21 29
28 23 32
30 23 29
34 26 31
37 27 28
34 24 32
33 22 32
36 23 36
37 24 36
33 26 32
29 26 35
32 30 35
36 28 39
36 29 43
39 27 47
42 25 45
45 24 43
48 24 42
50 26 38
52 26 36
53 22 32
56 25 29
56 25 29
53 29 26
55 29 28
54 26 31
52 23 34
52 25 32
49 22 35
48 20 35
44 19 32
43 20 32
40 24 29
36 23 30
38 20 28
36 20 29
32 19 25
36 22 27
33 23 25
30 27 25
34 24 29
38 23 32
36 21 28
37 19 29
34 16 33
37 15 32
40 12 29
42 12 29
42 9 30
39 12 26
36 14 29
40 12 26
44 16 25
40 16 26
42 19 24
43 20 27
42 16 26
38 12 26
38 12 30
39 8 34
36 9 38
34 9 38
30 12 41
34 11 43
36 11 39
39 13 43
35 10 39
32 14 42
29 16 46
29 13 45
26 11 46
24 11 46
24 15 44
27 12 44
23 16 46
19 17 48
17 19 44
20 22 44
22 24 45
25 28 46
25 27 45
21 23 42
24 26 39
26 23 38
27 21 36
28 21 32
31 18 34
35 15 30
38 12 33
35 15 33
37 15 29
41 18 33
44 16 32
43 13 36
47 17 32
46 13 32
47 13 29
50 12 32
52 10 33
51 7 36
55 10 34
56 8 37
55 11 37
58 10 37
56 11 39
55 9 42
51 11 39
54 13 35
57 15 32
60 13 35
60 10 31
58 8 32
56 8 31
54 7 30
58 7 28
55 8 32
51 7 36
49 8 36
45 10 37
47 8 37
50 12 37
53 10 39
49 6 40
51 4 36
50 5 38
46 3 38
45 6 35
44 2 31
46 5 29
45 4 31
42 3 34
43 2 35
41 2 38
39 2 40
39 2 44
40 2 48
39 0 50
40 0 46
41 4 48
38 4 44
37 8 40
40 11 44
37 9 40
36 12 37
35 15 39
38 15 43
34 16 45
32 12 48
28 16 47
28 16 46
29 14 49
28 10 53
31 10 57
31 9 56
28 13 56
24 11 60
20 7 60
16 9 57
17 13 54
21 14 57
19 16 53
17 17 51
21 20 54
24 23 56
27 24 54
27 21 55
26 21 51
22 18 52
24 21 54
21 25 53
18 27 49
14 24 53
14 25 53
17 29 50
16 31 52
12 27 56
9 30 52
7 33 56
7 29 52
6 32 48
9 31 46
11 30 46
13 28 49
13 24 48
12 24 51
14 25 48
12 29 52
9 25 56
6 24 59
10 23 63
12 24 59
13 21 59
11 20 58
8 17 56
5 19 52
8 16 54
11 16 51
12 15 53
16 12 56
18 14 55
16 18 51
16 17 50
14 16 51
18 19 47
19 20 47
17 21 46
21 24 49
25 26 51
26 29 51
30 31 50
27 32 47
30 34 49
34 36 50
34 39 52
32 38 53
34 42 52
37 41 54
40 44 58
36 45 60
40 46 63
42 43 60
41 39 63
41 43 59
39 47 59
40 43 55
39 39 59
37 36 57
34 36 56
36 37 57
32 37 58
29 34 56
29 34 56
30 30 56
30 30 57
33 30 54
36 27 51
34 29 47
36 25 49
32 22 48
28 24 52
28 21 51
30 20 49
28 17 53
24 16 55
28 12 53
27 15 55
29 13 55
31 15 51
35 12 51
37 16 48
40 18 52
37 21 53
38 18 50
35 18 51
37 22 48
33 26 44
34 22 46
34 21 48
38 17 51
36 13 47
39 16 44
38 15 40
42 15 38
46 13 38
49 10 34
52 7 31
53 8 27
55 6 28
52 10 27
52 14 24
55 10 23
59 14 21
57 15 25
60 18 28
59 15 30
62 14 31
62 18 27
59 21 23
57 19 21
53 18 25
49 22 26
46 18 24
42 14 23
45 11 21
47 9 20
47 11 16
48 10 15
49 13 19
45 10 20
43 6 17
42 10 14
39 13 10
35 17 9
31 20 8
32 21 9
35 25 9
36 26 6
39 28 9
41 26 10
41 26 13
38 23 14
41 21 14
41 25 18
45 26 14
45 26 11
47 26 7
47 24 8
45 27 11
45 29 9
48 28 7
46 30 10
48 26 6
52 25 4
56 28 2
53 26 2
57 26 2
58 25 4
55 25 2
55 26 4
59 30 1
55 26 2
51 27 1
50 27 4
52 26 2
55 30 5
52 34 8
54 33 6
56 37 10
57 38 14
61 34 12
57 33 11
56 37 12
59 40 10
55 43 10
52 42 13
56 46 14
56 43 16
56 47 17
58 44 21
55 47 21
59 44 20
56 45 16
55 42 12
59 38 15
62 42 19
64 42 21
61 46 21
58 49 22
62 51 20
60 49 24
58 49 28
58 52 32
55 50 33
59 46 34
59 48 36
60 45 35
60 48 38
63 51 42
60 55 43
58 52 42
58 51 41
57 55 38
58 55 35
60 58 34
62 54 32
60 58 29
62 62 29
59 60 30
58 59 30
57 60 33
56 59 37
52 61 37
55 58 38
58 58 37
59 59 40
61 59 44
59 60 41
55 61 41
52 65 41
49 65 37
48 68 34
44 69 30
47 68 27
51 68 24
49 70 20
50 71 23
54 70 26
55 66 25
51 64 27
54 62 25
57 58 21
57 61 19
53 58 20
55 60 17
56 61 14
58 58 16
54 61 19
57 57 17
54 53 21
54 51 20
51 50 22
48 51 18
46 50 18
44 47 17
48 48 18
46 47 19
46 43 21
50 43 22
54 39 23
54 35 21
53 34 23
49 37 26
52 36 26
51 34 25
49 36 23
50 40 23
53 44 20
49 45 17
48 44 18
46 45 14
42 48 17
38 46 18
39 47 14
37 48 15
34 47 15
33 45 16
32 49 17
35 53 18
32 52 20
35 50 23
31 47 25
30 47 23
30 47 27
33 43 29
31 44 27
35 41 30
33 40 33
32 44 37
35 43 36
33 39 39
36 42 36
39 43 36
41 47 34
39 49 33
42 45 35
46 46 32
45 42 32
44 39 35
45 35 39
42 37 37
44 36 41
48 37 45
46 37 43
44 39 46
41 39 46
39 41 46
35 38 44
37 37 42
38 36 39
39 34 43
42 37 47
44 39 48
46 36 51
49 38 49
52 42 48
51 43 45
55 41 46
59 43 45
59 42 41
58 41 40
59 44 40
63 45 43
59 45 42
62 44 41
60 41 42
64 38 38
65 36 40
64 38 38
61 35 37
65 34 37
65 36 37
68 33 35
65 30 36
69 31 34
70 27 35
72 23 38
72 23 37
71 19 41
67 15 45
63 11 49
59 7 46
57 10 49
57 8 53
58 10 49
61 11 47
65 12 48
62 13 44
60 11 45
58 15 47
61 18 44
58 16 40
57 12 41
54 12 40
53 13 39
57 15 35
53 13 37
52 14 37
48 16 38
48 14 37
47 18 41
43 14 42
41 13 46
38 13 47
34 9 50
30 10 49
30 14 50
33 11 47
35 14 43
37 13 44
35 14 48
35 14 51
36 13 55
39 11 51
42 7 47
46 7 48
50 11 51
53 15 49
57 11 53
53 10 49
51 14 48
48 16 48
52 19 47
52 22 49
52 26 46
52 24 47
53 28 45
53 29 48
57 28 46
54 31 49
56 28 53
55 28 51
58 27 53
62 23 55
58 25 56
62 25 54
59 29 53
57 29 57
55 33 53
52 31 51
50 35 50
48 36 50
51 34 46
47 34 45
44 33 41
46 33 43
44 30 39
43 32 37
42 36 34
41 36 38
41 38 41
39 39 38
37 37 36
39 38 39
39 42 43
41 43 41
44 43 41
48 46 41
49 49 39
48 46 38
51 50 41
50 53 45
51 54 46
50 50 46
54 50 46
50 49 46
48 49 49
44 46 45
41 47 49
38 46 46
37 46 50
40 44 48
39 47 46
39 48 50
38 45 47
38 49 50
41 46 49
37 45 50
35 41 50
31 41 52
35 38 56
33 42 53
36 42 52
36 45 50
37 42 49
36 45 46
36 42 44
37 45 41
37 45 44
41 44 42
38 41 39
42 39 39
41 39 36
42 42 40
40 43 41
44 41 43
43 39 47
40 43 49
44 39 53
43 42 55
42 43 53
43 46 54
47 45 54
44 43 51
46 39 52
42 40 54
43 36 50
45 35 47
47 39 46
46 38 44
46 36 47
50 33 47
47 29 48
44 33 47
44 33 49
47 36 46
50 38 45
49 38 41
49 42 43
53 43 43
56 44 42
56 41 40
57 38 44
61 38 42
62 42 46
58 39 45
60 40 45
56 40 43
60 39 42
62 38 46
60 39 42
56 41 38
59 45 42
62 46 40
58 45 41
54 41 40
51 37 39
50 33 39
46 35 43
47 35 42
50 35 39
52 38 40
52 34 39
56 35 38
57 37 42
53 36 44
52 36 44
54 33 48
56 37 51
59 37 52
59 36 55
61 39 56
62 36 53
63 38 55
59 35 51
58 38 51
60 34 48
60 38 44
56 40 48
55 37 50
55 35 46
51 38 43
51 36 39
48 33 39
47 36 41
49 36 45
45 38 48
42 42 44
40 39 43
38 43 46
40 42 45
41 40 48
40 41 49
42 41 48
38 38 47
42 38 51
38 38 52
41 37 54
37 37 54
41 39 58
37 38 61
33 37 58
30 34 55
34 30 59
38 31 63
36 31 59
36 29 63
37 25 61
35 29 59
36 33 61
40 36 65
42 35 69
40 31 71
43 31 75
42 29 71
44 33 68
44 29 70
40 26 71
43 24 71
40 25 73
43 22 70
42 21 69
39 22 69
42 21 73
41 21 70
40 25 70
38 25 68
41 21 67
38 24 65
42 24 64
44 26 65
47 28 69
43 27 73
39 24 77
39 25 77
40 22 74
43 24 77
47 25 80
47 29 83
46 27 80
50 27 78
50 29 75
54 25 73
57 23 70
56 19 70
54 21 70
52 25 72
50 23 71
52 24 67
52 24 64
49 22 64
47 26 60
48 26 58
46 25 57
46 24 53
49 20 55
51 23 51
55 26 55
59 24 55
62 26 57
65 30 57
64 27 55
68 28 51
67 30 49
63 28 48
61 28 51
65 31 53
62 33 51
61 37 53
63 37 51
64 39 51
65 35 55
69 37 59
65 35 60
68 35 58
66 37 61
67 36 58
67 39 55
67 40 55
69 37 52
68 35 55
65 37 57
66 37 53
65 36 52
67 36 52
71 36 56
67 33 52
66 36 52
64 40 49
64 43 51
66 44 54
62 42 53
60 44 53
59 43 55
57 44 57
58 42 55
56 41 53
54 38 49
52 38 46
50 38 48
53 37 44
56 33 43
60 35 45
59 32 48
55 31 48
53 35 52
55 33 56
51 33 57
51 30 58
55 32 60
57 31 60
60 32 57
62 35 58
58 37 59
54 41 56
56 42 53
57 41 55
53 41 51
56 42 53
55 41 51
53 43 54
50 44 50
49 43 54
49 39 50
52 38 54
50 37 51
48 38 47
45 38 44
43 39 47
45 39 50
43 35 51
46 31 54
49 28 53
46 24 51
47 23 49
45 21 49
49 17 46
49 13 50
48 13 52
46 10 51
48 12 51
50 12 54
52 11 56
50 9 55
51 6 57
51 3 55
51 1 57
47 1 60
44 2 62
41 1 66
44 5 69
47 4 69
43 3 66
44 1 65
40 1 64
43 4 67
41 4 66
39 2 70
43 1 68
43 4 72
45 8 70
45 7 66
49 5 69
49 8 72
53 4 73
52 8 74
50 12 71
46 11 75
46 12 77
50 12 80
49 11 79
51 7 80
53 9 79
57 8 76
60 12 74
64 8 76
66 7 72
70 8 73
66 10 70
69 11 69
73 7 72
70 8 73
70 7 73
74 8 73
72 4 70
73 8 70
69 6 74
71 10 78
68 8 80
66 8 79
70 7 77
68 3 76
65 3 73
62 7 77
60 10 79
62 10 81
60 6 84
62 2 80
60 1 78
61 1 77
59 2 77
60 5 75
60 3 76
64 0 78
60 2 74
56 2 70
53 0 74
52 2 77
54 3 78
56 1 82
57 2 78
53 3 81
51 2 79
52 1 75
50 5 79
54 6 77
54 4 75
51 3 78
52 1 77
53 1 78
49 2 80
48 3 79
48 4 75
49 7 75
49 7 71
50 3 72
46 0 68
43 2 68
41 2 69
42 2 65
41 2 66
43 2 68
44 6 65
45 2 65
45 2 66
45 3 63
46 5 67
42 2 70
38 2 73
41 2 70
39 2 74
35 2 73
35 4 73
38 6 72
42 8 70
46 9 68
45 7 68
42 8 68
42 7 68
38 11 64
39 15 60
38 18 64
37 19 67
34 21 67
38 20 63
42 20 64
42 17 67
40 21 71
44 17 71
48 20 71
48 22 74
49 24 73
51 25 75
51 25 79
52 27 79
48 24 77
49 20 75
48 24 72
49 25 73
53 29 70
51 27 66
51 30 66
53 32 64
51 35 66
55 33 67
57 37 67
56 39 68
60 37 71
61 41 73
60 45 77
61 48 79
61 44 79
57 48 77
59 49 75
63 51 74
62 53 76
61 53 74
61 57 78
63 55 82
63 59 81
60 62 81
62 62 84
58 62 82
57 58 78
60 60 81
64 57 80
62 57 76
59 54 72
56 55 68
56 52 66
60 50 66
57 46 62
60 42 66
61 39 67
65 36 69
65 40 71
62 43 71
60 45 72
59 44 75
63 40 75
61 41 74
65 37 77
69 38 73
73 42 75
71 42 76
71 39 78
68 41 74
68 42 73
66 44 73
64 40 70
62 41 74
64 43 77
63 46 80
64 42 80
60 41 78
56 40 80
55 39 79
56 42 82
52 46 85
55 47 83
59 50 79
61 48 81
64 47 77
63 43 73
63 42 70
63 44 67
59 47 64
58 45 68
56 46 70
60 48 69
57 44 65
60 47 63
61 48 64
61 46 66
64 42 64
62 45 64
64 43 62
61 41 62
61 41 58
61 40 55
64 42 56
60 41 54
62 39 51
66 38 51
64 39 49
65 36 50
63 36 49
59 38 46
62 42 50
59 44 47
60 41 45
59 37 42
61 39 38
58 35 40
58 37 36
59 41 33
58 40 31
58 39 29
58 41 32
59 43 29
63 39 32
65 42 32
64 44 34
60 48 33
64 52 31
65 50 27
69 52 24
68 51 28
64 54 32
67 51 35
66 53 34
66 55 33
67 53 29
66 54 32
69 58 32
73 62 35
76 60 38
79 63 35
78 59 35
76 58 34
75 58 36
77 60 39
79 62 36
75 59 37
75 59 38
73 61 40
75 63 43
72 63 41
71 64 45
74 62 42
78 64 40
81 64 41
81 61 39
85 64 41
82 62 37
85 60 41
85 59 45
89 63 42
92 59 46
91 58 43
95 59 44
93 55 41
90 57 38
87 60 41
91 58 39
94 56 41
96 52 42
100 56 40
98 60 40
96 60 37
97 56 38
101 52 37
100 56 38
96 55 40
93 59 37
89 61 41
88 64 42
88 61 40
87 57 43
83 59 40
79 63 38
76 66 37
77 65 33
81 63 35
83 65 39
81 65 41
82 68 38
79 68 39
77 64 36
80 65 40
80 63 39
82 60 43
79 59 46
76 58 46
75 62 44
73 66 43
71 64 47
71 64 51
74 63 51
74 60 48
72 59 46
73 61 47
73 63 50
70 61 53
70 62 53
69 66 56
73 63 58
73 59 59
75 60 61
76 59 59
79 61 61
77 57 57
77 60 60
78 62 60
82 59 63
83 57 62
80 61 63
78 59 59
82 57 57
78 54 58
79 56 60
78 53 62
81 50 59
77 50 62
76 53 65
76 51 65
80 48 65
84 49 69
84 48 68
80 45 70
82 42 69
79 41 69
77 44 69
79 40 68
81 44 72
78 44 73
79 44 72
77 43 76
80 43 79
82 40 75
85 43 73
81 46 75
79 48 73
79 46 74
80 49 77
84 47 74
82 49 75
78 47 73
79 48 73
78 47 69
82 49 71
79 45 72
75 47 76
72 48 79
71 47 81
71 43 82
73 39 79
76 43 77
72 40 73
70 40 71
74 39 75
73 39 71
73 39 69
77 39 65
76 42 66
73 39 64
72 40 67
70 41 64
68 45 62
65 44 63
61 41 59
65 44 62
61 41 59
57 39 55
60 43 53
56 39 55
57 41 51
56 42 53
59 44 52
59 45 55
56 43 56
54 42 54
56 46 57
55 43 56
53 45 57
51 43 58
49 43 57
51 46 57
54 47 53
56 45 51
60 46 50
64 47 46
63 48 46
66 45 50
64 49 52
64 49 55
60 53 58
61 54 58
64 55 54
61 55 52
63 56 50
60 60 52
61 59 53
61 60 51
60 56 50
60 60 50
63 60 48
66 64 48
64 61 47
63 59 45
63 57 47
65 58 51
65 61 47
61 61 50
65 65 48
64 63 48
62 59 47
61 60 46
62 58 42
62 62 46
60 65 50
64 68 47
64 64 45
63 68 47
63 66 48
64 63 47
66 65 43
67 66 41
66 67 40
69 66 44
71 67 44
68 69 48
68 70 52
65 66 53
65 67 50
66 68 53
62 71 50
65 68 46
69 67 50
66 65 48
67 61 46
69 60 50
67 57 49
68 55 51
70 57 50
72 59 51
76 59 49
78 59 47
81 55 44
83 52 40
87 52 44
89 52 47
85 49 45
82 50 49
80 53 51
76 57 50
80 58 47
79 55 48
75 53 45
78 50 42
80 48 39
83 47 37
81 43 39
85 45 43
85 42 42
88 41 41
89 39 45
91 40 41
91 44 38
94 41 36
90 44 34
94 45 30
90 45 31
86 49 35
88 52 34
88 49 34
90 52 33
87 55 35
83 51 36
86 47 40
83 48 44
81 52 44
82 49 42
80 45 43
80 42 41
79 40 40
78 39 44
77 35 41
73 37 41
77 40 38
78 40 35
75 39 38
78 41 36
80 40 39
81 37 43
82 36 39
80 39 36
80 43 38
79 44 35
78 40 38
81 36 40
82 40 44
85 41 46
82 39 42
83 38 40
86 38 37
83 41 35
81 37 35
83 35 32
83 33 33
87 35 34
89 38 36
93 34 38
97 37 36
99 40 39
102 43 42
104 42 44
106 42 46
109 41 43
107 37 42
106 41 41
106 45 41
108 44 40
105 45 40
107 45 39
105 49 40
101 46 40
103 44 37
107 42 39
103 41 37
99 41 36
97 41 33
98 39 29
96 37 28
93 37 25
96 39 28
98 41 26
96 45 30
97 44 28
101 47 25
100 49 27
100 52 25
98 49 24
96 50 25
100 51 23
102 51 20
104 54 17
101 53 19
98 52 22
102 50 21
102 50 18
103 51 17
107 49 16
110 47 16
106 45 13
109 43 11
110 43 14
107 45 16
104 46 14
101 42 18
102 44 14
101 40 10
104 40 7
108 44 7
105 40 9
105 40 7
109 38 11
111 35 10
115 38 7
117 39 7
115 40 9
117 41 11
120 39 9
118 36 10
119 39 8
121 43 5
123 40 8
126 39 5
129 39 4
126 37 1
130 40 0
126 39 2
122 39 3
124 43 2
128 45 5
126 43 3
124 47 3
126 45 3
126 45 0
128 49 1
130 50 2
132 53 2
130 52 2
133 55 2
132 55 3
132 52 7
134 48 11
131 47 14
130 50 13
129 49 9
133 46 9
132 43 6
136 46 8
140 45 4
139 46 6
136 48 3
134 44 5
133 41 9
132 42 13
134 44 17
132 48 17
136 50 17
132 46 21
133 44 19
129 43 17
132 39 14
130 43 14
132 40 18
133 44 14
132 41 12
135 42 15
139 39 18
143 41 20
147 38 17
145 35 16
149 36 19
149 36 18
145 32 19
141 31 15
141 29 13
144 28 16
146 32 13
145 31 11
146 30 14
145 26 13
144 29 12
145 26 12
149 30 11
153 34 12
155 32 10
154 36 11
151 34 7
151 34 8
155 33 8
153 31 11
156 27 9
152 30 7
151 34 10
154 30 14
151 28 17
150 31 15
149 35 17
148 35 19
151 33 19
150 35 17
152 35 21
148 32 19
148 32 16
148 33 18
146 29 21
148 25 17
150 29 19
152 31 21
151 31 18
154 33 14
151 33 10
152 33 14
151 36 18
150 37 22
146 39 25
145 37 24
147 36 25
149 38 23
145 39 26
141 37 23
140 40 24
139 36 22
139 34 19
139 32 21
137 31 21
135 35 20
136 39 21
134 35 22
131 33 22
131 33 19
129 34 22
126 31 18
130 32 14
133 34 17
130 33 15
130 32 16
134 34 20
138 33 17
134 37 21
134 37 21
131 38 24
131 42 28
128 42 31
132 42 29
134 41 31
138 42 27
141 45 31
140 43 34
144 40 37
146 41 35
146 42 36
142 45 34
143 47 36
140 45 35
142 48 38
146 44 35
149 44 35
145 42 31
144 41 34
140 45 32
140 43 33
138 40 33
137 38 37
140 35 41
143 34 38
143 35 40
145 32 40
148 28 44
146 27 47
146 23 48
143 25 50
143 28 54
142 26 54
143 23 54
142 22 51
145 24 55
145 28 57
141 30 53
137 34 56
136 35 52
135 32 56
136 36 54
137 33 54
141 33 58
140 34 62
140 33 65
142 34 64
141 32 65
140 35 66
144 36 69
148 38 70
151 34 66
147 37 66
149 33 70
152 37 68
148 38 72
152 42 74
150 40 71
151 39 71
150 35 70
153 37 68
149 39 68
151 42 69
149 42 65
151 44 68
149 46 72
145 46 74
141 48 70
143 51 67
146 49 65
142 47 67
145 51 64
142 48 65
146 47 69
149 51 73
153 54 72
149 55 75
147 58 77
149 54 75
146 53 79
144 53 80
144 56 77
141 56 81
143 54 83
139 51 85
136 48 83
140 44 81
138 48 77
138 50 75
141 48 79
137 49 80
136 48 81
139 52 79
142 55 81
143 57 85
143 57 89
143 58 86
142 57 88
140 57 89
137 57 87
139 59 90
138 55 94
141 58 98
142 58 96
145 55 99
143 55 102
144 55 99
146 52 97
148 55 97
148 58 100
144 60 102
147 58 102
150 61 98
146 58 101
142 62 101
140 61 99
139 60 102
141 57 103
145 59 100
142 57 100
142 61 97
142 59 101
143 60 97
146 59 99
149 61 99
151 58 103
151 62 102
154 60 106
152 59 108
150 63 106
153 59 109
149 61 110
148 60 110
146 61 110
142 62 114
143 59 118
139 62 122
141 64 126
143 67 127
141 70 128
137 70 129
135 72 131
136 68 127
132 64 125
128 63 122
132 60 121
128 64 120
128 65 117
124 65 117
124 61 118
123 62 120
123 64 120
124 61 120
121 62 124
117 61 120
118 62 121
118 64 117
121 68 115
125 66 113
129 70 109
128 73 112
126 71 114
127 72 115
124 70 115
126 72 113
124 69 114
125 73 111
122 76 108
120 76 105
124 75 101
123 72 98
119 69 96
123 71 98
122 69 94
123 68 93
124 67 96
125 71 100
124 74 100
121 77 99
125 80 101
125 82 99
123 85 96
126 83 93
126 84 90
127 86 87
124 88 84
127 85 88
123 89 89
122 93 87
119 96 91
120 95 88
120 99 91
124 96 95
120 92 98
121 96 98
124 95 95
120 93 95
119 90 98
117 88 97
114 85 93
113 86 97
116 87 95
113 89 92
111 92 91
115 95 93
118 98 89
115 100 88
115 100 85
113 98 83
117 95 85
113 96 84
111 96 82
109 95 85
109 98 82
107 100 84
105 104 84
103 100 84
101 102 86
98 105 82
98 107 84
96 110 82
94 108 78
91 104 82
90 102 80
87 106 83
83 104 81
79 103 82
78 105 86
76 101 88
79 105 84
77 103 86
78 100 88
76 102 87
75 98 91
79 96 95
77 96 92
75 97 93
75 96 96
73 95 94
73 95 94
76 94 92
74 92 89
77 92 90
73 94 88
72 97 85
71 101 89
68 101 89
71 105 85
71 102 81
67 103 84
68 100 85
70 102 88
71 103 86
74 106 90
71 105 87
68 109 83
64 113 83
63 116 79
60 119 77
58 123 78
62 124 82
60 126 81
59 122 78
61 119 82
57 118 83
56 121 81
52 117 82
48 120 84
48 119 87
51 115 89
48 113 87
51 115 90
53 111 94
55 110 91
51 108 89
55 107 85
58 105 88
55 103 88
52 105 84
55 101 88
58 97 86
62 94 89
64 95 87
63 91 87
59 90 84
58 91 81
61 89 85
65 93 88
69 93 89
72 95 91
68 93 90
72 97 87
76 94 86
72 90 90
71 94 90
74 91 87
73 90 91
76 90 87
73 92 90
76 95 93
79 98 93
80 102 90
79 101 93
82 101 96
83 101 98
82 101 97
86 100 101
82 100 98
81 103 95
81 103 95
81 105 94
84 105 90
86 109 87
90 111 83
88 112 83
91 115 80
87 112 77
83 114 81
87 111 82
91 112 79
94 116 83
96 114 82
100 114 84
99 110 82
96 106 80
97 107 80
94 107 78
94 111 76
95 114 72
96 116 75
96 114 73
96 112 75
92 110 76
91 110 77
93 109 80
93 107 77
97 104 80
99 108 81
102 105 85
99 109 86
98 111 89
98 109 91
98 107 91
102 107 93
101 105 94
99 109 94
103 109 97
100 107 94
97 105 95
98 105 96
96 106 94
93 108 92
92 106 92
90 108 90
88 111 91
92 114 93
96 116 89
98 117 90
98 118 91
97 120 89
101 122 85
98 122 88
101 119 87
100 123 88
104 125 85
104 129 89
102 128 88
106 132 88
108 132 88
105 128 90
104 131 93
107 132 93
103 135 92
104 138 94
108 135 91
107 135 95
111 133 91
115 130 94
117 127 97
119 131 99
116 130 96
115 128 94
115 129 92
115 126 91
117 129 90
120 126 89
120 125 86
124 122 83
127 125 83
130 129 85
131 129 83
133 133 80
130 135 81
127 138 80
131 136 76
132 135 72
130 133 68
133 135 65
135 137 61
139 141 59
135 143 57
131 143 60
134 140 64
133 143 62
135 143 60
135 144 60
134 144 59
134 147 58
138 145 57
139 148 55
139 152 53
135 148 53
132 150 54
136 147 53
137 151 53
137 151 51
141 155 49
139 159 52
136 157 51
140 156 51
141 160 53
138 164 55
142 161 55
146 161 57
146 161 55
143 157 56
143 158 54
139 154 53
135 151 50
134 155 53
131 152 51
132 155 52
131 158 48
134 162 45
134 161 42
138 164 46
139 163 45
140 160 46
141 162 48
137 164 44
136 161 41
140 159 37
136 163 40
135 167 39
138 168 38
134 171 39
137 169 36
134 168 39
131 166 39
134 169 37
133 169 38
134 170 39
135 169 37
138 167 33
138 169 37
138 167 39
142 169 40
143 168 36
140 167 36
138 170 36
134 168 34
131 166 30
133 170 30
131 166 27
129 166 30
133 167 31
134 169 32
134 173 36
138 173 35
135 174 37
137 175 41
140 175 44
142 171 42
143 171 42
147 171 43
146 168 43
148 164 41
152 167 41
150 168 45
153 172 47
154 176 49
155 178 51
154 181 54
154 183 57
154 184 60
153 182 58
153 181 59
157 185 63
160 183 64
163 181 66
165 179 70
165 181 66
169 185 68
165 187 72
163 188 73
164 184 75
160 186 79
161 187 76
160 190 78
161 192 81
165 192 78
164 190 81
160 188 84
163 189 86
162 189 87
160 190 83
164 193 86
163 191 85
167 192 89
166 194 92
166 190 96
170 193 97
170 197 100
169 194 101
169 191 101
170 193 102
173 192 105
177 188 102
177 191 101
175 193 101
176 192 102
177 190 99
179 192 102
175 188 101
179 189 102
176 193 104
179 196 102
181 193 101
184 196 105
184 199 102
184 200 101
182 197 102
184 198 101
188 195 102
188 197 101
185 195 99
187 196 98
188 195 101
192 196 104
192 198 102
190 195 101
191 191 103
187 192 100
187 194 99
183 193 98
181 192 101
179 194 98
182 194 102
182 198 99
180 198 100
178 194 96
181 193 94
181 192 93
177 191 96
178 188 95
179 184 96
179 187 95
178 189 94
178 187 98
177 191 96
180 193 92
176 195 88
172 198 90
171 194 94
168 190 93
164 188 89
162 186 91
158 182 95
158 182 95
154 178 96
158 180 95
160 177 97
156 178 96
153 176 95
157 172 95
160 170 91
162 170 88
163 174 87
167 171 90
171 170 89
169 171 87
168 174 86
167 172 87
164 176 83
160 178 83
156 174 83
157 176 86
160 179 85
164 176 81
167 174 78
168 178 77
172 176 76
171 177 76
175 180 79
171 178 81
171 177 78
169 179 74
167 180 78
164 184 74
168 186 74
164 184 73
165 180 72
168 180 76
170 182 72
173 179 75
177 183 75
175 180 76
176 184 78
180 184 78
181 186 81
182 184 80
180 184 77
176 188 80
172 191 82
171 190 81
171 190 80
171 189 83
169 188 82
168 190 80
171 192 82
169 188 86
167 187 83
165 183 80
165 179 77
161 175 74
160 172 78
157 171 82
156 173 78
154 172 78
157 171 77
159 175 81
155 173 80
153 175 84
156 173 81
154 174 77
154 178 79
150 182 75
147 180 71
150 182 67
149 186 63
150 182 64
152 182 66
155 178 68
152 181 68
156 183 70
157 182 69
161 179 71
157 177 74
161 181 78
164 185 76
168 181 76
168 182 78
164 183 81
164 186 79
166 186 77
162 188 77
166 185 76
168 184 72
170 180 72
172 176 76
172 176 80
169 173 78
169 172 77
172 168 77
175 171 74
179 170 75
180 167 72
184 170 74
180 171 72
177 172 72
178 170 72
181 173 72
182 175 74
185 172 73
182 172 76
179 169 80
182 169 84
181 165 87
180 168 86
184 171 84
186 173 84
184 176 83
182 176 82
179 175 86
180 177 82
180 177 83
183 180 80
186 181 77
188 182 76
186 182 73
184 184 76
188 180 77
189 184 78
189 186 81
191 190 79
195 193 79
193 196 75
189 199 72
191 198 71
191 194 72
190 196 74
192 195 76
189 192 77
189 191 80
187 190 79
184 194 83
188 194 83
192 194 81
193 195 78
192 199 79
190 197 81
194 196 80
197 197 79
198 194 76
201 196 78
201 195 75
202 196 79
204 195 78
203 197 78
200 198 78
204 198 76
204 196 74
207 200 76
208 200 80
206 201 78
207 202 80
203 205 76
202 207 75
198 203 76
202 201 75
200 197 78
197 193 78
197 194 75
201 193 71
203 193 70
204 194 73
204 198 77
206 199 76
210 201 75
212 199 76
214 202 75
215 202 77
216 206 79
215 209 79
213 205 76
210 202 73
209 204 73
208 208 77
212 206 75
211 206 77
215 206 78
211 204 74
211 200 74
214 197 75
212 193 75
214 194 76
213 190 77
211 190 80
209 190 76
209 189 76
208 185 78
206 185 74
206 182 70
204 184 72
203 182 69
205 179 66
204 181 68
202 180 67
198 177 71
195 175 71
198 176 71
198 178 72
196 179 76
197 176 76
194 174 74
193 178 76
197 174 78
200 171 80
198 169 77
197 168 74
193 171 70
197 171 73
199 170 75
198 166 76
198 169 72
200 170 76
203 171 79
205 168 77
205 169 78
208 173 82
206 175 82
204 171 85
207 172 86
211 168 88
212 171 84
210 174 88
211 175 89
214 175 92
213 174 88
210 172 87
214 171 88
211 168 92
210 164 92
209 162 95
213 159 98
213 158 95
212 162 92
214 160 89
217 164 90
221 160 86
222 161 89
225 161 91
226 162 89
222 161 86
224 165 86
222 162 90
224 160 88
220 162 89
218 165 90
221 165 86
222 162 84
225 161 87
224 157 85
226 153 89
225 156 85
223 158 85
221 161 85
222 165 87
225 168 90
221 164 89
220 164 91
221 167 92
223 165 96
224 165 94
221 168 91
224 171 94
221 175 94
218 174 97
215 175 98
214 171 96
214 174 94
211 171 90
214 171 88
218 167 90
219 171 87
223 170 86
227 166 89
227 165 89
224 161 91
227 162 93
226 159 97
227 161 94
226 157 91
227 161 87
227 163 87
225 167 86
225 171 87
224 169 85
228 172 86
228 171 84
231 167 82
229 168 82
233 167 82
237 168 81
240 170 85
241 171 81
242 171 79
245 171 81
246 169 77
247 167 76
249 171 77
248 173 73
252 170 73
251 174 71
253 173 73
255 173 73
253 175 69
251 172 65
249 176 62
245 179 65
242 180 61
245 177 64
244 175 62
241 175 64
237 179 68
237 176 69
237 172 66
240 171 67
241 169 69
243 172 71
239 175 67
236 179 65
233 183 63
235 183 60
237 184 57
233 186 54
236 184 57
236 184 60
239 187 56
238 187 56
241 184 54
245 182 50
248 184 50
245 187 53
249 183 56
248 184 53
247 185 54
250 187 51
253 187 54
251 190 54
255 192 51
255 195 50
254 193 53
253 197 51
252 197 47
249 197 48
250 194 51
248 190 49
248 191 47
249 189 46
251 191 49
248 191 45
250 195 43
251 194 39
248 198 40
250 194 44
247 196 47
250 192 46
246 189 50
243 190 47
240 186 49
236 183 52
237 182 53
234 180 52
232 184 49
233 183 49
236 180 52
239 177 49
235 175 50
232 177 50
236 179 51
238 178 47
240 181 43
242 184 46
244 182 44
242 182 40
242 180 43
242 178 43
241 177 42
243 177 41
245 177 43
245 175 40
247 174 44
245 174 41
241 177 41
237 179 40
238 182 36
242 183 40
243 184 43
244 181 42
247 182 40
247 181 36
249 178 37
247 181 36
248 180 32
251 180 33
255 182 37
254 179 35
251 178 38
250 180 41
252 183 43
256 180 45
260 176 42
262 172 40
265 175 44
263 177 48
259 175 47
258 172 45
256 171 49
259 172 49
259 172 45
258 176 41
256 178 40
257 175 40
254 178 39
252 182 35
253 186 36
251 189 40
248 188 43
247 189 41
247 185 37
247 183 40
245 180 42
242 180 43
240 184 41
244 186 40
248 182 43
251 184 44
248 181 46
250 178 44
254 178 45
251 180 43
250 176 39
254 180 40
258 177 40
259 175 37
255 172 33
257 174 34
255 172 30
255 174 33
254 170 36
251 166 32
253 162 31
253 159 27
257 157 30
254 153 29
253 157 33
255 154 30
253 155 34
257 151 31
253 155 33
255 157 30
254 161 32
251 164 33
251 161 37
255 164 39
255 168 35
256 171 33
252 172 36
254 176 32
252 173 34
253 172 34
252 173 36
252 175 37
255 178 36
253 175 37
253 175 41
250 179 37
253 176 37
250 178 33
248 180 35
244 179 31
243 175 29
239 174 30
241 178 28
243 176 28
244 177 32
241 181 29
237 185 27
238 184 27
235 182 26
232 183 27
229 182 28
231 184 31
235 185 35
238 186 32
242 190 33
242 188 35
241 185 34
237 181 35
235 182 37
231 178 34
235 180 30
238 176 27
239 177 28
240 177 27
241 173 24
245 170 26
241 173 27
244 171 25
248 169 24
245 171 28
248 173 28
247 173 27
249 174 23
245 173 23
246 171 25
244 168 26
241 166 28
245 167 30
247 165 31
246 166 31
244 170 33
242 166 33
243 164 34
241 167 30
240 163 26
244 160 26
245 160 28
246 163 29
249 160 25
246 159 27
248 163 28
246 166 26
249 163 29
245 162 28
245 161 24
246 157 23
243 153 27
242 157 31
238 153 34
235 156 33
232 153 31
228 156 31
224 154 31
223 152 35
223 149 36
221 147 37
221 144 35
218 140 35
217 140 39
219 137 38
215 136 34
219 137 37
219 135 33
215 139 37
217 139 38
221 136 40
225 132 37
221 130 35
224 129 39
221 127 38
220 126 34
220 127 30
218 130 27
222 132 26
225 128 26
228 128 27
231 128 31
234 126 32
232 126 32
230 130 36
232 128 32
231 130 28
229 126 24
229 122 21
231 122 21
235 120 19
233 120 17
237 117 15
236 121 19
240 117 21
243 121 24
246 119 24
245 117 22
247 117 25
247 115 29
244 118 25
242 117 29
244 115 30
244 113 31
245 109 30
247 105 31
248 107 33
246 108 32
248 107 31
252 111 31
249 115 29
251 118 26
255 122 29
255 125 30
255 125 33
255 124 32
251 120 35
249 116 31
251 119 32
247 123 36
248 127 38
251 124 37
247 120 35
247 119 34
244 122 32
246 123 31
247 125 27
245 127 26
244 130 29
248 133 25
247 131 28
249 134 28
245 133 24
241 134 28
239 131 30
239 134 28
243 131 24
241 133 26
237 134 26
233 138 24
232 136 22
231 137 25
232 138 21
234 136 17
233 140 15
233 139 12
232 142 8
232 141 5
231 142 9
230 140 6
226 138 5
230 139 1
229 143 2
232 143 5
232 147 5
231 143 6
227 141 3
231 142 2
227 143 5
228 139 3
230 143 0
226 143 2
223 146 3
226 146 2
226 144 1
227 145 1
227 145 5
228 147 8
231 145 12
234 144 8
231 144 5
232 142 7
234 142 10
238 142 9
240 142 8
242 145 11
244 148 15
247 144 17
250 147 18
246 146 16
245 148 14
246 152 18
242 156 15
244 155 14
243 155 15
239 153 16
243 156 13
239 157 14
240 160 10
244 162 12
241 158 15
238 159 16
241 163 15
240 166 11
239 167 8
243 168 4
246 172 1
249 172 2
250 168 2
252 171 5
253 170 9
254 173 6
252 173 8
248 173 7
245 177 10
243 173 7
243 175 9
245 178 12
245 181 10
249 183 13
245 186 13
247 189 12
247 193 9
248 192 6
250 196 5
252 199 1
251 198 0
248 194 4
245 198 4
245 200 6
242 197 6
246 200 3
249 200 2
247 196 4
247 198 7
244 199 6
243 201 8
243 201 10
241 201 10
245 201 8
241 200 9
244 202 6
240 201 4
240 202 2
240 199 0
241 196 4
244 199 8
243 196 8
246 195 6
246 191 2
250 191 0
248 191 3
252 195 0
255 192 2
251 190 5
254 187 8
256 186 7
254 183 9
258 179 9
260 180 7
260 181 8
260 180 4
259 176 1
259 174 2
257 174 4
255 178 8
256 179 11
256 178 13
259 176 11
257 176 15
257 173 14
255 175 14
259 175 14
262 173 14
264 172 13
261 170 10
258 169 7
258 173 8
257 170 5
256 170 8
255 173 6
257 175 3
260 175 7
263 176 7
260 173 11
257 177 12
254 179 16
253 179 19
255 175 16
258 171 12
259 167 10
262 166 7
261 168 5
258 164 4
262 168 1
262 169 5
266 166 5
269 170 3
267 170 0
263 169 2
266 169 0
262 166 2
261 163 2
261 159 1
259 162 1
255 164 1
255 168 3
252 171 6
253 174 10
255 172 14
254 170 13
253 171 11
249 167 9
245 167 5
244 171 8
240 168 8
243 164 7
241 168 7
241 170 6
242 173 6
243 173 7
244 171 8
242 167 4
240 169 3
236 167 4
233 164 1
230 168 2
234 171 2
230 173 4
230 172 4
229 169 8
232 172 7
233 168 7
232 166 9
236 162 9
234 164 10
237 163 8
237 166 12
237 164 14
235 162 10
233 162 6
236 158 10
239 154 12
243 153 9
245 156 12
247 159 14
249 161 13
252 162 13
250 163 11
253 160 12
251 157 13
250 155 11
250 157 9
248 156 8
246 155 11
245 151 10
246 150 14
245 150 11
248 151 8
245 149 11
245 152 8
244 156 10
240 158 7
236 161 6
234 164 2
238 162 5
234 166 5
238 162 5
235 163 7
232 163 4
230 165 7
229 169 9
230 165 9
230 165 9
232 162 5
228 162 7
225 158 7
227 156 7
229 159 5
232 155 9
230 154 12
232 156 15
231 156 14
230 152 14
227 154 17
227 156 18
225 153 20
229 153 20
227 151 18
225 151 19
223 153 23
223 154 27
227 157 28
223 158 31
224 161 32
223 157 36
225 156 38
221 155 42
224 154 40
225 157 40
226 159 41
229 159 38
228 155 38
227 155 39
229 154 43
230 150 47
231 147 43
227 149 39
223 153 37
221 155 39
223 158 38
222 154 39
226 155 38
227 157 41
228 157 40
229 155 38
228 153 41
227 150 37
225 146 40
226 142 36
227 143 33
231 142 37
229 140 41
227 142 37
230 146 38
228 143 42
231 145 46
231 142 49
230 139 52
231 143 53
235 140 55
239 136 51
239 137 48
235 139 49
237 136 45
238 137 42
235 141 43
236 143 44
235 144 43
239 145 47
243 148 48
243 151 48
246 150 48
250 151 51
254 152 54
250 155 56
250 157 57
246 161 54
243 159 56
239 163 59
240 160 57
236 158 56
237 158 60
236 158 58
239 154 54
236 151 54
237 147 53
238 144 56
240 147 60
242 150 59
245 149 58
247 151 61
249 153 58
251 149 55
253 149 58
254 150 56
257 152 55
257 150 57
255 149 55
257 152 51
260 150 52
256 153 50
254 154 46
254 153 46
253 153 42
252 149 40
252 148 40
256 149 40
259 145 37
258 145 36
258 143 39
255 145 41
257 143 39
255 141 37
256 138 40
254 138 38
255 136 37
257 133 37
258 131 41
262 132 39
263 130 43
267 134 42
267 134 43
264 138 47
261 135 45
257 135 45
260 137 43
257 141 45
255 143 47
255 140 50
253 141 52
249 145 48
253 142 44
254 143 41
257 143 44
256 142 45
256 146 45
252 146 41
251 150 40
247 150 44
243 146 40
241 143 37
241 147 41
238 151 37
241 153 36
245 156 40
247 154 42
248 157 42
249 159 40
250 156 43
247 153 47
249 156 45
251 157 47
248 158 49
246 160 47
247 158 46
245 157 50
245 159 46
247 161 43
250 160 45
253 164 43
253 160 43
250 160 39
249 158 39
253 159 40
254 162 39
256 162 40
254 158 38
250 162 34
249 159 32
250 155 31
246 158 29
249 156 30
247 153 34
244 157 30
240 161 26
240 164 25
243 165 29
243 163 26
241 164 27
242 166 28
239 165 26
242 163 29
243 165 31
241 161 33
244 158 32
247 162 30
249 158 29
247 158 25
246 161 25
249 160 22
252 157 26
254 161 25
254 157 24
257 153 22
260 157 19
256 159 23
252 160 19
250 157 16
246 154 14
243 156 14
245 154 17
241 152 19
240 151 21
243 154 23
242 151 23
242 151 22
241 150 20
239 151 17
238 148 20
238 145 21
242 145 17
242 148 16
240 147 15
242 147 12
246 143 14
243 145 14
241 149 13
237 152 11
241 150 7
239 152 5
235 156 1
236 156 4
233 152 3
232 151 5
228 153 8
224 154 10
225 150 9
224 150 5
