51 36 26
54 40 30
56 42 31
52 44 30
56 42 34
53 42 30
57 43 26
56 47 24
54 51 28
52 49 26
52 46 27
55 46 23
53 42 27
51 46 24
50 42 28
52 39 25
51 40 26
55 41 26
58 40 30
59 44 31
58 42 30
59 41 30
57 38 26
57 36 26
60 34 22
59 38 22
61 34 22
62 34 24
62 34 21
60 33 17
56 34 19
54 33 20
52 34 16
48 31 15
48 29 17
44 27 15
42 23 14
42 20 16
42 21 12
45 25 14
45 23 16
42 22 18
38 25 17
38 26 21
34 27 22
33 28 24
33 30 24
32 27 20
31 24 23
34 28 27
36 24 23
37 27 22
40 29 25
39 27 28
41 27 29
37 25 32
37 23 31
39 24 32
36 27 34
37 28 33
40 28 36
44 32 39
47 29 41
48 25 38
46 27 41
42 25 41
44 22 39
42 22 37
38 21 38
41 24 37
39 26 33
41 22 30
41 22 32
38 18 32
36 15 30
36 17 33
38 19 37
40 19 37
38 21 41
39 17 42
38 21 43
35 19 40
34 20 43
35 22 40
32 21 36
28 21 34
29 20 35
25 21 33
29 23 35
29 23 36
33 24 36
30 21 37
27 24 36
28 27 32
24 28 33
22 28 31
19 32 35
16 31 37
15 31 39
15 29 39
14 26 36
16 25 38
15 24 38
14 23 37
15 19 34
15 18 35
19 20 33
20 19 34
23 19 34
21 21 31
21 17 30
24 15 32
24 19 36
24 22 37
23 19 33
22 23 30
25 23 32
23 24 31
23 23 28
24 22 31
21 26 34
21 27 38
20 28 42
24 31 44
20 33 47
17 32 46
15 31 50
19 28 49
20 31 52
19 35 56
17 35 57
21 33 56
21 33 52
22 31 49
22 29 46
24 25 47
28 27 51
24 27 47
28 26 45
32 29 42
30 26 39
27 22 41
29 19 42
25 18 43
24 17 45
20 15 45
20 18 45
19 18 41
22 15 42
19 12 46
19 8 48
17 9 51
21 10 52
19 14 50
22 10 46
26 6 47
26 8 47
27 7 50
24 7 49
23 7 51
25 11 51
24 15 53
24 11 49
27 15 52
24 13 55
24 13 59
28 10 59
26 10 57
25 7 61
28 4 61
25 6 59
27 9 62
26 10 64
22 8 67
21 5 63
18 1 60
15 2 59
14 5 62
12 7 63
13 3 63
11 2 65
13 5 63
15 1 66
13 2 66
9 0 69
10 2 70
9 2 73
11 2 74
12 6 70
10 2 66
8 1 67
7 2 68
4 0 65
4 0 62
7 2 60
9 2 60
11 3 61
8 3 58
9 0 55
5 0 56
6 2 52
8 2 51
11 0 53
11 2 50
7 2 47
9 2 45
6 6 43
3 4 39
3 8 41
2 11 41
3 15 43
7 12 39
5 12 36
3 13 39
1 15 41
0 17 40
2 16 36
3 20 33
5 17 34
9 17 32
5 15 31
9 16 29
5 16 27
9 16 31
6 14 32
8 16 35
6 16 33
6 13 33
3 14 37
7 18 40
6 17 40
7 13 39
11 17 37
7 17 34
5 17 38
7 13 41
4 16 39
0 16 38
2 15 40
6 12 39
9 8 42
13 12 43
15 10 41
12 12 43
14 9 44
15 12 44
17 11 45
19 12 41
16 15 42
15 13 44
15 13 42
11 9 42
9 6 45
6 2 48
4 2 45
5 5 44
7 4 43
4 7 39
4 8 40
7 12 42
11 11 44
7 7 40
9 9 44
6 7 42
9 5 40
8 1 43
9 0 40
13 0 44
16 0 43
16 2 45
15 1 41
13 2 44
11 3 41
9 2 41
5 2 40
5 1 43
5 2 40
5 2 37
2 2 37
6 5 41
9 9 44
6 10 48
8 11 45
9 8 42
13 8 46
13 7 48
16 10 47
16 14 46
20 16 45
22 17 42
25 14 38
23 17 36
25 19 35
28 18 31
31 17 30
29 17 30
30 16 32
26 19 35
25 23 38
27 21 40
27 25 38
31 27 36
30 24 32
26 23 34
24 23 32
27 19 32
29 15 32
33 17 35
32 16 38
36 17 38
35 15 36
31 18 37
28 17 40
30 18 37
32 16 34
28 14 37
26 13 35
26 10 38
24 8 39
21 10 42
21 7 44
24 5 41
28 5 39
28 8 37
30 9 33
29 13 35
33 11 34
37 8 30
34 10 31
33 14 35
35 11 38
36 10 38
40 14 42
41 10 45
43 12 47
44 11 50
43 7 46
46 6 44
49 6 43
52 6 46
51 6 48
54 9 47
57 12 50
59 12 52
62 9 56
64 5 56
63 2 57
65 2 57
65 2 54
68 2 57
64 3 60
61 7 64
57 3 67
61 7 69
61 9 71
63 5 71
59 4 70
58 1 66
57 3 66
57 3 70
60 2 67
62 2 69
65 5 66
66 4 68
69 8 69
71 9 68
70 9 71
72 13 73
69 13 69
68 9 67
72 11 63
69 14 63
65 17 67
66 18 71
70 22 69
69 18 71
65 15 70
66 15 71
64 17 74
66 20 76
70 16 77
71 20 76
68 23 76
69 27 77
70 31 73
73 33 74
76 34 75
72 35 73
70 31 73
69 31 70
70 35 71
70 36 68
69 33 70
65 35 72
68 37 72
69 36 73
72 37 76
72 40 78
68 39 74
71 41 75
73 43 78
73 40 75
72 43 78
72 45 82
76 48 86
78 44 86
78 41 88
76 40 92
76 44 88
74 45 85
78 44 85
75 42 88
74 39 84
75 37 87
75 41 83
74 38 85
78 34 82
77 37 85
77 39 83
81 41 84
83 43 82
79 45 86
75 42 87
75 45 84
76 44 86
74 43 87
76 46 86
72 48 87
70 45 85
70 49 88
67 46 84
67 49 85
71 47 88
71 51 90
71 55 91
68 51 94
64 51 90
63 47 86
59 50 85
62 52 88
65 52 88
67 55 91
63 59 88
67 60 92
63 56 96
63 57 96
64 53 100
62 50 100
59 54 103
57 52 101
55 50 102
58 54 100
54 54 99
58 57 97
56 53 93
59 49 93
55 53 93
53 52 89
49 50 91
50 53 95
47 50 92
44 47 88
41 48 90
41 44 89
38 42 93
36 46 94
39 45 96
41 48 94
37 52 90
33 50 92
32 54 95
36 54 99
36 52 95
39 49 95
37 49 99
33 53 97
35 54 98
33 52 96
33 56 98
33 59 102
31 57 99
27 55 103
27 51 106
24 53 105
23 51 109
23 48 111
27 46 109
24 43 106
21 39 102
21 36 98
20 37 102
24 36 101
20 36 99
24 38 101
21 40 100
18 42 99
19 38 97
15 42 101
14 45 98
13 41 96
9 37 98
11 40 99
12 44 96
13 40 95
15 42 98
19 44 96
20 46 92
17 47 96
19 47 100
15 51 99
18 49 102
19 48 102
23 44 102
24 40 100
23 36 102
22 34 104
25 37 100
28 35 100
26 31 100
27 32 103
29 36 104
33 33 105
35 31 101
39 31 102
37 33 102
33 33 104
35 34 103
39 31 99
42 29 103
38 31 100
42 27 104
41 28 103
40 27 107
38 29 103
41 26 102
40 30 99
43 32 99
41 29 101
42 30 105
38 32 101
37 28 103
39 27 101
42 30 105
40 34 108
37 34 109
34 31 113
31 28 109
28 25 111
32 28 111
36 31 115
36 34 112
35 33 112
38 32 108
38 28 109
40 30 112
36 26 111
34 26 110
35 22 108
31 24 111
29 27 114
25 27 114
23 28 115
20 28 114
22 26 110
21 27 108
22 30 106
23 29 110
20 26 114
23 23 112
25 19 113
28 16 111
26 17 108
24 14 105
23 10 102
23 14 103
21 14 107
18 16 104
15 20 104
15 18 107
14 17 104
16 18 100
17 21 96
17 17 97
16 19 101
13 23 102
11 27 98
7 26 101
9 23 100
7 21 103
8 17 106
10 13 107
12 10 109
11 9 111
13 7 110
17 6 111
13 5 115
9 8 113
12 8 110
14 4 113
16 0 110
17 4 113
16 0 109
12 1 110
16 0 111
15 1 115
18 0 113
16 0 114
16 2 115
16 6 112
18 6 116
19 5 115
20 4 112
20 8 115
16 5 113
12 4 117
14 1 114
12 0 111
11 3 115
8 5 117
8 5 114
5 8 118
6 9 116
9 8 119
13 11 116
10 7 114
14 7 113
14 6 113
16 4 111
19 1 109
15 3 109
11 6 108
15 4 105
13 5 108
17 1 108
16 4 111
16 6 113
12 8 113
14 10 111
12 7 111
13 3 108
15 1 108
19 1 109
22 2 113
21 2 116
19 2 114
23 4 118
22 5 116
19 2 118
17 5 121
18 5 120
20 5 117
22 3 120
26 3 118
30 7 116
33 5 112
37 2 116
37 2 115
36 2 112
37 1 108
33 1 108
36 2 111
34 2 115
32 0 117
34 2 116
30 2 112
28 5 115
32 6 114
33 2 116
30 1 117
32 4 117
28 1 117
31 3 119
27 6 115
24 10 112
27 13 110
28 17 108
25 14 110
28 14 111
32 16 115
31 14 119
32 13 120
36 11 124
36 11 128
34 14 130
31 16 134
35 19 136
31 23 134
34 22 132
38 25 134
36 21 132
36 20 130
34 23 134
31 22 133
31 25 134
35 23 137
37 19 135
39 15 131
35 14 132
37 16 128
38 16 132
38 18 133
39 16 132
35 12 133
35 14 131
39 16 135
42 16 135
38 17 135
38 20 137
36 17 136
33 13 135
35 12 131
36 9 134
40 12 131
44 8 133
48 9 136
48 8 139
45 10 142
49 6 140
52 9 144
56 7 146
60 11 150
62 15 146
64 13 150
60 15 152
62 14 154
59 17 154
58 13 155
58 17 154
56 18 156
56 16 158
57 12 160
60 13 159
63 14 155
59 11 152
61 13 149
64 12 150
61 9 149
62 5 145
66 1 145
68 2 147
70 2 151
67 5 150
68 7 151
71 11 153
69 9 156
65 11 158
61 7 161
59 4 165
59 4 163
59 4 164
56 8 165
58 11 167
59 15 168
59 14 166
63 16 163
65 13 160
67 17 161
68 13 164
67 11 160
67 7 161
66 7 160
63 6 161
60 8 164
63 12 165
63 11 169
60 12 169
62 9 168
59 10 165
56 9 163
52 9 167
56 11 164
57 10 168
54 7 164
50 3 160
53 7 161
52 5 164
48 8 165
46 12 166
43 13 168
40 11 169
36 14 172
39 11 175
42 8 177
40 7 178
43 10 178
41 9 180
44 10 179
48 12 177
46 13 181
44 14 184
40 13 182
40 14 185
37 14 189
34 15 187
38 11 190
34 10 194
38 14 193
36 17 189
34 18 185
34 16 183
36 19 182
32 22 180
29 26 176
29 26 179
33 29 181
31 27 180
30 25 177
30 21 173
27 18 176
30 19 175
29 16 177
28 16 178
24 13 177
26 10 181
27 14 179
28 10 178
30 14 175
30 17 177
29 18 175
30 17 172
32 14 173
29 11 173
29 11 177
30 12 180
29 10 179
26 6 178
23 7 182
20 4 178
22 3 179
19 5 178
20 3 182
22 0 184
21 2 183
19 6 186
18 8 188
14 10 185
14 11 183
12 7 181
14 5 179
15 7 177
12 10 178
11 14 178
10 10 180
10 6 182
14 3 184
12 2 184
8 5 188
9 2 192
12 1 192
11 5 194
12 5 198
10 4 202
11 1 200
7 1 198
10 2 196
10 5 200
6 5 204
9 5 206
12 3 206
8 7 202
8 11 199
4 15 200
5 12 204
4 13 200
2 14 197
1 16 198
5 16 197
1 19 199
3 21 200
2 21 203
3 20 201
2 23 203
2 22 202
4 24 203
3 26 203
1 25 200
4 22 200
8 25 196
5 24 197
5 22 195
7 23 196
9 24 200
13 25 204
11 22 208
8 22 212
11 20 212
9 23 216
13 22 217
16 25 219
13 25 222
11 24 224
12 25 220
12 25 222
12 27 219
16 23 216
13 22 213
16 19 215
13 16 213
15 13 210
12 15 213
11 12 209
7 16 211
4 13 211
4 11 213
4 15 214
4 15 217
5 11 221
9 9 218
6 10 219
2 14 217
6 14 221
7 13 219
10 12 219
7 14 220
8 11 218
8 8 215
12 6 211
12 3 215
15 3 219
13 2 219
9 6 217
9 4 218
7 3 218
10 1 214
7 2 215
6 2 214
2 2 213
2 5 209
5 2 210
5 3 214
5 1 214
1 3 213
0 2 211
4 4 210
2 0 211
3 2 212
0 0 209
2 2 211
1 2 209
2 2 212
0 2 209
1 0 207
2 0 207
2 2 203
1 6 206
5 9 202
5 12 201
5 14 197
8 16 200
10 15 199
6 15 197
3 15 193
4 11 190
5 11 188
7 12 189
3 11 190
3 15 193
5 17 192
8 19 195
11 20 195
7 23 195
4 26 196
5 22 198
6 25 197
9 22 199
5 19 203
6 16 202
2 14 200
3 15 203
3 16 200
6 12 202
9 15 203
11 16 203
15 14 199
16 14 202
17 11 200
14 12 199
14 11 195
16 15 193
19 17 193
23 15 197
22 18 200
19 14 201
15 11 201
13 13 204
17 16 201
15 15 204
11 13 206
15 9 208
13 13 204
17 16 200
18 16 198
21 19 200
24 23 201
24 22 200
27 20 196
27 24 200
27 20 204
31 17 203
27 19 205
30 23 201
26 24 201
29 27 204
28 31 200
31 35 202
33 38 205
36 42 204
38 39 208
35 42 209
33 38 210
34 39 208
37 35 211
34 35 212
36 38 213
40 41 217
39 38 219
39 39 219
40 38 216
38 35 220
36 32 222
39 33 219
42 33 217
45 35 214
41 32 217
37 28 221
40 29 218
42 26 220
46 27 222
48 29 221
46 25 222
47 26 218
43 22 220
39 20 222
37 17 221
37 21 222
33 22 224
37 25 221
38 28 222
36 29 224
36 26 224
37 23 222
39 21 225
40 20 221
37 18 223
40 22 227
44 18 223
48 19 227
46 18 227
48 15 230
49 18 231
47 22 230
43 18 230
39 17 232
40 19 229
36 15 225
38 12 222
38 12 222
42 11 219
44 10 223
44 10 224
44 12 228
44 15 225
43 19 224
41 15 227
44 18 229
48 22 229
49 20 232
53 16 231
50 19 229
53 22 225
55 18 221
53 20 225
53 19 223
56 15 223
58 17 227
60 20 224
62 18 227
62 15 225
61 12 221
63 13 224
60 11 223
58 12 221
62 10 222
66 14 219
62 13 223
61 14 219
57 15 222
54 13 218
56 16 222
52 12 222
53 12 220
57 13 220
56 14 218
60 12 215
61 10 212
60 8 215
63 9 219
65 7 217
68 7 214
71 5 214
72 3 217
72 1 213
73 3 209
77 2 211
75 2 207
78 1 209
80 4 208
80 3 211
81 5 210
78 8 206
77 10 203
80 7 202
84 7 206
80 4 206
77 0 203
74 2 200
75 5 200
73 4 203
77 2 206
79 5 209
83 9 210
80 10 210
76 11 213
76 13 211
80 17 208
76 18 206
73 15 202
71 18 199
67 17 197
70 13 199
72 10 196
76 11 198
75 12 198
76 12 201
73 10 205
75 14 209
77 16 212
78 14 214
74 18 211
75 21 211
78 21 207
79 18 203
80 17 202
76 13 201
75 17 205
72 20 208
71 23 209
71 25 209
73 29 212
70 33 216
72 37 215
75 39 218
73 43 218
70 44 214
67 46 215
68 43 214
68 46 218
70 47 217
71 46 219
69 46 218
68 43 217
70 40 213
74 36 216
76 35 214
77 36 212
76 35 211
76 31 214
75 30 212
76 31 211
77 35 211
78 34 212
79 30 216
79 32 215
75 29 217
77 32 214
74 36 212
71 35 210
67 36 211
71 35 211
67 39 208
66 38 212
69 40 215
66 40 215
69 40 214
68 43 216
70 45 219
72 45 217
73 44 219
71 40 223
67 38 224
71 40 227
73 42 229
76 43 228
76 41 225
77 45 224
75 48 220
71 44 223
69 45 221
71 46 218
74 43 221
75 44 224
77 45 221
81 49 221
78 49 219
79 50 218
81 47 222
84 44 221
85 44 219
86 47 223
90 46 225
93 47 221
93 46 218
89 48 215
85 49 214
85 53 213
84 52 212
82 49 209
84 47 213
84 45 215
87 43 219
86 40 221
90 42 225
86 44 224
86 41 227
82 37 225
86 36 226
84 38 226
82 41 222
85 42 220
86 45 218
87 44 216
83 45 216
86 49 213
84 47 213
86 46 213
84 50 217
87 46 214
88 49 211
92 45 207
95 48 208
94 49 204
95 53 204
99 51 205
99 47 208
97 47 209
98 46 213
102 44 215
104 40 217
105 41 213
105 38 209
101 35 212
97 37 216
93 37 212
91 39 213
92 42 209
93 46 205
97 47 205
96 44 209
95 44 208
99 45 205
100 42 208
98 44 205
95 45 202
94 47 202
96 48 203
93 48 206
91 45 210
89 44 209
85 42 209
89 44 207
91 48 204
88 49 200
89 49 201
85 52 204
81 53 208
77 55 205
76 58 209
73 59 205
71 62 208
68 62 205
71 58 209
71 57 206
71 54 209
67 50 207
70 51 210
72 55 212
75 56 215
76 57 219
80 57 222
83 54 219
81 51 217
81 48 219
85 46 216
89 44 214
92 45 217
96 41 220
93 37 220
93 35 223
95 34 219
93 30 219
92 28 220
90 25 223
92 21 226
89 17 222
88 20 226
91 17 229
94 13 227
94 9 227
96 9 228
93 8 232
94 12 229
93 10 232
96 11 235
100 14 233
97 15 236
94 17 235
96 21 231
96 23 231
98 22 235
101 20 239
104 21 236
100 18 239
103 18 238
102 16 239
103 17 235
107 17 235
104 21 232
108 25 234
111 21 235
110 25 236
111 26 234
114 24 230
117 22 228
117 23 225
117 24 221
117 20 221
114 18 219
113 15 220
111 19 216
112 23 213
110 27 212
106 28 211
104 31 207
108 28 211
106 31 212
110 31 213
111 27 212
107 30 214
111 29 210
112 30 208
108 33 211
111 30 213
108 29 209
105 26 206
106 22 205
107 21 202
110 23 205
108 27 203
105 23 202
103 21 205
100 22 207
98 18 211
95 17 213
94 14 210
93 18 207
93 18 208
91 14 209
88 17 213
90 21 215
86 18 218
88 16 216
87 20 216
88 22 219
89 23 222
88 22 226
89 18 223
88 22 226
91 18 224
89 14 227
88 13 225
91 12 221
87 12 221
87 14 217
88 14 218
88 15 215
87 14 211
83 12 210
79 10 209
78 8 212
76 12 210
78 14 207
81 13 211
80 10 212
81 7 211
77 7 210
77 8 210
75 12 210
73 11 208
72 7 207
68 10 207
72 14 203
69 15 203
71 15 204
72 18 204
71 15 204
69 12 207
70 14 210
74 15 207
76 14 211
79 17 208
81 18 211
84 19 208
85 22 210
88 22 212
92 24 212
93 23 212
89 20 214
93 22 215
96 23 212
97 25 208
93 27 212
90 23 215
94 27 218
93 27 221
91 24 220
87 23 217
85 19 221
84 18 222
88 18 226
86 17 226
88 14 230
86 12 226
86 13 223
88 14 219
89 14 215
85 10 213
87 6 212
90 9 213
86 5 209
87 6 208
84 4 206
84 0 202
84 2 205
82 0 208
84 2 212
82 5 208
84 2 212
84 2 214
87 1 214
91 3 211
93 2 209
95 2 205
93 3 201
91 7 202
91 6 198
89 7 202
90 5 198
94 4 197
92 2 196
88 5 197
88 7 201
92 6 200
90 9 197
88 12 193
88 13 192
88 9 194
89 6 192
89 2 196
90 3 192
93 7 191
97 11 188
101 10 184
100 9 185
102 9 183
102 8 184
98 6 182
97 7 181
100 4 178
104 4 182
102 3 179
99 2 179
98 2 179
95 1 177
98 1 174
96 0 171
93 3 172
94 2 172
93 4 174
97 0 172
96 2 170
100 6 168
101 5 166
102 1 166
100 2 166
99 2 165
97 1 166
93 2 162
96 1 160
97 3 159
100 2 161
97 4 163
97 7 164
96 11 160
95 14 162
98 13 163
100 17 159
100 18 158
101 14 161
97 12 159
97 13 159
93 17 160
90 14 163
90 12 167
94 8 163
95 6 162
97 9 162
98 13 162
97 9 160
93 6 157
97 4 156
93 0 154
95 3 158
92 5 159
92 5 157
94 6 160
94 3 162
98 0 164
100 2 164
96 5 162
97 9 165
96 13 167
100 10 169
101 11 169
98 7 172
97 6 173
98 6 169
94 6 169
90 4 172
94 6 170
96 4 166
99 2 166
96 2 164
100 1 161
102 2 160
101 2 159
97 5 155
101 1 157
102 2 153
100 6 155
102 7 158
99 4 161
102 8 158
99 12 160
100 12 163
104 11 166
107 12 164
105 11 166
109 9 168
113 12 165
116 13 162
114 13 166
113 16 164
109 17 163
109 19 162
107 23 164
107 26 160
103 30 163
105 31 166
107 34 162
104 33 158
106 31 162
108 32 165
112 30 162
114 31 158
112 34 161
109 35 157
108 38 153
105 39 149
108 42 148
108 40 149
110 42 148
114 44 151
117 40 149
121 37 145
117 38 142
117 39 139
117 42 137
113 39 140
113 42 141
112 40 138
115 39 138
113 42 136
112 41 136
108 39 134
108 35 138
106 34 138
103 32 134
105 34 134
107 33 133
106 33 130
102 31 134
101 29 135
102 33 138
105 31 136
107 30 132
108 32 133
108 36 131
112 34 132
111 31 134
112 32 132
110 34 130
112 32 127
113 31 126
117 35 124
114 31 120
116 31 116
114 34 120
115 31 116
119 30 116
116 26 113
115 29 110
116 33 106
119 31 108
116 34 111
115 34 110
119 31 106
117 27 110
113 25 111
113 22 107
117 22 104
113 24 103
114 23 107
115 22 105
117 21 106
116 22 106
120 24 105
123 22 109
121 19 110
121 20 110
117 17 107
121 17 109
117 15 107
117 14 106
116 13 109
120 17 112
122 14 116
118 10 114
119 13 110
123 9 114
120 10 118
122 8 122
118 8 120
121 9 121
118 7 122
115 6 121
118 8 124
122 8 128
122 5 124
120 3 123
119 2 120
117 3 117
116 3 114
117 5 117
115 8 121
114 9 119
115 13 117
112 14 121
108 12 119
107 8 121
110 5 122
114 9 122
110 10 120
107 6 124
104 2 122
103 0 118
101 1 118
97 4 120
97 2 116
94 6 113
92 8 112
89 9 108
88 5 106
90 7 106
92 10 104
91 8 107
89 5 109
85 8 110
81 7 110
78 3 106
82 3 102
85 6 103
88 2 107
90 2 111
88 2 109
86 2 109
89 1 113
92 1 110
91 2 106
88 2 102
85 0 98
87 2 101
90 0 97
90 3 97
90 4 96
91 4 97
89 5 99
90 4 98
92 8 98
88 5 96
92 8 95
96 8 94
93 11 90
92 14 87
96 15 86
95 16 86
91 18 86
88 15 87
89 12 89
87 16 87
84 15 88
81 18 87
85 15 88
86 13 92
89 17 93
90 15 97
89 19 93
86 19 92
87 18 95
91 17 97
89 15 96
87 18 95
86 20 96
83 24 94
81 21 91
78 24 89
74 22 93
77 23 96
77 21 93
80 24 96
84 28 97
85 25 96
87 22 96
87 21 98
84 23 100
81 23 98
82 26 102
78 22 100
82 25 103
79 28 104
81 32 107
82 28 103
81 32 104
81 29 101
84 27 100
82 25 99
82 21 99
83 22 103
87 21 100
91 23 100
87 19 101
88 20 101
88 24 104
84 23 102
84 26 103
84 29 105
87 27 106
85 25 108
81 23 112
83 27 116
86 27 117
85 27 114
84 24 112
81 23 115
80 20 119
84 22 119
85 19 118
89 17 119
88 19 116
88 17 112
85 17 111
88 17 110
91 21 112
87 22 112
84 21 111
82 25 112
80 24 110
82 23 111
84 24 111
85 23 110
86 20 110
83 21 110
83 19 111
80 22 111
78 19 108
74 16 104
75 14 108
75 14 107
71 11 104
75 12 102
79 10 104
81 13 105
82 12 108
80 14 104
83 10 101
82 6 105
82 6 104
83 5 105
83 3 107
83 3 104
87 1 104
91 3 105
95 6 101
95 9 105
92 7 103
96 6 102
99 7 98
101 9 99
101 10 98
105 10 99
106 11 101
103 7 104
103 4 101
106 2 105
103 3 103
101 3 106
105 6 102
103 6 98
106 10 95
109 14 93
113 14 91
113 10 88
116 6 86
119 4 85
119 6 81
118 7 84
114 3 85
116 3 87
115 7 90
117 4 90
119 0 87
117 2 83
116 5 83
120 9 83
120 6 85
118 6 86
120 2 90
121 2 88
118 6 92
116 9 94
113 10 95
117 12 92
114 14 95
115 13 95
119 14 92
123 11 95
126 11 98
129 7 100
125 6 96
129 9 100
131 13 104
128 15 100
132 16 97
136 13 101
133 15 101
131 14 101
135 18 102
138 16 99
142 16 98
142 18 101
146 20 103
144 18 101
145 20 101
146 18 104
147 19 102
145 17 99
147 13 98
149 11 95
151 7 97
153 10 96
154 12 100
152 9 102
150 10 106
153 9 108
151 7 106
150 7 110
151 3 114
149 1 111
151 5 112
154 3 115
157 4 116
161 7 119
163 5 118
160 8 117
164 9 115
166 7 113
169 4 117
172 4 121
169 7 118
168 8 116
165 4 116
165 6 117
169 6 114
168 6 115
168 4 116
171 6 115
171 5 116
173 2 120
177 2 118
176 1 117
177 5 121
181 6 125
178 9 126
175 11 129
178 12 131
182 11 131
179 7 133
179 5 131
177 1 129
180 2 132
177 2 128
175 5 131
177 9 131
174 13 129
175 10 131
174 6 128
174 4 126
175 8 122
178 7 125
174 3 127
175 0 130
175 2 126
171 0 122
174 2 118
174 6 117
170 3 117
173 5 120
172 6 123
170 2 126
170 4 123
167 0 121
163 4 125
160 5 123
164 6 120
160 2 124
158 2 126
157 6 128
153 5 130
150 1 131
147 2 128
150 2 126
147 0 123
147 4 123
144 7 123
143 11 127
147 8 127
147 4 131
149 3 127
153 1 124
157 5 124
158 4 127
158 6 126
162 3 123
165 2 122
163 3 121
164 5 121
160 5 119
163 3 117
166 6 118
168 3 118
166 0 119
170 2 119
168 1 117
164 2 117
168 4 117
170 0 116
172 0 116
176 4 113
174 6 115
176 8 118
176 6 115
174 8 114
170 5 114
168 4 112
167 7 116
164 7 119
162 8 122
165 9 123
165 9 122
161 6 124
159 9 124
159 12 125
157 14 123
157 18 127
153 14 130
151 11 132
151 10 129
150 9 126
148 6 129
151 3 129
154 0 127
154 2 125
155 6 124
157 10 125
155 11 123
151 10 122
150 12 122
153 13 123
150 12 121
153 15 117
156 13 119
152 16 120
154 14 118
151 15 118
148 15 122
148 11 120
152 14 120
149 16 124
152 19 126
149 23 128
151 27 125
151 26 126
151 30 122
150 30 123
146 29 124
146 29 121
143 31 120
140 30 116
139 33 117
140 32 113
139 29 113
136 31 117
135 32 113
138 30 116
141 32 116
143 32 119
139 32 123
140 32 121
137 28 125
138 28 125
137 32 127
141 34 131
143 38 135
140 36 136
136 40 134
138 36 131
138 39 132
142 35 132
140 38 132
140 41 131
140 41 130
140 39 133
137 43 133
134 46 129
132 42 126
133 42 126
135 46 126
139 49 128
139 48 132
137 49 136
135 45 137
138 48 138
138 46 140
136 45 143
137 45 143
135 45 139
135 47 138
139 48 139
138 51 142
137 48 138
138 46 138
137 45 137
135 48 134
132 48 134
131 51 134
134 49 130
138 46 131
140 44 129
143 40 128
146 42 132
149 42 136
149 42 136
146 44 132
145 40 134
142 41 130
142 41 129
142 41 133
139 44 129
136 43 125
133 39 124
136 36 121
138 35 121
142 36 120
143 35 116
141 33 112
139 36 114
137 32 111
134 28 112
136 26 111
132 24 108
135 22 110
133 20 106
130 21 104
131 19 101
135 17 97
134 19 95
134 19 93
136 21 92
139 18 89
139 18 90
142 16 87
143 19 89
143 15 90
142 17 91
144 14 90
148 15 90
151 16 89
152 19 89
149 16 88
152 14 84
148 12 87
152 10 88
154 12 84
158 8 86
157 10 85
155 14 88
151 14 87
153 17 89
157 14 90
155 15 93
157 16 92
160 19 93
157 15 90
154 15 93
152 13 92
153 13 92
153 13 96
155 17 97
153 17 97
156 16 95
152 19 99
148 19 97
151 18 98
152 15 96
148 16 96
147 14 93
148 10 89
150 14 85
151 14 85
150 10 81
154 6 80
150 7 83
149 3 81
153 1 79
151 4 82
151 6 85
149 6 83
145 7 82
141 10 79
145 13 82
146 17 81
142 21 84
139 22 87
137 21 88
138 21 90
142 18 93
139 17 96
142 13 94
139 14 91
141 11 88
138 7 90
134 5 89
132 5 89
136 6 93
135 7 91
134 5 87
136 4 89
136 7 87
136 7 87
137 7 84
137 4 82
141 4 79
143 2 80
147 4 77
151 1 75
147 2 79
145 5 83
144 4 87
146 4 85
145 7 86
143 11 86
139 11 88
143 9 87
139 13 88
140 10 86
141 11 86
141 13 82
144 9 78
143 9 77
144 10 74
140 13 71
141 16 69
141 17 70
138 16 67
138 16 65
142 20 68
145 23 69
147 26 71
148 29 75
149 26 77
151 27 80
147 25 77
143 25 80
146 27 80
147 28 78
147 24 75
146 21 76
145 25 77
143 27 74
139 28 78
136 24 82
139 20 78
142 24 74
139 20 71
141 18 71
140 20 67
139 20 71
138 18 72
142 22 75
141 19 76
141 22 79
144 19 79
143 23 75
142 25 75
141 24 77
142 25 76
141 23 79
142 23 80
141 23 81
145 22 78
148 21 81
145 18 83
146 18 86
149 15 88
147 11 89
145 12 89
148 15 87
145 13 88
141 15 88
139 14 85
140 18 82
142 16 79
144 16 83
147 16 82
150 18 82
152 16 86
153 14 88
157 15 84
156 17 86
155 17 84
156 20 85
159 18 84
160 15 82
156 18 86
155 22 89
152 19 88
155 20 88
156 19 84
156 18 80
152 15 76
151 17 75
154 16 79
157 18 78
157 18 76
161 17 79
159 15 79
158 14 75
154 10 75
155 11 72
155 11 69
159 13 66
161 14 69
162 16 65
158 20 64
159 20 66
161 19 67
159 20 69
162 16 71
162 18 72
160 19 70
159 15 71
160 14 68
159 11 67
158 13 70
154 13 66
157 13 69
160 11 72
162 12 76
161 14 75
164 13 71
161 15 69
162 15 70
161 19 66
160 23 62
163 25 66
161 27 66
160 29 67
161 32 70
163 36 68
167 35 66
163 38 68
167 37 66
169 37 69
173 34 65
175 37 61
177 39 57
174 40 59
175 40 59
177 38 56
173 41 55
175 43 57
177 43 59
174 45 57
177 48 53
173 44 52
173 44 53
173 41 53
173 37 50
177 39 54
181 43 57
178 44 56
176 42 55
179 45 57
182 43 53
181 47 50
183 47 50
179 47 53
178 49 53
175 51 54
176 53 52
175 54 48
172 54 47
175 54 48
178 51 48
176 55 48
178 54 44
180 55 41
176 55 41
175 59 42
178 59 45
180 58 44
179 62 45
180 63 48
177 64 44
177 65 48
175 65 46
173 65 49
175 66 51
177 64 48
180 65 44
182 65 47
181 61 43
184 62 45
184 59 47
183 55 44
187 52 47
188 48 50
184 44 46
181 48 50
178 47 46
178 44 49
174 44 51
176 46 53
176 46 52
177 44 53
179 40 56
175 36 59
174 35 58
172 35 61
169 37 57
167 40 54
166 41 54
166 37 50
168 35 50
171 37 52
167 36 49
165 37 45
161 36 48
165 38 49
162 40 49
159 36 46
158 36 43
162 36 41
158 32 40
159 30 39
160 26 35
161 28 36
160 31 32
162 32 35
162 33 32
159 30 32
163 30 31
163 31 29
161 34 26
158 30 30
154 29 32
158 29 35
162 27 32
164 31 29
160 27 26
161 23 22
165 23 25
161 19 26
163 22 30
166 25 30
169 25 30
170 26 30
172 30 31
176 28 30
172 25 34
171 24 37
175 28 37
176 24 39
175 27 43
173 25 41
174 22 45
170 23 47
170 25 50
174 24 52
171 24 51
168 26 54
172 26 57
173 24 57
170 25 55
170 27 53
167 26 57
166 24 56
169 25 59
166 21 61
163 21 64
163 21 65
163 22 64
166 26 62
165 27 66
164 25 69
162 21 72
161 17 76
157 14 79
156 18 75
155 20 73
159 20 76
156 19 74
152 21 72
149 19 72
146 21 71
146 18 68
146 15 68
150 14 69
146 16 73
143 19 70
145 17 73
145 14 69
148 14 73
144 13 73
145 14 70
142 15 72
141 11 76
145 12 80
144 16 82
141 15 82
143 18 79
144 17 81
143 14 78
144 14 82
143 18 84
142 20 88
138 24 86
136 21 82
138 24 82
139 26 82
135 29 82
131 32 81
132 28 82
134 26 78
137 28 82
138 31 78
141 29 76
143 26 80
139 22 81
139 18 84
143 19 87
144 16 85
141 18 89
141 14 91
145 15 94
141 17 97
143 18 98
145 18 102
148 22 101
149 22 101
152 24 101
149 28 105
146 24 106
144 22 103
141 23 99
143 22 98
142 25 95
144 26 97
142 29 98
146 29 94
144 32 92
147 31 96
150 35 93
146 39 97
146 43 100
145 39 96
147 36 98
147 37 101
147 41 104
148 45 108
152 46 105
152 48 106
153 50 109
155 48 105
159 45 109
162 49 109
165 48 106
168 51 110
171 48 111
175 46 111
174 47 107
173 47 106
171 46 110
174 42 113
178 40 110
182 37 112
185 34 114
181 37 116
182 41 113
185 37 115
181 39 112
180 43 115
178 39 119
174 38 121
177 40 121
180 37 124
176 36 128
178 40 126
175 44 129
173 40 128
174 44 125
174 46 125
174 49 128
176 45 129
180 48 128
178 47 125
174 51 123
177 49 126
173 49 129
171 47 130
174 43 132
178 44 131
182 47 133
181 48 131
179 50 134
180 51 134
183 49 135
182 47 132
186 51 135
182 53 134
184 53 132
185 55 132
187 59 135
183 57 137
183 53 133
181 53 133
181 57 137
178 61 141
179 64 143
175 68 144
171 69 143
171 67 142
168 70 143
172 66 144
169 64 143
171 62 140
169 66 136
165 67 136
167 63 137
163 60 137
160 60 141
162 58 145
164 59 141
163 59 140
163 58 143
162 62 145
163 63 147
160 65 143
164 62 139
162 64 136
161 66 132
158 70 129
162 74 133
163 74 133
159 71 137
160 74 133
164 72 132
160 69 130
161 73 130
165 74 128
169 75 130
173 79 132
173 79 134
174 83 137
171 80 133
174 76 131
177 72 132
178 69 133
179 66 130
181 66 126
179 70 126
177 66 130
175 62 126
175 64 124
174 64 120
170 62 119
168 60 115
170 56 111
171 57 114
174 54 115
173 57 112
172 56 112
175 59 110
177 57 110
177 54 114
175 55 110
179 58 109
182 59 109
179 56 105
183 59 102
179 56 99
176 54 96
179 50 98
175 53 95
177 53 97
176 55 96
174 55 100
176 56 104
175 59 107
179 61 103
182 65 104
181 67 105
181 70 109
179 74 111
175 71 110
177 72 113
179 69 110
175 66 108
171 66 108
173 62 105
170 60 102
173 61 104
176 63 104
173 63 108
174 66 104
176 70 104
180 73 108
177 74 109
174 74 105
173 75 103
172 78 99
174 77 101
170 78 97
167 80 97
169 79 99
166 76 98
165 76 94
167 78 90
166 82 87
166 86 84
170 83 88
169 81 91
173 77 93
173 74 90
170 72 86
167 76 89
170 78 87
174 76 84
173 76 88
176 80 85
179 82 89
183 84 87
183 86 87
183 85 87
186 88 84
182 90 83
183 91 79
182 88 80
183 92 83
187 96 79
185 96 76
188 94 77
192 92 76
190 94 74
191 92 75
189 96 75
189 99 76
190 103 74
191 105 70
193 108 74
196 107 73
194 107 73
196 103 69
198 100 67
200 96 71
201 95 69
199 98 66
196 97 70
194 100 69
190 98 69
194 98 65
194 98 66
194 100 66
193 99 67
194 103 63
196 99 61
194 100 63
195 97 63
192 101 60
193 104 62
197 103 60
200 103 58
196 100 56
195 104 56
195 108 55
191 104 53
193 108 52
197 111 51
198 110 50
200 113 51
204 114 52
205 118 56
206 116 53
205 120 52
205 119 54
204 121 50
206 124 48
209 123 49
211 122 53
215 126 57
213 127 53
211 128 57
209 124 56
212 121 52
210 122 50
214 118 48
210 115 49
210 111 53
207 113 55
205 111 53
204 110 55
202 112 53
199 114 52
198 112 52
200 108 53
201 105 50
198 105 47
202 105 50
200 108 49
204 108 46
201 104 42
197 100 42
198 101 43
197 98 39
199 96 39
200 98 35
204 98 39
202 98 41
206 101 44
208 102 41
205 105 40
203 104 37
206 104 36
208 100 39
206 100 41
209 97 43
208 99 39
209 97 36
208 96 40
205 99 41
208 96 41
211 97 44
215 96 42
215 99 43
218 100 41
215 97 37
211 101 36
214 99 32
216 99 30
214 95 27
215 92 26
219 91 26
218 90 25
220 89 23
220 86 26
216 85 25
214 84 26
216 87 24
216 85 23
216 87 19
220 89 18
224 87 15
228 88 18
224 91 21
222 95 21
223 99 21
227 99 17
227 100 20
226 99 24
228 98 26
224 99 23
224 101 24
227 101 23
231 99 22
231 101 26
230 99 23
232 100 21
228 102 17
231 101 19
229 102 20
231 100 21
227 98 22
228 99 26
225 99 29
228 100 31
230 100 29
230 101 27
230 105 23
227 102 24
231 105 24
232 105 27
231 103 25
230 104 23
226 104 22
227 104 23
229 100 27
232 99 23
229 95 24
233 99 28
229 102 24
227 104 25
225 104 26
229 106 22
231 105 18
232 101 21
233 103 22
231 103 22
232 102 21
228 103 24
231 106 22
228 110 18
231 107 20
227 108 23
223 110 26
223 113 27
225 117 26
226 115 25
223 118 23
222 116 24
219 118 23
220 117 22
221 116 20
221 115 22
224 118 19
224 118 21
228 115 24
228 116 22
224 120 24
227 117 25
226 113 21
224 113 20
227 110 16
225 112 15
225 109 15
228 108 16
225 111 17
222 113 14
225 111 18
222 115 16
225 114 12
224 116 16
224 112 13
224 116 17
226 116 19
228 115 21
225 114 17
227 114 14
225 113 18
226 110 21
224 114 21
226 118 18
229 116 16
233 120 16
233 117 12
232 117 9
228 121 9
229 117 8
233 114 8
235 117 5
234 114 9
237 113 8
233 112 7
232 111 3
229 108 4
229 106 3
230 104 2
229 107 2
230 106 0
226 109 2
224 108 6
228 108 10
228 107 9
224 103 10
228 100 10
227 103 11
226 100 8
223 102 12
221 102 10
223 99 10
224 99 13
223 103 17
225 105 21
224 104 19
224 103 18
227 100 22
227 96 20
231 98 17
232 96 21
229 100 22
225 102 23
228 102 26
228 104 22
226 106 18
223 108 17
227 107 16
230 107 20
226 103 19
230 103 23
233 100 25
230 96 24
228 99 25
226 98 29
230 101 28
230 104 32
233 100 29
234 99 27
236 96 31
240 92 32
238 93 30
236 90 26
238 87 27
239 91 30
243 90 32
239 87 33
243 91 30
246 87 27
249 87 29
248 89 31
249 89 29
248 92 32
251 96 33
253 99 37
254 103 36
256 101 32
252 103 32
255 105 29
256 108 32
255 112 30
256 113 26
252 113 28
252 115 29
254 111 26
253 108 28
256 107 27
252 106 31
256 110 28
255 109 32
258 107 36
254 108 34
257 109 36
253 108 38
251 106 41
251 106 39
255 108 38
251 105 42
251 103 39
250 99 41
249 98 41
252 101 40
255 103 37
253 101 34
251 104 30
248 101 34
244 105 31
241 101 27
237 98 26
238 94 26
236 95 28
239 93 32
242 92 34
245 92 36
248 94 36
245 91 34
249 94 34
250 90 35
246 93 36
245 96 39
246 93 41
247 94 42
250 93 40
252 97 40
256 96 36
258 98 36
254 97 38
251 94 35
247 96 34
246 99 31
243 100 27
242 104 23
241 104 21
243 104 20
247 102 23
245 104 25
245 101 29
247 103 26
245 104 22
241 106 23
238 104 21
242 106 21
242 108 17
242 105 16
243 106 12
241 105 14
245 104 13
245 106 16
241 110 18
242 110 15
242 108 18
241 111 21
237 107 21
233 109 24
231 110 22
232 106 19
230 106 19
231 103 22
230 101 25
232 100 27
234 103 24
236 106 23
240 110 21
239 114 20
242 111 17
238 111 17
237 115 13
233 114 9
236 110 11
237 106 13
233 106 15
233 110 14
233 114 16
236 111 13
237 110 10
233 113 10
235 117 13
237 113 13
239 109 17
235 113 17
238 114 16
239 111 14
243 107 16
246 111 18
246 112 14
249 116 12
248 115 14
247 115 15
244 117 17
245 119 16
249 116 20
248 116 19
245 112 20
243 111 16
243 108 19
244 108 17
246 105 13
242 101 11
238 105 7
239 108 5
242 108 7
238 105 9
236 102 6
238 104 6
236 103 3
233 99 5
237 96 5
241 96 3
238 94 3
241 95 6
244 91 3
243 89 4
240 86 3
237 87 2
233 90 5
235 90 6
231 90 5
230 91 3
233 95 2
235 99 4
231 99 0
235 100 2
239 104 2
238 108 3
237 109 6
233 111 10
231 110 12
229 108 12
231 105 9
227 106 8
224 108 9
226 111 10
228 115 14
230 118 14
234 120 15
235 117 17
236 113 16
233 114 14
234 117 18
233 115 15
233 114 11
236 111 15
239 115 16
236 111 15
240 112 12
240 115 11
243 114 10
247 112 6
244 109 3
247 108 1
248 111 2
250 113 4
253 116 5
250 116 4
252 117 1
256 113 4
253 116 6
252 117 5
249 121 1
253 120 2
253 124 1
257 124 2
261 124 3
260 125 5
261 123 4
257 120 7
254 116 7
252 114 6
250 111 10
253 112 11
249 113 13
246 111 16
245 110 14
246 111 12
250 108 10
249 107 13
251 110 16
254 107 18
255 107 15
257 105 14
256 101 11
255 105 10
254 105 12
257 109 16
257 105 20
257 109 19
256 109 17
258 110 20
254 112 20
257 109 21
258 105 17
260 108 18
260 111 15
259 112 11
263 112 8
263 113 11
260 110 8
259 113 7
260 113 7
256 109 7
255 108 10
253 106 6
252 103 4
256 102 1
255 105 2
259 101 2
262 102 0
258 98 2
262 101 6
258 98 7
259 102 8
261 98 10
265 98 8
263 97 9
264 101 5
262 99 1
258 101 4
261 98 5
262 96 9
263 96 7
263 100 11
265 98 7
267 100 11
263 102 13
265 103 11
265 104 9
261 104 11
260 106 15
261 105 13
263 101 13
263 97 17
267 96 13
267 93 15
264 94 12
266 92 9
263 89 7
259 86 3
259 89 4
259 85 6
259 83 9
257 82 13
259 85 17
259 87 16
259 86 18
263 86 14
259 86 17
259 88 16
256 89 20
260 86 21
258 90 18
257 91 20
258 91 22
262 93 19
266 92 16
264 94 13
261 90 12
262 92 8
265 94 5
268 92 4
269 96 8
266 99 4
270 100 2
269 104 4
273 107 2
271 106 2
274 105 4
273 105 8
277 105 5
279 106 4
280 104 7
284 105 8
287 108 12
291 105 15
292 103 13
292 102 11
291 102 7
293 105 10
293 108 8
289 105 11
291 108 10
291 105 8
289 103 7
289 103 7
288 99 8
288 101 8
291 102 9
295 105 6
298 104 3
297 107 7
301 107 11
304 106 8
302 105 7
306 108 5
306 112 3
309 112 7
309 110 11
309 108 15
305 109 11
309 109 7
313 109 5
317 106 5
320 104 6
321 102 3
322 99 2
326 95 4
330 91 2
334 90 2
334 86 2
330 88 5
332 91 6
331 89 7
332 89 6
330 88 9
326 85 6
324 83 7
325 82 11
322 82 15
326 78 16
323 74 13
319 75 9
318 71 9
316 70 10
320 69 9
319 70 11
315 73 13
315 76 11
316 77 13
313 79 14
315 81 17
311 81 14
307 82 10
304 85 13
305 82 14
306 83 15
310 83 17
311 86 17
315 87 17
315 85 13
318 86 10
320 84 6
318 81 3
319 79 1
321 83 3
322 87 4
325 87 3
323 90 2
327 93 1
330 95 2
334 97 5
330 98 5
327 102 4
323 104 5
325 102 6
329 100 5
333 103 4
335 99 6
336 103 10
340 107 14
343 103 13
346 107 12
347 109 10
347 111 12
345 108 13
346 108 15
343 108 12
342 105 16
338 103 19
336 102 15
339 98 19
343 102 21
347 106 18
344 104 17
341 108 17
339 112 18
338 114 21
335 110 25
332 107 25
333 104 27
333 108 26
330 111 26
333 112 30
335 112 27
336 116 26
340 119 29
340 115 29
336 119 30
335 121 32
331 117 32
335 120 28
335 119 25
336 117 23
337 113 26
333 109 26
333 113 26
332 113 22
331 111 24
330 107 27
331 104 29
332 107 25
331 110 22
329 114 19
327 112 15
329 113 19
331 111 15
334 110 13
334 111 11
330 113 11
328 109 13
330 109 11
332 112 9
335 111 6
338 109 5
340 112 7
344 114 8
347 115 11
344 115 13
347 111 10
343 114 8
342 113 8
341 109 8
339 113 11
336 111 10
333 109 6
337 111 7
340 111 3
338 113 2
340 113 1
343 114 4
347 116 4
346 115 7
346 111 9
344 112 13
344 111 14
342 107 16
344 108 16
344 110 16
342 110 13
343 113 11
345 112 14
344 116 18
344 113 16
341 112 15
344 111 14
343 107 10
339 104 6
336 101 2
338 105 0
334 104 4
333 100 4
335 103 0
332 101 2
331 98 0
333 96 2
335 97 5
332 93 1
332 91 3
335 95 5
338 94 3
338 98 2
339 96 1
339 100 2
341 96 2
343 98 5
347 102 9
349 98 7
350 100 3
354 97 0
357 100 0
355 102 0
355 98 2
352 94 2
348 93 3
351 97 5
348 96 9
349 98 7
351 96 4
355 99 7
356 99 11
354 96 13
352 98 13
353 101 9
355 100 5
359 99 1
357 102 2
360 105 6
362 109 3
360 108 2
363 106 2
361 109 2
361 113 2
363 110 6
359 107 8
363 104 9
359 107 12
358 107 8
354 104 5
350 105 5
353 107 9
357 103 13
358 99 9
357 101 12
361 99 11
357 101 15
354 97 19
356 94 17
352 93 16
351 92 19
353 89 17
349 85 19
352 88 19
352 86 21
354 84 19
355 84 17
358 80 20
362 84 19
362 87 16
360 87 13
357 86 12
354 90 8
356 89 5
356 92 7
355 93 11
359 92 13
356 95 16
355 92 16
352 88 16
348 85 20
346 83 21
346 84 18
343 88 15
346 84 19
348 87 22
347 89 24
346 93 20
342 94 19
340 93 17
341 90 13
338 92 12
336 95 14
339 93 12
339 95 9
336 98 9
338 95 6
338 95 3
337 99 6
333 99 9
334 99 7
330 95 7
333 91 9
336 89 11
335 85 10
332 86 13
328 84 11
331 86 14
332 86 12
330 83 15
332 87 13
330 90 10
330 87 10
327 84 13
327 82 14
331 82 10
332 86 13
331 86 16
332 87 16
330 85 12
326 81 9
324 79 12
328 82 8
330 83 7
333 79 7
335 78 7
332 78 3
328 79 4
327 81 8
323 84 12
321 87 13
324 85 17
322 89 19
318 87 16
316 89 20
317 86 19
320 84 21
317 85 18
315 83 22
316 79 19
312 75 22
314 76 25
312 80 27
308 77 27
306 77 25
310 77 25
314 73 24
317 74 25
319 71 26
316 69 29
314 67 27
311 65 30
308 63 30
306 60 32
306 64 31
304 68 35
307 70 34
310 74 31
