27 40 50
23 39 46
24 39 46
20 40 46
19 37 46
15 39 44
14 43 48
12 40 46
12 40 50
12 38 52
14 39 49
15 43 45
16 45 44
15 47 41
13 51 45
12 54 48
12 55 45
15 51 42
11 47 42
15 45 40
19 41 42
22 44 38
25 46 41
28 45 38
25 41 42
23 37 39
20 38 41
24 37 38
21 36 41
24 39 38
20 38 39
24 39 35
28 35 38
31 31 35
34 27 37
30 28 34
33 28 32
29 32 36
28 36 36
32 33 34
29 37 35
30 34 37
33 32 40
34 28 40
38 27 41
36 29 45
35 27 43
35 27 45
37 25 48
36 24 47
36 20 48
32 21 49
35 24 45
34 24 41
33 21 41
37 21 39
35 18 38
32 19 41
31 21 44
28 23 45
29 19 43
28 15 40
28 12 36
27 13 39
23 14 38
25 17 40
24 20 40
21 16 39
21 20 41
19 18 41
18 19 45
18 15 43
16 11 40
14 9 36
11 5 38
8 6 35
5 9 35
4 9 37
1 7 34
1 3 30
2 1 28
6 1 28
4 2 24
5 0 21
7 2 21
9 2 20
5 2 21
4 4 23
0 4 19
2 1 18
2 0 21
6 2 18
4 5 20
4 3 17
1 0 13
1 0 10
4 3 13
7 6 10
10 9 11
13 9 10
17 12 11
20 12 12
23 8 16
25 4 19
24 3 19
23 2 19
27 5 22
30 4 24
29 0 20
28 2 19
30 2 18
31 2 22
28 6 20
25 4 16
27 5 20
30 4 23
30 5 19
33 7 20
29 9 18
30 11 19
28 9 16
32 5 15
36 4 16
32 6 15
31 8 18
28 7 16
24 6 17
22 3 15
23 5 14
23 4 17
25 0 14
28 2 13
27 4 9
30 8 12
34 10 15
30 14 13
28 13 16
25 9 12
25 8 10
23 6 8
24 7 11
22 6 12
23 3 15
19 2 13
22 5 14
21 5 10
21 9 7
21 9 5
19 7 2
20 3 1
18 5 5
14 5 7
14 6 11
11 9 11
15 5 15
19 4 14
23 8 14
26 8 18
29 9 17
33 5 18
30 8 14
32 6 17
29 4 17
33 1 14
37 2 12
41 0 14
40 2 18
40 6 18
40 6 14
40 7 13
38 6 16
36 5 18
38 3 19
36 0 15
37 2 14
34 2 12
32 2 9
31 6 9
27 9 12
28 7 16
26 5 18
25 9 22
27 6 19
25 9 19
28 10 20
28 10 21
29 6 20
30 6 19
31 5 20
29 5 19
31 5 16
29 4 18
29 1 14
31 3 17
28 3 18
30 5 19
27 3 19
24 1 23
24 2 25
23 0 26
26 2 27
23 2 25
25 2 27
25 6 29
28 10 25
28 11 23
32 9 25
35 9 29
32 7 30
30 5 31
34 5 29
33 8 31
36 9 33
37 6 30
38 4 28
34 3 30
35 0 28
38 0 29
41 2 31
40 2 34
41 2 36
38 2 38
41 2 38
37 3 34
39 5 35
37 3 39
41 4 40
44 2 36
41 1 39
37 5 40
33 9 36
29 13 32
32 15 32
35 17 29
37 20 33
36 24 29
32 28 27
36 24 27
34 27 26
32 30 24
36 34 21
34 33 24
32 35 22
33 36 25
31 39 22
27 41 19
24 43 18
20 46 21
18 45 24
14 48 24
16 49 20
17 47 19
16 50 15
12 53 17
10 55 20
7 57 23
5 61 26
1 65 23
2 65 23
6 61 21
6 63 17
3 59 20
6 57 21
4 54 18
4 52 14
2 51 16
6 54 14
3 55 10
5 54 11
6 54 7
4 55 8
3 54 9
2 50 10
2 51 9
1 54 11
2 50 15
1 48 17
2 48 15
2 45 18
2 42 15
2 40 18
1 40 19
2 42 23
2 43 23
2 47 23
5 51 20
8 51 19
10 53 23
11 54 27
7 57 26
10 53 28
6 54 25
9 51 24
6 47 24
3 50 23
1 54 27
3 56 23
7 54 22
10 57 23
12 57 22
13 53 23
17 52 26
18 52 22
19 51 23
19 52 27
18 50 23
14 47 21
18 47 20
18 46 20
17 45 19
17 46 22
21 50 19
18 48 20
17 47 24
13 47 25
11 43 26
8 44 24
10 40 27
11 42 23
10 46 27
6 47 30
4 46 28
3 46 32
1 49 33
2 52 34
6 56 36
2 60 35
0 59 38
2 61 37
4 57 38
7 59 38
7 63 34
8 62 37
10 59 39
8 59 40
10 59 43
12 59 45
11 60 47
10 56 51
8 59 52
6 55 55
6 58 52
6 56 51
4 60 55
2 59 57
2 59 59
6 55 62
4 55 60
2 53 62
1 49 58
2 46 57
0 50 53
4 49 53
5 45 49
9 42 52
8 38 52
6 36 48
6 34 52
5 31 55
8 30 56
9 28 57
10 30 58
8 34 60
4 38 58
7 35 60
4 37 57
8 40 57
10 40 55
8 42 56
9 44 54
12 41 51
14 42 50
13 45 49
15 49 48
15 52 50
17 51 51
14 50 47
13 52 43
10 49 42
7 52 38
9 49 42
6 53 45
4 49 48
1 48 51
5 51 52
9 47 53
12 51 56
8 52 56
6 55 60
5 54 58
8 55 60
4 52 64
3 54 62
0 54 58
2 57 62
2 55 65
2 57 62
4 55 65
4 51 62
4 49 58
6 49 60
7 51 64
10 51 66
8 47 62
8 44 66
12 40 65
8 39 64
11 39 60
15 39 61
19 40 65
16 38 69
15 34 67
16 36 66
17 40 70
15 37 69
18 36 71
16 32 75
14 33 71
17 29 75
16 25 71
16 21 67
16 23 65
15 23 62
13 23 61
16 25 60
19 21 56
17 20 54
14 21 54
17 23 50
17 19 51
16 17 48
19 14 49
21 17 53
17 18 53
21 20 53
22 16 53
21 19 55
18 23 51
22 25 52
22 24 48
23 24 48
20 24 50
23 26 50
23 24 46
24 23 44
25 22 41
23 22 39
24 18 38
21 22 36
19 21 38
18 17 42
17 20 44
13 23 44
9 26 40
12 29 40
9 28 38
13 31 36
12 27 39
15 30 35
15 27 39
11 29 38
9 33 41
5 32 44
4 36 48
7 34 47
4 31 45
2 35 44
2 35 42
5 34 45
7 38 41
10 35 44
10 37 40
9 34 42
12 37 44
8 40 40
8 38 39
9 41 35
10 44 32
8 44 36
5 47 32
5 47 34
5 50 32
9 51 34
9 47 32
12 46 33
10 50 36
12 49 35
14 51 35
12 48 33
16 44 35
18 40 31
20 39 34
18 36 36
14 34 32
11 38 31
9 34 33
10 36 31
6 36 33
2 34 30
4 37 31
7 39 29
8 37 31
6 36 31
5 37 29
5 41 28
7 39 28
5 41 26
7 45 24
10 49 20
8 53 17
5 53 17
5 56 19
8 60 16
5 59 20
6 61 24
9 57 20
11 57 19
14 54 23
10 57 20
8 57 21
10 54 22
8 55 23
9 57 21
9 58 20
9 56 20
7 57 19
5 56 22
6 56 18
7 55 15
11 58 15
13 55 11
14 52 9
12 51 10
13 48 8
9 44 6
6 41 8
9 41 4
9 42 6
13 38 9
10 36 9
14 35 5
15 34 7
11 36 5
7 35 9
3 38 6
5 38 5
7 37 4
7 40 6
3 38 2
1 37 3
1 37 0
1 41 2
2 45 3
5 48 3
2 49 0
1 49 3
4 48 1
2 52 4
1 52 1
2 48 2
1 52 1
2 55 3
5 56 1
6 57 5
4 54 4
6 51 7
3 51 7
1 49 9
2 52 6
1 55 6
0 56 9
2 55 8
3 51 7
6 48 5
8 48 5
5 49 2
4 45 3
8 49 4
4 45 2
4 44 2
6 42 5
9 46 4
8 44 4
10 46 4
7 45 8
9 49 10
13 46 9
16 47 6
18 49 2
15 52 6
17 54 10
18 54 9
17 55 5
15 52 1
19 49 3
19 52 5
16 49 4
13 45 6
14 41 8
11 42 12
11 40 8
14 41 9
14 43 8
14 39 5
15 39 5
16 42 2
17 38 1
13 40 2
13 40 6
17 36 10
20 32 14
21 31 17
22 33 17
18 31 18
19 28 22
22 26 23
25 25 24
26 27 28
27 29 31
24 30 35
28 33 33
32 37 30
33 34 33
33 34 31
34 31 27
38 32 30
40 30 28
43 31 26
47 28 27
51 25 29
48 29 27
51 33 28
48 35 32
48 34 33
47 33 29
50 36 28
54 39 25
57 37 21
55 36 25
52 37 25
48 34 29
50 36 30
53 35 33
49 32 30
50 36 29
54 35 30
54 37 29
51 38 28
47 36 26
46 32 23
45 31 22
45 30 22
41 26 21
42 30 18
46 28 14
46 32 14
50 34 10
50 30 7
48 28 5
50 27 8
46 27 10
47 25 10
46 25 7
45 23 6
46 19 2
48 19 6
44 17 4
41 14 0
42 18 0
44 18 2
41 15 0
40 19 2
36 17 4
39 20 6
43 18 10
39 22 8
36 22 10
39 24 10
37 28 13
41 31 16
39 35 17
35 35 13
35 31 9
35 35 12
34 33 11
36 30 11
33 28 8
31 29 9
33 30 9
32 26 6
28 25 7
31 24 5
28 22 7
28 19 10
28 21 14
29 25 18
25 21 19
23 17 15
27 13 15
25 17 11
27 20 15
27 18 14
25 22 11
29 25 8
28 24 10
32 23 8
32 22 10
34 24 11
38 28 7
34 28 3
33 30 2
30 32 2
26 30 6
25 26 6
22 30 3
21 30 3
25 29 7
25 28 9
24 24 6
21 23 4
20 26 4
19 29 0
23 29 2
25 27 3
21 30 2
21 29 5
19 30 6
21 32 3
18 31 7
17 29 8
13 25 12
14 25 9
18 22 6
15 21 3
15 25 3
13 23 2
12 24 2
9 24 2
9 22 6
6 23 9
2 22 11
5 21 7
8 18 4
6 18 5
6 15 2
3 16 4
3 16 8
1 13 6
2 9 3
2 10 2
2 10 3
4 14 7
6 11 10
8 7 13
4 5 11
1 8 9
2 8 12
2 5 10
2 5 14
2 4 14
2 1 10
5 3 9
8 4 11
7 0 8
7 4 8
7 5 8
5 5 9
9 6 11
6 6 12
9 3 8
13 5 7
13 1 9
10 2 5
6 3 8
5 2 10
3 3 14
2 7 15
2 6 16
3 2 15
1 5 18
2 8 19
4 7 23
8 10 19
7 13 15
6 16 12
2 18 15
1 14 15
1 16 15
4 12 18
8 11 14
10 11 12
12 10 14
15 9 14
18 11 17
16 11 17
12 11 17
16 14 20
16 11 17
13 12 14
9 8 11
6 11 15
7 10 18
8 13 15
6 9 19
2 5 17
0 3 14
4 0 12
4 0 8
6 4 8
7 2 4
7 5 5
7 6 1
9 2 0
13 2 1
10 3 0
8 1 0
4 4 1
7 5 2
10 8 6
12 11 4
9 14 4
6 12 6
10 11 2
8 7 4
6 4 5
10 4 8
6 2 12
7 2 11
9 2 10
7 6 13
4 8 15
2 5 16
0 5 17
0 5 17
2 4 16
0 1 18
4 1 15
7 5 15
5 8 12
2 9 12
4 9 9
8 10 11
8 7 11
11 5 7
10 6 10
9 8 9
11 9 13
9 5 9
5 3 9
9 1 13
8 5 17
10 8 19
7 8 16
5 9 13
1 6 12
2 5 8
4 7 4
8 6 3
4 4 1
8 0 0
11 2 0
10 4 2
11 0 2
14 2 5
18 6 9
15 2 8
15 2 11
16 5 13
17 9 9
21 9 9
20 13 9
23 16 8
27 18 9
29 22 8
32 22 4
32 20 7
35 24 3
38 22 2
39 21 2
42 22 1
39 18 3
43 20 0
45 18 3
46 22 2
49 26 1
52 26 2
51 29 5
47 25 1
48 29 4
49 30 1
53 30 2
55 32 0
57 34 3
56 36 7
55 35 5
52 37 9
55 36 8
53 34 7
55 32 6
55 32 6
51 32 9
52 34 6
55 35 3
56 39 1
55 35 2
58 32 2
56 28 0
55 28 2
52 27 5
49 23 4
46 23 7
42 24 10
39 20 14
37 17 14
36 17 14
35 17 18
32 14 16
30 15 16
31 17 16
35 17 16
32 15 16
35 15 14
39 16 18
38 13 18
37 10 17
35 12 17
34 14 16
32 11 14
34 9 11
34 5 14
31 4 17
33 5 13
36 4 9
40 2 13
40 6 12
41 5 15
37 4 17
36 8 15
32 9 13
32 12 17
32 9 14
35 7 14
38 11 16
42 12 14
39 10 15
35 11 14
36 11 11
34 14 7
38 13 10
38 14 14
35 18 17
35 15 14
31 17 10
33 15 10
34 13 8
35 11 11
39 11 9
42 10 13
46 6 15
43 2 11
42 2 10
38 1 13
34 2 15
32 4 13
29 0 17
29 3 16
31 6 20
31 4 16
33 1 20
32 1 23
28 2 20
32 2 24
28 5 23
25 2 24
28 4 22
24 6 21
26 5 18
22 7 22
18 4 22
21 0 23
22 2 25
18 0 26
14 2 25
12 3 23
11 2 23
14 6 25
15 9 24
16 13 27
15 11 28
16 14 25
13 10 28
17 8 29
13 5 26
15 1 30
16 4 31
15 6 27
18 8 26
14 9 27
12 13 28
12 13 28
16 16 30
17 15 30
15 15 34
19 19 34
22 22 36
22 18 40
24 14 39
26 17 37
25 20 39
28 17 35
31 17 38
29 17 36
32 21 40
31 23 36
29 24 38
32 20 39
31 20 41
27 20 39
28 23 38
32 26 38
28 22 34
29 26 38
28 28 38
25 28 36
29 31 34
27 31 30
31 34 33
29 30 31
33 33 31
29 29 34
27 25 35
26 25 31
27 23 28
29 22 27
27 18 23
31 17 23
32 18 24
28 21 28
25 25 28
28 22 29
24 21 26
20 19 29
18 19 29
18 21 26
21 17 30
19 16 27
20 13 27
19 16 30
16 13 34
18 12 36
15 12 34
18 15 35
22 15 32
18 18 33
17 20 37
17 22 41
16 19 44
15 19 45
19 16 49
15 18 48
12 21 45
13 20 42
14 17 41
15 15 41
15 12 45
12 8 47
11 7 51
8 9 55
12 5 54
12 2 56
12 4 53
8 2 56
7 5 55
8 6 52
12 6 49
16 10 46
14 11 42
17 7 38
15 8 37
12 5 40
12 9 43
8 12 46
5 15 44
4 11 41
5 14 41
4 13 37
1 16 35
3 18 31
5 14 33
2 16 30
2 20 30
2 17 33
3 17 34
0 14 34
3 12 33
1 16 32
2 13 36
2 17 32
0 16 36
4 16 36
6 16 38
2 20 35
5 21 33
5 23 31
4 22 33
0 18 31
4 14 33
2 10 34
5 12 31
3 13 33
5 17 29
6 16 29
10 12 27
7 10 30
5 7 31
6 11 33
8 14 34
11 10 35
11 11 34
7 13 38
4 12 39
2 13 39
3 17 42
2 18 40
2 17 40
0 17 38
2 14 39
4 16 42
7 18 45
6 21 44
10 25 46
11 21 50
13 21 48
17 19 46
16 23 45
12 24 47
12 27 50
8 28 49
11 27 53
10 30 53
6 34 50
4 37 54
1 38 51
2 36 55
2 36 57
1 40 58
2 40 54
5 39 56
9 39 59
10 42 63
13 42 63
17 45 59
17 48 58
16 50 54
13 46 57
13 43 55
15 44 57
14 48 53
18 44 55
17 40 54
20 38 50
16 42 54
12 38 50
14 34 51
18 31 49
15 28 51
13 29 47
9 33 43
13 36 44
14 35 42
12 32 45
14 32 45
12 29 46
8 31 44
9 27 42
12 26 43
11 30 39
12 33 39
16 30 38
18 26 40
21 30 38
23 34 36
25 33 33
28 34 31
31 36 31
30 38 27
26 39 26
22 42 25
22 45 29
19 44 28
16 47 30
20 50 29
17 47 32
18 48 35
21 50 35
23 53 32
24 54 35
26 58 31
30 60 31
30 60 35
29 63 36
28 65 35
26 62 36
30 66 33
34 64 33
30 62 36
34 60 34
38 58 37
39 62 37
40 66 36
42 65 35
38 67 35
34 70 34
35 73 31
31 74 29
27 78 30
23 80 34
25 84 36
23 88 35
27 86 32
31 82 29
27 83 28
28 81 32
29 84 32
31 83 35
30 79 34
27 80 35
29 77 36
33 78 36
29 76 39
29 79 40
30 81 44
26 80 42
28 83 43
26 86 39
29 86 41
25 83 37
26 81 41
30 77 40
34 79 38
35 82 39
36 78 43
37 82 47
39 81 43
36 83 43
35 84 44
37 85 45
40 86 46
41 85 46
39 82 46
41 81 46
41 84 50
42 87 51
41 89 54
39 90 53
37 90 54
41 94 51
43 94 54
46 91 53
50 87 53
53 83 57
50 81 59
51 80 58
49 83 61
48 86 60
50 87 59
46 87 58
47 88 58
49 84 55
52 83 56
51 83 58
49 80 60
46 77 56
42 76 53
41 80 55
45 84 52
43 88 54
43 88 53
45 92 57
49 92 61
52 96 60
48 93 56
49 95 52
52 94 49
56 90 50
54 91 53
56 91 49
56 94 47
52 96 50
55 95 51
56 98 55
52 98 52
53 100 51
54 102 49
53 102 48
55 99 50
57 100 47
55 100 44
53 102 43
53 101 46
55 103 45
56 103 49
54 100 47
50 99 50
47 100 52
48 102 49
48 100 47
44 102 44
42 98 41
44 95 43
48 95 43
52 92 41
51 91 42
54 89 42
56 89 46
54 88 46
57 90 42
57 86 39
59 88 35
59 90 34
61 91 31
64 90 33
67 86 35
68 88 33
65 84 35
65 83 32
63 83 30
60 83 32
60 79 32
60 75 29
63 78 25
60 79 21
61 75 25
65 78 25
61 82 27
59 81 27
62 80 29
65 84 31
68 88 28
65 87 28
69 88 24
69 89 20
71 93 22
68 96 19
68 93 17
70 93 18
71 94 21
75 91 25
71 94 28
70 97 31
74 93 31
77 89 31
76 89 29
79 88 25
79 86 21
76 88 19
79 91 16
83 94 19
86 92 19
86 93 21
85 95 25
89 91 23
89 93 24
88 91 20
89 87 20
93 87 21
92 85 25
90 84 27
86 87 25
89 89 21
87 93 23
86 93 24
83 97 22
84 98 19
85 94 23
86 96 19
83 95 22
81 98 19
83 99 22
86 97 24
83 98 26
82 96 25
78 98 28
79 96 27
75 98 25
79 99 26
80 102 30
79 98 28
80 96 30
84 94 29
83 92 25
79 93 23
76 91 22
73 93 21
77 89 22
79 85 21
81 89 21
83 93 18
87 93 16
83 97 15
79 101 16
82 104 15
78 108 14
77 108 17
74 110 16
77 111 16
73 114 17
72 110 13
73 112 11
72 111 10
70 107 6
69 103 8
67 104 6
67 103 6
65 100 2
64 97 2
64 93 5
65 96 1
65 96 2
69 98 4
72 100 6
75 97 8
72 94 7
69 96 4
71 97 5
68 93 8
64 94 5
67 92 6
64 95 3
66 91 3
67 92 2
64 92 0
61 90 4
61 92 6
61 92 3
58 88 1
56 89 0
56 92 1
55 95 2
55 94 6
57 92 7
61 94 4
61 96 7
57 96 8
56 98 8
54 98 7
54 95 9
57 95 6
53 92 7
50 91 4
54 88 8
57 86 11
55 88 14
55 85 15
58 84 18
60 83 19
56 87 20
55 84 19
55 87 15
58 87 13
55 88 17
56 89 14
57 88 11
58 86 15
58 83 18
55 84 14
59 80 10
55 76 12
55 79 15
59 75 11
56 77 12
58 75 8
57 75 4
59 76 8
62 75 12
62 75 15
61 73 16
65 71 19
67 70 15
67 74 18
70 71 21
73 70 20
69 70 16
69 72 17
71 73 16
68 69 16
68 66 12
64 69 9
61 68 12
62 66 16
63 66 15
59 66 11
58 65 8
60 66 8
58 62 5
54 58 4
58 56 8
57 60 8
60 62 8
59 59 4
63 63 3
65 59 3
69 61 1
65 60 2
63 57 6
61 57 6
62 56 7
59 59 9
58 63 9
54 60 8
54 59 4
54 56 4
52 60 1
49 56 1
53 53 4
53 52 8
50 48 6
50 45 4
48 48 0
50 52 0
52 48 0
55 47 0
57 48 1
54 52 4
56 54 8
59 53 10
55 55 10
55 57 10
57 61 8
54 64 11
50 68 14
54 65 13
55 61 10
53 61 14
49 57 15
46 56 17
42 54 14
46 54 14
44 52 13
46 48 12
47 47 13
51 49 15
47 45 15
43 45 18
44 49 15
46 46 14
50 48 13
52 47 17
49 45 16
52 49 16
49 48 12
48 47 16
47 44 12
49 48 14
52 47 12
52 51 16
50 49 16
46 52 15
50 49 19
49 49 20
46 47 20
50 46 16
48 43 19
52 45 19
49 42 19
49 41 17
48 42 20
45 43 21
46 45 21
45 49 21
43 47 20
43 50 22
42 53 22
40 57 26
40 56 28
36 56 27
33 52 26
33 56 23
32 54 23
33 50 21
37 50 23
34 51 25
38 49 24
35 49 28
39 45 24
42 41 24
38 45 27
37 47 28
33 45 29
33 49 25
36 49 29
39 46 30
35 46 30
36 45 29
33 44 33
32 47 30
31 51 29
34 49 33
33 51 31
34 50 33
38 48 34
40 45 37
41 45 37
40 44 40
43 41 42
42 43 40
38 43 37
36 46 35
40 49 34
37 46 32
35 45 33
39 45 33
36 42 31
32 46 29
29 48 30
30 47 31
27 48 31
23 49 29
20 52 30
20 48 31
16 44 34
18 40 31
14 39 34
16 37 33
16 41 33
19 38 32
20 34 28
17 30 27
17 34 26
16 33 29
17 37 32
15 39 30
12 41 27
11 38 31
8 37 31
8 36 35
10 33 37
7 36 36
9 36 38
6 35 34
4 33 35
3 31 37
1 32 38
4 35 35
4 32 34
7 33 34
4 29 35
3 28 33
1 29 34
2 26 31
0 29 27
4 28 25
2 26 25
6 25 25
8 27 26
9 31 24
6 35 24
3 37 28
2 37 24
3 35 21
7 38 25
3 39 25
3 41 29
0 39 31
2 38 35
2 37 36
0 33 40
1 30 42
2 27 39
2 29 39
2 32 40
3 35 37
5 31 38
4 30 42
6 27 44
5 25 42
1 24 44
3 27 40
3 26 38
4 28 40
1 29 39
3 33 37
2 37 33
2 41 33
2 43 34
4 39 30
1 41 27
2 38 24
1 42 21
1 46 23
2 47 25
2 45 21
2 49 17
3 45 21
1 46 17
4 46 13
2 48 15
5 47 16
3 49 18
6 51 19
6 55 22
5 54 25
7 50 22
9 53 26
13 53 22
13 57 19
10 57 23
6 56 21
5 59 19
4 61 18
3 65 21
2 66 22
1 69 23
5 65 26
8 68 25
8 64 28
9 61 26
10 59 27
8 57 28
12 58 32
11 62 34
15 65 32
15 62 36
16 60 37
15 61 36
15 59 34
12 56 37
11 60 38
15 56 34
12 53 32
10 49 28
7 48 28
5 48 30
6 48 32
10 50 34
6 48 34
7 51 31
6 49 35
10 47 36
6 50 38
8 47 36
11 47 36
13 44 33
9 40 33
13 44 31
10 42 31
10 46 30
8 46 34
9 45 34
5 49 34
4 47 32
4 48 36
0 51 39
3 50 41
2 53 43
0 57 40
2 55 43
5 59 41
1 58 41
4 58 42
1 58 39
4 62 35
0 61 34
4 59 31
2 58 34
4 58 33
0 61 36
0 59 40
2 56 36
2 57 36
2 60 38
3 64 34
2 60 34
2 61 32
5 60 34
4 63 30
1 64 30
2 64 30
1 65 28
4 62 29
1 65 30
2 69 32
3 71 34
7 72 38
6 72 42
4 68 39
1 70 35
2 73 35
3 77 33
2 79 34
2 83 36
1 80 36
1 82 40
2 81 36
1 82 35
2 82 36
3 81 40
1 80 42
4 79 40
4 77 37
8 79 37
11 78 37
8 82 37
8 79 39
4 82 35
3 83 34
6 79 30
8 83 32
10 86 36
10 82 36
8 78 35
10 78 31
9 78 34
9 79 36
6 77 37
3 77 41
7 76 38
8 76 35
12 79 31
8 81 34
11 80 32
10 83 32
12 87 36
8 91 40
11 88 39
11 84 35
8 86 35
5 89 37
2 93 34
3 91 36
5 95 35
3 98 32
2 100 28
2 101 30
4 97 30
5 95 34
4 93 37
7 93 36
8 94 39
4 90 42
6 92 41
8 90 37
9 87 37
11 89 34
14 91 38
11 94 37
10 92 37
13 92 33
16 89 36
19 85 32
19 86 29
23 87 33
25 89 34
24 89 35
26 92 32
28 94 32
24 95 31
27 94 33
31 90 35
28 92 35
24 93 35
23 96 31
23 92 33
23 95 37
24 95 40
23 92 44
23 88 41
22 86 40
23 83 41
22 80 40
23 78 43
25 82 43
29 86 45
28 85 42
30 83 46
27 86 45
29 87 46
26 83 49
22 84 45
22 88 41
26 84 44
27 85 40
27 86 39
27 90 40
23 91 42
25 94 38
22 98 34
21 97 34
19 96 34
15 92 32
11 88 29
10 88 32
6 90 33
3 94 31
1 94 32
2 95 32
2 92 29
2 93 33
2 91 32
4 93 34
3 95 35
1 96 37
5 94 39
3 94 43
7 94 40
11 97 36
13 97 40
9 98 37
7 99 39
5 102 38
2 106 40
5 108 42
9 111 46
7 109 42
7 112 39
8 116 40
5 115 42
8 115 39
12 114 39
12 117 39
9 118 41
7 118 45
6 116 48
9 117 49
9 114 49
5 117 50
1 121 46
5 118 42
2 115 46
2 118 44
5 117 41
4 117 43
3 121 42
7 123 46
6 119 45
6 123 45
8 127 42
5 131 39
9 131 41
6 135 44
3 131 40
2 129 36
5 128 34
4 130 33
3 130 35
1 126 32
0 130 28
2 131 31
2 130 34
6 133 33
3 133 33
5 132 35
1 136 36
0 139 35
0 137 31
4 139 34
5 139 38
3 138 41
7 135 38
6 139 34
3 136 37
2 133 40
4 135 41
4 136 44
2 136 43
4 132 45
4 131 49
3 133 50
3 136 51
3 134 50
4 132 47
2 133 48
0 136 52
2 134 50
4 134 52
0 133 53
2 132 51
2 129 54
4 132 52
6 132 52
4 135 50
7 136 50
6 140 47
4 137 51
7 138 54
9 142 56
12 144 58
10 147 54
14 151 57
18 152 59
16 153 62
15 153 62
17 157 63
14 158 66
15 159 69
15 160 73
14 162 71
13 166 69
16 169 72
18 165 72
22 163 69
20 164 65
17 162 69
18 161 71
15 162 75
16 164 74
17 168 71
18 166 69
19 167 72
21 169 69
25 166 67
21 166 66
21 165 66
24 167 70
22 170 67
25 170 70
22 170 73
26 170 71
28 170 74
27 170 77
31 167 78
31 167 78
35 167 75
34 166 71
37 170 67
35 171 71
37 168 73
40 171 76
42 174 78
40 173 81
38 176 84
41 177 84
44 174 81
45 171 80
42 170 83
44 167 80
44 171 76
43 172 77
39 172 74
40 170 76
43 173 78
43 176 74
40 173 73
40 171 73
40 172 71
38 174 74
39 170 77
36 170 76
37 168 72
35 170 72
39 166 69
38 165 71
41 163 73
40 164 70
41 164 70
41 162 74
45 165 72
46 166 76
44 163 76
41 160 79
43 156 81
47 159 77
47 156 77
47 152 78
51 148 79
51 148 81
51 152 79
54 156 75
51 156 71
49 158 70
51 159 67
53 161 64
54 157 66
50 154 62
49 154 65
45 155 66
49 154 64
48 153 68
44 156 64
45 155 67
43 153 65
40 155 67
37 158 67
35 158 70
32 157 71
34 159 73
34 156 77
30 152 75
27 156 74
23 159 71
22 157 68
23 157 68
20 161 72
17 162 70
16 165 73
17 161 74
20 161 77
21 157 74
18 160 76
22 156 76
25 155 75
21 158 75
19 159 72
23 163 75
21 163 76
19 165 76
18 165 80
16 163 81
18 162 77
16 161 76
20 157 72
24 158 75
25 159 75
22 162 73
25 161 77
27 160 80
23 160 84
23 163 85
26 163 83
23 162 80
21 163 82
25 165 81
22 166 84
22 169 88
26 169 89
24 170 89
24 169 91
27 171 87
25 167 87
26 171 87
27 167 88
23 166 88
20 164 85
19 164 89
20 160 89
16 159 88
13 158 89
12 161 91
8 157 87
5 158 90
7 162 86
9 158 90
12 162 88
11 165 86
15 163 83
19 161 82
16 159 84
12 163 85
15 164 83
16 164 84
13 167 81
12 163 79
14 165 79
14 165 79
15 166 75
11 166 75
7 169 75
6 170 79
7 166 82
6 167 84
6 166 80
10 170 80
13 167 84
14 167 87
17 164 86
17 166 84
20 166 83
22 168 84
26 166 82
30 165 81
32 164 82
35 161 82
37 162 86
35 164 83
39 166 81
42 166 80
46 168 83
49 167 79
46 170 81
45 170 83
41 168 84
43 171 84
41 167 81
39 168 85
42 170 89
40 166 93
40 168 91
44 170 89
42 167 89
41 170 88
37 168 85
34 167 82
33 166 80
34 167 79
36 164 80
35 164 77
38 160 79
36 163 80
38 166 80
41 163 80
44 166 82
47 167 81
45 163 79
42 165 78
45 168 81
45 170 85
45 174 88
49 178 92
48 180 92
50 180 94
49 179 94
49 182 95
50 183 91
46 187 91
48 188 92
51 189 92
48 193 92
46 196 95
45 194 97
46 192 95
46 192 96
48 189 92
44 187 94
48 185 91
46 184 89
48 185 88
48 181 88
50 182 90
49 184 90
51 185 87
53 188 87
53 186 83
55 183 82
59 183 85
62 180 88
66 179 91
64 182 92
62 183 96
62 183 95
65 182 98
66 181 102
62 177 105
66 181 108
64 184 106
67 184 104
68 181 104
68 181 108
68 180 108
71 178 112
75 174 110
71 175 106
71 173 106
71 173 105
71 171 107
68 172 107
70 176 103
71 175 105
70 178 101
66 176 97
70 172 95
66 169 93
63 170 95
65 166 98
62 165 94
60 163 92
56 161 90
58 158 92
62 162 91
59 160 90
56 156 93
57 156 89
59 157 89
57 154 85
57 150 88
58 147 86
57 147 82
61 146 79
61 145 76
65 145 77
65 147 76
62 144 79
66 143 83
69 146 86
72 149 89
75 152 88
72 150 91
71 151 93
75 148 97
77 152 95
74 154 98
75 156 97
76 154 96
74 157 93
76 156 95
74 153 96
70 157 93
74 158 97
74 162 94
74 159 96
75 160 98
76 157 98
78 155 97
75 153 94
75 155 90
71 157 93
67 158 90
63 161 94
61 165 90
60 162 87
57 160 88
54 164 88
58 168 89
61 171 86
61 174 89
57 174 85
53 178 88
54 176 87
51 172 89
50 171 92
47 175 93
44 173 91
40 172 92
40 176 93
39 176 95
41 175 94
37 172 93
40 169 96
39 170 92
40 170 90
44 170 87
44 168 88
46 170 91
49 166 88
50 164 86
46 161 90
43 161 91
39 160 95
40 160 97
36 158 98
32 154 102
35 155 101
35 152 98
38 155 102
39 158 106
38 159 110
36 159 106
40 161 110
43 160 109
44 157 109
42 160 105
42 159 108
43 160 108
43 160 110
42 159 109
44 159 107
48 156 103
45 156 101
48 157 97
52 157 100
54 157 98
50 154 100
53 152 97
51 155 99
53 155 97
53 158 94
50 158 93
54 154 90
52 156 89
51 160 93
51 160 90
55 163 89
57 164 85
53 168 81
54 168 77
50 164 75
49 166 78
50 166 80
49 168 84
53 169 82
57 167 86
59 169 83
62 169 82
61 168 84
61 165 82
62 165 83
63 167 81
59 166 80
58 165 80
54 168 77
50 166 81
51 170 82
53 166 86
54 162 87
54 164 90
50 168 89
46 167 89
46 169 87
42 165 86
44 167 90
43 169 94
40 169 90
43 172 91
47 170 89
47 166 85
48 165 82
51 169 80
53 169 81
49 170 85
53 172 84
51 172 87
52 170 90
52 166 93
52 163 94
51 160 93
50 157 90
53 161 88
49 164 86
46 168 86
50 168 90
52 169 91
55 165 90
58 167 90
62 166 90
62 170 91
58 168 93
60 172 90
57 170 91
59 171 92
57 172 96
60 175 93
59 178 91
57 180 87
56 180 86
55 179 88
58 180 89
57 178 91
59 174 95
57 178 97
60 180 100
56 179 101
57 179 101
57 182 104
61 183 100
65 185 102
69 187 100
65 187 102
64 190 104
67 194 107
71 196 105
69 194 103
70 194 99
74 194 102
74 192 100
72 189 97
76 187 94
78 189 95
78 192 93
82 189 92
86 193 89
86 193 85
84 197 89
80 201 90
84 201 87
85 204 83
85 202 81
87 205 85
87 208 86
84 209 87
88 209 85
85 210 82
87 206 85
84 204 89
87 208 86
87 204 82
87 200 86
88 200 88
84 199 87
84 197 85
86 198 88
82 199 91
84 201 91
83 201 87
84 204 86
80 200 85
83 197 84
86 198 80
82 194 83
82 191 84
82 194 81
81 190 80
82 187 76
83 184 79
82 188 78
82 188 82
86 191 83
90 193 85
94 193 85
93 194 81
89 195 81
87 191 79
91 190 76
90 187 75
93 187 77
89 190 80
90 187 79
90 187 82
88 191 81
87 191 81
84 189 78
85 193 78
86 190 74
90 192 73
86 192 69
84 194 67
82 198 64
78 196 62
74 192 62
70 191 65
71 193 62
71 190 65
69 193 67
70 190 66
74 188 65
77 192 66
78 188 63
81 187 67
85 187 71
89 187 74
90 184 77
92 186 80
90 186 76
91 190 74
94 190 70
96 192 73
100 189 69
98 189 69
102 192 66
100 191 69
104 194 66
103 194 64
104 196 60
108 194 58
105 192 54
108 196 52
105 196 49
106 192 53
105 190 54
106 190 53
104 187 57
106 183 58
106 185 60
102 185 56
104 189 57
106 188 60
105 187 60
107 186 60
105 189 64
104 186 67
107 189 67
103 190 64
106 192 63
106 193 64
108 196 67
106 195 67
106 192 69
110 189 70
106 187 68
106 184 70
106 187 67
105 191 68
103 187 65
107 185 66
111 184 66
115 185 68
116 183 69
113 180 70
117 179 74
113 178 77
112 182 80
111 182 83
109 178 83
106 179 81
110 179 81
108 175 79
109 174 77
112 173 74
113 172 71
109 168 68
111 170 71
113 166 74
117 166 75
118 162 74
118 159 77
122 161 80
121 161 84
123 158 85
124 154 84
126 155 81
123 157 80
122 155 81
121 151 79
122 151 83
118 155 84
118 159 85
116 163 87
117 160 90
120 161 88
117 164 86
117 160 86
114 159 82
112 159 83
116 163 86
118 164 86
121 163 89
119 160 92
119 157 90
118 155 86
117 153 90
119 156 87
118 159 90
120 155 86
120 159 89
117 156 85
113 156 87
114 153 91
118 155 90
121 152 88
124 154 87
125 155 89
121 154 90
124 150 88
126 154 89
129 152 88
131 156 87
131 155 90
127 158 88
131 158 89
131 158 88
128 160 90
132 164 86
130 166 89
132 165 91
131 169 94
127 165 96
131 162 94
130 159 96
129 163 93
127 159 93
130 160 93
127 156 94
125 155 90
123 152 89
127 149 88
126 151 92
123 151 93
123 153 95
123 153 97
120 150 97
117 149 100
115 149 103
115 151 100
112 154 102
108 150 104
110 154 107
107 156 111
109 153 114
107 157 117
109 157 121
113 161 122
116 164 122
117 167 124
114 168 124
118 164 128
119 167 126
115 168 123
116 164 119
120 165 116
124 162 120
121 162 116
118 162 116
117 163 112
118 165 116
120 165 116
121 163 117
119 163 121
123 162 117
126 162 117
128 158 118
127 156 122
123 156 118
121 159 122
117 161 125
116 164 126
119 166 130
123 163 131
120 160 128
120 158 131
119 156 133
119 159 135
117 156 139
114 152 139
114 151 137
118 148 139
116 149 142
118 148 146
121 146 149
123 145 148
124 145 149
123 146 146
127 143 148
124 146 149
128 143 148
132 141 144
133 137 143
135 133 142
137 134 139
136 134 140
135 133 143
139 136 143
139 132 139
142 129 135
141 126 136
145 130 133
147 133 133
151 132 132
153 129 133
149 130 129
149 126 128
153 127 128
149 124 129
147 125 126
150 127 130
148 125 129
146 122 133
148 118 136
147 116 135
146 114 134
148 110 132
150 112 128
152 114 127
151 115 127
152 113 124
148 117 121
150 115 121
150 116 122
149 119 119
148 119 119
148 119 121
149 121 122
146 124 121
142 125 125
145 121 124
141 121 128
142 119 129
140 115 131
141 115 127
139 113 129
138 113 128
137 115 127
138 119 126
142 121 127
138 122 128
139 126 128
143 122 125
144 126 121
143 124 119
141 127 122
138 128 122
139 132 120
138 135 118
141 131 118
139 134 118
142 134 117
146 138 119
147 142 116
148 142 117
150 146 115
147 144 118
144 145 114
142 143 115
142 144 119
143 143 119
142 145 117
144 148 120
141 149 121
141 148 118
140 152 122
144 149 119
142 145 119
145 141 120
148 138 118
151 138 119
147 136 118
148 136 119
145 139 115
148 140 115
144 138 113
144 134 116
142 134 118
145 137 120
149 135 120
145 132 118
147 130 118
146 131 114
145 129 116
148 132 115
150 136 111
152 133 110
153 135 107
155 133 111
156 129 110
153 129 107
150 126 103
154 128 103
155 131 101
153 133 99
149 131 98
149 130 100
152 129 102
153 130 104
157 133 101
153 137 104
151 140 100
151 140 104
151 139 100
148 139 96
144 142 93
148 144 96
144 144 92
143 140 92
144 140 94
140 144 93
140 140 96
137 138 98
138 138 97
139 140 100
136 136 99
140 139 98
138 140 96
139 142 95
141 144 96
138 145 100
138 149 96
139 152 99
138 155 95
134 155 98
130 158 99
127 154 97
124 154 101
126 152 98
128 155 94
124 152 97
128 151 98
132 153 98
136 154 96
132 154 100
134 157 98
132 158 94
132 154 97
133 151 94
134 155 91
136 155 95
135 155 96
137 158 99
133 157 97
132 156 101
134 156 105
131 158 106
131 155 103
128 156 102
125 160 106
121 156 109
119 154 108
120 151 110
119 155 113
118 154 114
119 158 116
123 156 114
124 158 110
128 160 106
125 163 109
129 160 111
126 156 112
124 158 113
127 160 115
126 156 115
127 153 118
129 151 122
129 151 126
127 150 129
125 153 130
123 155 126
121 154 126
120 150 126
123 148 130
125 144 133
124 144 137
127 143 138
123 139 142
124 138 138
126 140 136
123 143 132
120 139 128
120 142 125
124 139 128
124 139 126
124 142 125
120 139 126
123 140 126
127 143 122
131 141 122
134 137 121
133 139 119
132 143 115
131 141 116
128 143 119
127 139 116
123 143 116
119 146 117
115 149 121
116 152 123
120 151 126
121 152 129
118 156 127
115 157 128
118 153 124
122 150 123
125 153 123
124 150 126
124 149 130
124 145 126
123 148 128
124 152 131
126 156 134
123 154 134
127 154 134
126 157 134
123 157 136
121 157 140
118 154 141
118 157 145
117 159 147
121 158 143
124 161 140
120 160 137
117 163 138
121 167 141
120 168 142
120 170 145
118 171 148
118 167 150
119 168 153
121 171 154
123 171 152
126 171 153
129 170 155
129 171 157
131 169 160
132 172 162
133 171 164
129 167 166
133 168 162
137 168 161
139 166 158
143 167 154
145 170 151
144 166 150
147 169 147
148 171 149
147 173 146
143 175 143
140 173 142
136 176 139
136 179 139
135 176 141
139 173 137
135 176 136
133 172 135
135 172 132
134 172 128
135 170 132
135 171 135
132 170 136
128 169 138
127 165 138
129 164 142
133 166 142
132 167 142
135 170 138
135 169 139
139 168 139
136 171 136
138 172 133
138 174 129
138 172 129
142 168 129
140 168 129
136 164 128
133 163 132
135 163 134
138 163 137
142 163 141
142 164 140
140 167 144
140 169 142
140 170 144
140 168 141
136 165 143
139 164 143
139 166 144
143 169 142
144 170 140
145 166 137
147 164 135
143 166 134
145 168 135
146 169 133
150 166 131
146 166 127
149 166 125
147 166 129
143 169 131
142 169 133
139 170 134
135 167 132
138 166 130
134 164 128
133 164 129
133 168 133
132 171 136
128 171 139
131 169 136
130 172 132
127 171 132
131 171 129
134 168 128
131 167 132
128 164 130
126 168 130
122 168 128
124 165 128
120 163 132
119 161 134
115 157 138
111 156 136
108 152 137
104 156 136
100 159 136
97 160 136
97 164 134
94 164 135
91 163 135
94 162 131
91 158 134
93 155 132
95 155 130
98 153 129
101 152 133
100 153 136
99 154 136
103 156 134
101 159 138
99 161 140
103 157 137
103 156 138
100 157 135
100 154 131
98 158 134
97 157 138
98 160 134
102 158 137
102 158 138
102 156 137
102 155 138
104 159 135
101 159 133
101 155 133
98 152 135
100 151 137
98 152 135
96 156 139
94 160 142
91 162 146
95 161 150
94 158 152
98 156 152
94 159 149
92 161 151
90 162 147
92 159 145
95 159 148
99 159 151
101 160 152
99 158 156
96 158 153
99 156 155
97 157 152
96 157 152
100 153 155
100 157 155
99 155 152
100 159 151
104 159 155
103 157 153
105 156 151
106 157 148
104 157 148
107 157 152
111 159 153
113 163 156
113 163 158
117 165 158
121 168 157
121 170 153
121 167 153
118 164 150
118 161 152
120 162 149
118 166 147
122 164 146
126 161 150
122 160 150
119 159 150
115 158 147
118 156 143
116 158 144
117 154 140
120 150 136
118 152 135
121 149 131
120 145 129
122 143 126
125 147 126
127 143 129
127 143 125
123 144 126
126 148 126
123 150 128
119 152 131
116 150 132
113 151 131
115 148 134
119 149 130
120 152 131
119 155 130
122 155 131
121 157 135
121 157 133
122 154 133
120 152 133
121 148 135
121 147 139
119 144 143
121 141 145
122 137 142
125 140 138
129 143 141
126 139 141
128 142 139
132 144 136
135 144 139
135 141 139
139 138 140
136 140 138
135 140 140
132 138 141
130 137 138
134 135 141
135 136 141
136 140 145
134 138 144
130 141 145
131 137 148
127 136 144
131 137 142
130 134 139
131 134 139
132 133 135
131 129 132
129 128 131
127 124 132
125 128 131
124 128 131
125 126 131
125 128 129
126 130 129
124 132 130
127 132 127
125 131 130
127 130 131
124 130 128
127 129 125
130 129 125
134 131 123
132 130 125
132 134 123
131 137 123
134 135 121
135 137 125
136 136 129
140 138 128
142 140 132
144 142 128
144 140 131
140 144 129
136 142 127
137 145 126
140 149 128
144 148 130
141 145 130
139 149 134
143 149 137
139 152 133
138 156 135
136 160 138
136 156 135
136 156 138
132 155 136
134 152 136
133 156 135
130 152 137
126 151 137
128 149 141
131 149 142
130 153 145
129 153 144
132 150 141
136 152 139
133 151 141
131 147 140
135 151 142
134 150 143
132 149 145
129 150 146
133 152 142
132 154 139
132 152 142
134 150 143
135 149 141
135 146 141
133 145 144
135 146 142
138 148 142
138 147 143
136 150 142
138 152 144
137 148 143
139 151 142
143 148 144
147 151 145
150 149 145
148 147 149
145 149 148
148 152 144
146 155 143
149 151 147
150 149 149
150 149 147
149 151 143
148 149 145
145 148 148
144 149 148
142 153 144
140 153 148
144 157 147
148 157 143
146 154 146
147 154 148
148 156 144
145 154 145
148 151 144
146 150 143
148 153 146
150 149 150
150 151 152
147 152 148
143 148 150
147 150 147
151 146 145
148 150 141
145 153 144
145 154 145
141 153 145
137 151 143
138 147 141
140 146 137
139 142 135
135 145 136
133 145 139
131 145 138
131 146 137
131 142 133
134 142 137
131 144 139
127 140 138
123 138 138
126 139 136
129 136 139
132 139 139
132 143 135
128 144 136
131 144 139
134 146 141
133 149 141
133 145 138
136 146 139
136 147 143
132 151 141
136 148 142
135 148 139
134 148 143
134 144 147
138 145 146
134 146 142
136 142 145
136 146 149
136 149 152
134 151 151
136 149 148
136 150 150
139 154 146
142 156 142
144 153 142
146 152 146
147 151 148
144 153 144
143 157 147
142 156 148
144 153 152
143 151 153
142 150 151
143 147 155
145 145 154
144 141 157
141 142 155
139 143 155
138 142 159
142 146 156
145 142 154
149 143 155
153 147 158
156 149 159
157 150 163
160 150 163
156 153 163
159 152 159
161 150 161
162 148 157
164 149 155
167 153 156
168 150 153
167 146 155
164 145 152
162 149 151
164 149 151
160 151 152
156 155 154
156 153 155
154 156 156
156 157 159
153 160 159
154 160 163
150 162 162
153 165 162
153 164 164
157 165 167
161 167 167
157 165 166
157 168 165
153 168 161
155 165 160
153 161 161
150 159 163
154 155 163
155 155 166
158 155 169
158 157 172
155 161 172
156 158 176
154 155 180
153 154 183
154 156 185
151 157 187
148 160 191
145 159 193
149 156 191
153 157 193
151 157 196
152 160 194
154 162 191
158 160 195
159 157 199
159 154 196
156 155 198
155 154 200
157 151 200
159 149 203
162 145 207
161 141 204
161 137 206
157 133 204
159 130 205
160 130 209
164 132 211
166 130 213
168 129 216
171 128 216
171 132 215
173 132 212
175 133 213
173 133 217
176 132 221
176 136 220
177 134 218
177 133 219
179 133 216
180 135 220
178 139 217
182 143 220
181 139 217
185 143 213
185 143 212
188 139 209
187 142 210
191 146 211
191 144 215
192 148 211
188 152 208
192 155 210
193 158 207
192 156 203
190 158 203
188 156 205
188 154 204
187 158 208
183 162 205
187 159 207
185 161 208
181 165 208
181 168 210
179 164 211
176 160 215
179 164 215
176 163 219
172 164 221
172 160 223
171 162 219
173 160 222
177 157 224
176 160 220
178 158 221
180 154 219
179 157 218
177 153 216
177 152 213
178 149 213
175 149 216
174 145 214
173 149 218
170 153 215
173 151 213
175 153 211
177 150 211
177 153 207
177 156 204
180 155 202
184 153 205
188 154 205
191 152 209
187 153 210
190 157 206
186 157 210
183 157 213
187 154 209
190 155 206
187 159 204
183 159 202
180 163 204
180 161 207
179 157 204
183 156 207
185 159 206
187 158 208
186 156 206
183 154 209
181 154 210
180 157 214
178 159 217
178 157 218
177 161 217
176 160 221
176 157 225
175 155 225
172 154 229
171 154 233
174 151 233
178 154 231
174 153 227
178 152 228
181 150 225
180 147 226
181 148 223
184 151 223
184 149 219
182 146 215
181 143 215
180 147 214
180 151 218
181 147 217
183 143 219
179 139 218
175 140 222
173 141 218
169 138 218
165 135 221
162 139 224
165 139 225
161 136 224
157 134 220
153 132 219
154 135 217
150 132 220
152 130 216
148 130 220
148 133 223
151 130 225
149 127 229
147 123 228
148 121 225
144 121 223
142 120 222
144 116 221
148 117 223
150 121 223
148 118 227
146 121 223
144 125 225
142 125 229
142 128 230
142 126 228
146 127 225
143 130 226
139 133 224
137 134 227
141 136 227
137 138 225
134 134 228
130 135 224
128 134 226
131 131 230
129 130 229
130 134 227
127 135 227
129 137 226
125 137 223
125 141 227
126 145 225
130 146 229
128 148 229
125 151 233
125 147 237
127 151 241
128 153 239
131 151 242
135 147 238
135 149 238
136 147 236
137 150 239
138 153 237
137 155 236
138 158 232
140 157 230
138 154 234
134 156 238
136 159 234
133 155 238
129 154 237
128 154 233
126 156 231
125 152 233
129 148 237
125 150 241
127 146 242
131 150 246
131 147 242
129 150 240
129 154 238
126 158 237
125 160 235
127 161 236
125 165 236
128 165 240
125 162 239
127 163 242
126 165 243
129 167 243
125 171 242
125 171 241
122 171 244
120 175 245
