49 44 42
51 43 38
49 45 41
50 47 43
49 49 47
50 53 46
47 49 49
45 51 53
44 49 56
40 47 57
38 47 58
42 46 62
42 45 59
42 41 56
39 41 58
39 42 55
43 38 56
45 34 59
43 33 56
44 32 53
40 33 54
43 31 50
47 29 54
45 29 58
43 25 61
45 29 58
49 25 55
53 26 54
55 22 58
59 26 62
58 26 66
62 27 69
65 29 72
67 26 73
67 24 71
68 25 75
66 24 73
69 28 71
65 32 75
61 32 76
57 33 75
56 31 74
59 35 76
63 33 77
64 36 78
66 40 78
65 44 81
61 41 85
65 38 81
68 34 80
68 36 77
65 33 76
67 29 72
64 31 70
68 34 66
64 30 69
60 34 72
57 38 74
55 40 75
53 37 76
55 34 76
54 37 79
56 39 82
53 39 79
52 35 82
55 33 81
53 32 78
56 28 76
56 32 73
52 34 71
51 30 72
54 27 71
55 25 67
58 24 65
62 26 69
58 29 73
56 30 75
53 30 72
50 29 73
46 32 74
43 29 72
40 29 74
43 27 76
44 31 73
43 29 76
46 25 72
44 21 73
48 18 77
48 21 74
50 20 77
47 18 73
48 18 76
44 21 80
46 17 80
45 18 79
44 18 82
45 14 82
43 15 81
45 19 82
45 19 85
41 20 82
43 21 86
41 18 87
39 14 87
35 17 86
33 15 86
33 13 89
34 17 87
31 20 87
33 19 91
31 21 91
27 19 95
24 15 95
23 16 91
26 18 89
24 14 93
21 15 95
17 19 96
17 17 95
21 16 91
19 19 95
23 22 98
25 23 96
29 25 98
33 26 101
30 25 105
29 28 108
25 28 104
25 26 103
21 30 104
25 31 102
21 32 99
19 29 103
16 28 107
12 32 104
16 30 102
16 32 100
18 34 99
15 31 102
12 34 103
15 32 106
18 34 105
20 37 102
16 41 106
16 42 107
17 38 109
14 34 106
11 32 102
12 30 102
8 29 105
7 32 108
6 32 111
8 35 113
10 38 109
6 41 109
5 45 111
1 45 113
2 42 113
2 38 110
2 41 111
2 37 108
3 35 107
7 39 105
11 38 106
7 42 105
10 41 104
11 42 100
8 42 100
8 45 101
5 43 99
3 40 96
1 37 100
4 40 101
0 39 97
2 35 98
1 34 102
2 33 99
0 34 102
2 34 101
5 38 103
1 36 103
5 40 104
1 36 108
3 36 109
4 33 113
6 36 111
4 35 113
2 39 111
3 40 108
7 44 104
9 47 108
11 47 107
7 44 109
4 43 109
5 46 105
9 50 102
10 52 101
6 49 101
10 49 98
12 48 96
9 44 94
13 45 91
11 41 93
7 37 89
9 37 88
9 33 91
6 35 88
2 32 86
2 30 83
2 27 83
0 23 81
2 22 77
5 25 81
6 23 78
3 23 74
2 20 76
2 18 80
5 20 80
2 20 76
3 24 75
2 22 74
0 24 72
2 28 72
2 25 73
0 23 72
2 20 69
3 17 70
5 20 70
3 20 67
1 21 64
4 17 60
6 16 62
7 18 64
6 22 68
6 22 64
10 25 68
8 24 68
11 25 68
8 25 71
12 26 72
12 27 72
15 31 71
14 30 72
16 31 72
14 32 76
13 28 76
17 29 77
13 26 81
10 28 80
6 25 76
8 23 79
5 23 78
1 26 77
2 26 74
2 23 74
3 21 72
2 21 74
4 20 70
1 19 70
1 23 67
1 22 69
0 23 71
2 27 71
2 24 69
6 21 69
5 18 69
4 18 69
4 17 70
6 17 73
3 18 75
0 19 73
0 15 70
2 17 72
0 14 72
0 15 71
2 17 69
2 13 66
0 16 66
2 17 70
6 14 71
8 13 70
4 9 67
1 11 71
2 7 69
3 4 66
5 4 65
5 5 64
4 6 66
6 3 68
7 5 70
6 3 72
9 2 73
10 0 77
12 2 78
14 5 76
11 1 75
8 2 71
9 5 73
9 8 75
5 6 71
1 4 70
4 2 71
0 1 74
2 2 70
3 5 67
6 9 67
7 6 64
9 5 66
10 5 63
6 9 65
4 8 64
4 6 66
4 7 69
7 9 67
8 13 67
10 13 69
7 16 68
4 16 67
3 15 66
2 19 67
2 19 64
5 18 67
4 18 65
2 20 67
2 21 69
2 19 73
6 18 77
6 15 76
9 18 76
7 15 80
3 15 82
3 19 86
7 18 90
8 18 89
11 20 89
12 18 85
13 20 85
17 17 83
13 20 84
11 20 80
9 24 81
11 27 82
7 24 80
6 25 82
3 22 85
6 20 84
7 21 80
8 18 76
4 19 79
8 20 82
7 17 82
7 16 83
8 13 82
4 12 85
8 10 82
9 10 80
8 8 79
10 7 79
9 6 81
12 4 82
16 1 78
17 1 75
16 2 73
15 6 72
16 2 70
13 1 68
11 1 71
12 2 68
10 4 66
12 8 64
16 11 62
17 13 62
17 13 61
16 12 65
13 14 63
15 18 66
18 18 62
14 14 63
14 16 59
11 16 58
8 20 57
5 21 61
7 23 57
7 19 61
5 20 57
3 19 59
2 21 61
5 17 58
6 16 54
10 18 52
11 19 54
8 17 55
11 21 52
11 18 55
7 19 58
9 23 57
12 27 55
9 25 51
7 27 54
3 27 53
2 30 50
1 34 53
2 34 49
1 32 53
4 33 55
4 37 58
7 36 60
3 39 62
6 40 60
7 36 63
5 36 60
4 39 57
0 36 54
2 34 58
0 37 61
2 38 57
2 41 60
2 42 61
2 44 65
2 40 63
0 37 61
2 36 59
6 35 58
5 34 58
4 30 60
5 33 61
8 37 60
5 36 59
7 33 55
6 31 52
6 28 55
8 32 55
7 31 52
10 27 50
9 26 54
13 26 54
10 23 57
14 27 56
13 26 54
17 26 57
16 25 58
17 23 59
13 25 55
11 22 59
10 18 61
11 17 57
14 19 59
17 20 62
19 23 58
21 19 57
19 18 53
20 17 49
16 21 52
13 18 50
15 17 49
15 21 51
18 23 49
21 26 49
25 28 50
28 28 49
32 27 45
31 30 49
34 30 50
31 27 46
35 28 44
36 29 45
33 33 43
30 37 45
31 41 42
32 44 44
31 46 45
32 44 49
28 47 53
30 43 53
27 45 53
23 46 53
25 50 57
29 53 59
27 50 57
28 46 53
25 46 49
28 45 51
32 41 49
36 41 49
33 42 51
37 44 48
33 47 52
31 49 49
29 52 46
32 48 44
31 45 45
28 43 45
27 43 47
28 47 51
32 49 52
32 53 53
32 54 57
28 57 56
27 60 56
30 64 59
31 63 56
31 60 53
31 61 51
32 62 54
34 62 50
37 65 46
35 66 44
31 69 40
28 72 40
32 70 38
35 69 42
39 73 45
42 72 44
38 68 42
39 64 39
41 61 35
39 58 36
38 58 36
40 60 37
44 56 34
48 53 34
46 51 38
44 52 41
43 51 39
43 52 39
44 56 36
44 54 33
46 54 37
49 56 37
45 53 34
41 56 37
41 56 37
39 53 38
37 52 34
40 56 30
41 58 26
42 58 27
38 58 23
35 54 27
31 50 26
35 49 29
39 49 30
37 46 28
33 48 31
29 52 32
31 55 33
27 55 35
31 54 37
28 54 37
26 52 40
25 54 37
29 54 36
28 51 40
26 48 39
27 45 37
30 46 39
26 48 40
29 47 44
30 49 47
29 49 51
30 49 47
33 49 45
33 48 49
35 46 45
36 46 42
33 43 42
29 39 39
26 40 40
29 40 44
30 43 41
28 46 43
29 42 39
29 45 36
28 41 32
27 37 29
26 33 29
27 37 32
23 37 33
23 36 36
27 35 40
23 34 36
21 38 36
21 35 34
25 37 37
28 34 35
32 38 36
30 40 35
29 44 33
25 40 30
25 41 26
29 40 29
28 39 26
27 41 22
23 39 26
20 37 30
19 36 27
19 36 29
23 35 28
22 32 27
24 33 26
22 32 28
26 35 28
27 35 27
26 36 24
25 34 21
22 31 24
26 35 22
26 38 22
28 40 23
31 40 21
33 36 19
37 32 19
33 29 16
34 26 18
31 29 19
33 29 21
35 26 18
38 30 19
37 31 16
40 33 12
39 37 16
39 38 17
36 42 21
32 46 20
34 43 22
35 46 24
39 43 20
41 39 20
40 36 17
41 40 13
43 41 17
40 37 16
38 38 12
34 37 12
37 37 15
37 38 16
39 36 13
40 34 15
39 31 13
41 34 16
38 36 13
42 34 12
42 33 14
40 36 14
42 36 13
45 37 14
45 41 12
46 45 9
45 44 13
43 43 17
39 45 16
37 44 17
37 48 13
41 52 10
44 50 7
43 49 5
45 51 6
45 51 4
41 48 1
44 49 2
43 51 6
44 53 9
47 53 10
46 55 9
42 53 10
38 56 11
38 60 9
41 63 11
38 65 8
38 67 11
37 63 10
41 64 11
37 68 12
36 65 16
36 66 13
33 62 14
30 64 15
28 60 12
27 56 15
30 52 17
33 48 16
30 51 14
33 51 10
33 52 13
33 50 10
34 48 10
33 47 9
34 46 11
34 48 11
34 51 10
32 51 6
34 52 5
36 54 9
35 50 10
36 53 9
38 54 10
39 51 7
35 47 3
39 51 4
36 53 5
37 56 9
34 60 5
38 59 7
42 55 9
44 59 6
43 58 4
45 61 3
48 62 3
48 60 4
49 60 7
46 57 8
42 55 8
39 55 5
36 51 3
37 48 2
38 51 2
40 49 2
42 47 1
45 44 2
45 48 2
42 46 2
39 46 2
43 48 2
44 52 1
44 55 2
40 54 4
37 50 2
39 54 0
43 53 2
40 50 4
38 48 5
40 52 1
44 49 2
43 45 5
47 46 6
47 44 5
51 45 3
48 47 3
45 43 2
47 47 5
51 49 9
52 46 11
51 48 8
52 46 8
49 45 6
52 42 6
53 39 3
53 39 2
51 36 0
50 34 0
47 34 0
47 30 2
46 27 2
42 29 5
42 30 6
42 33 4
39 29 8
35 32 11
39 28 7
35 28 6
35 31 4
32 34 8
29 34 5
32 37 2
28 39 2
31 40 6
32 39 8
29 42 6
28 39 6
28 39 6
25 37 5
27 40 7
27 39 4
28 37 0
31 38 0
29 34 2
26 31 5
29 35 1
32 33 2
36 36 2
32 36 1
36 38 2
32 38 3
31 42 7
31 41 10
32 39 9
28 43 12
26 47 14
22 51 14
18 50 10
14 48 6
12 46 3
14 48 4
15 50 8
17 46 11
15 43 9
13 44 9
13 48 12
15 45 16
15 42 18
19 40 15
22 43 12
19 41 16
21 45 16
23 43 19
23 46 22
23 50 25
25 48 26
28 44 23
27 48 24
31 49 21
33 52 22
37 51 18
38 47 18
40 44 19
40 45 19
42 47 23
40 44 21
38 48 19
41 46 23
45 50 20
43 47 16
45 48 16
41 52 13
37 48 12
34 51 12
33 49 15
35 51 13
31 52 12
32 53 10
28 50 9
30 50 8
34 54 5
38 52 8
35 52 9
37 48 6
35 47 8
39 43 11
38 42 14
35 38 10
33 42 14
36 45 16
40 44 19
39 40 17
41 38 14
44 35 15
44 33 14
41 32 10
43 31 12
45 34 10
45 30 6
41 28 3
40 32 5
38 30 5
39 30 8
38 32 7
35 31 8
31 27 9
32 23 5
34 19 2
38 16 1
40 12 2
39 11 5
35 9 5
39 8 7
41 10 8
45 7 4
46 5 8
45 8 5
42 11 3
38 12 5
34 8 8
33 5 7
34 6 10
32 8 9
30 10 11
28 13 13
26 12 17
23 12 16
19 15 18
23 17 20
23 15 21
25 14 23
28 17 21
24 16 19
24 14 20
26 16 19
28 12 21
25 15 22
22 12 22
22 16 18
21 18 20
24 21 20
24 25 24
23 21 20
24 18 21
22 21 17
19 18 13
17 16 12
15 19 12
18 17 15
21 18 16
25 22 17
29 23 19
28 25 21
31 22 17
28 25 18
26 22 18
30 20 16
32 16 12
29 18 14
33 16 14
34 20 10
31 18 11
28 15 14
28 15 10
31 12 12
32 12 10
36 14 9
39 13 8
40 9 11
41 6 7
40 7 10
41 10 7
39 9 3
43 9 5
47 5 4
43 1 4
45 2 2
43 5 2
41 6 0
39 4 2
42 2 4
42 5 7
44 3 8
41 0 12
38 2 8
39 2 10
39 0 7
41 4 5
41 3 6
37 0 8
33 1 10
36 1 8
35 2 11
31 0 15
29 2 16
33 2 20
34 6 18
36 3 17
35 5 18
37 9 19
40 8 15
39 10 15
37 6 19
34 3 19
30 7 19
26 10 17
28 12 15
24 11 11
20 9 15
17 9 16
14 12 16
10 10 17
11 10 15
11 6 15
15 6 12
16 4 11
17 6 8
15 6 12
16 10 13
20 7 15
19 8 14
16 11 16
20 8 13
21 7 15
17 6 15
17 3 16
19 2 18
23 4 21
24 3 22
25 2 24
22 6 25
25 2 29
26 4 31
22 8 27
23 7 25
25 7 25
27 3 21
30 7 21
34 8 20
32 11 22
33 9 22
33 5 23
34 3 24
34 5 24
30 7 23
31 3 24
33 1 22
29 2 26
30 2 26
26 2 23
28 0 26
29 0 30
32 2 30
35 2 31
39 2 34
35 0 35
36 3 31
35 2 35
36 6 32
33 7 32
37 4 29
38 2 26
35 6 23
31 3 22
28 2 23
30 4 22
29 2 23
30 0 24
34 0 27
37 2 26
33 3 24
31 5 20
34 6 18
36 8 21
33 5 25
32 3 25
31 2 25
32 2 28
33 3 32
32 7 28
31 11 27
35 15 31
31 16 32
33 17 28
33 20 28
35 16 30
33 15 27
36 19 27
37 16 25
41 20 21
45 19 25
43 22 25
40 21 22
36 25 26
37 27 27
33 31 30
30 35 29
26 35 28
27 31 26
29 27 24
28 30 28
26 30 32
23 27 31
27 26 27
27 22 25
25 22 28
27 19 27
30 16 29
29 14 26
29 13 25
33 9 25
34 7 29
31 11 25
35 9 21
35 9 20
36 10 20
35 11 16
37 15 14
41 16 11
39 16 10
40 18 8
43 17 8
42 16 4
45 20 7
45 24 10
49 28 8
48 25 9
50 23 7
48 25 6
44 27 9
48 29 12
47 25 11
46 26 7
47 23 8
47 24 7
44 23 6
40 27 8
39 24 11
38 26 7
41 27 10
39 25 6
39 28 10
40 30 14
38 32 12
36 31 14
40 31 10
44 32 11
44 34 12
43 34 16
47 32 16
45 33 20
45 33 22
43 33 24
45 37 21
45 36 23
49 36 26
50 35 29
51 37 28
52 41 25
53 41 28
53 43 26
52 43 23
50 44 25
46 44 23
43 41 20
40 38 19
44 40 19
47 39 17
47 38 14
50 40 15
53 40 13
57 36 13
61 37 12
59 41 12
58 38 14
61 34 16
63 38 16
65 42 12
67 42 9
64 45 11
63 48 12
63 45 8
59 44 10
61 41 12
58 45 14
61 49 11
60 45 10
64 47 9
61 43 11
61 41 8
60 44 11
60 48 7
63 49 5
60 49 7
61 51 11
60 52 11
61 52 12
62 54 16
63 53 16
60 51 18
57 52 18
56 50 16
59 47 17
58 47 19
56 48 21
59 52 19
60 51 16
57 55 20
56 52 16
55 54 12
52 58 11
56 62 12
58 58 11
62 62 10
59 62 9
61 66 10
62 65 11
58 68 9
56 72 12
57 73 8
54 72 4
57 68 2
53 72 0
56 75 3
53 79 3
56 76 2
55 77 2
52 76 6
53 77 6
49 74 2
51 77 2
49 76 2
52 80 5
54 84 7
55 87 10
55 83 12
58 84 9
60 82 11
62 78 13
64 81 15
65 85 17
68 83 20
69 80 17
72 84 13
74 86 15
76 82 17
79 86 19
75 83 23
74 86 26
78 83 23
81 86 26
83 84 30
84 84 26
87 80 29
84 82 26
80 84 27
80 82 25
84 82 22
80 83 25
79 84 24
79 86 24
81 87 21
80 91 21
76 92 20
78 90 19
74 86 16
73 83 12
69 84 13
66 84 10
66 82 9
68 78 9
69 75 11
72 71 11
76 73 11
79 74 15
75 73 18
72 73 21
71 71 22
69 67 25
69 66 26
66 62 27
63 58 27
64 55 28
64 53 31
63 51 35
67 50 37
63 46 37
64 44 36
63 42 37
62 39 34
58 38 36
56 39 35
52 40 39
54 36 36
54 40 35
57 36 36
61 34 39
64 30 41
61 28 45
58 30 45
56 27 43
57 23 42
57 19 39
59 23 37
62 27 37
58 31 37
60 30 39
61 30 41
64 28 42
61 32 38
59 33 36
58 35 34
61 31 32
61 28 34
65 29 30
68 31 28
66 33 31
69 33 27
72 37 29
74 39 33
78 35 31
77 38 28
77 40 31
75 40 35
72 38 35
75 41 31
77 38 28
75 39 29
78 38 30
75 35 29
75 39 32
78 42 34
79 45 32
78 43 28
74 39 24
75 38 20
76 38 22
79 40 20
79 44 20
76 42 16
74 43 17
71 42 16
72 43 15
72 46 14
71 47 10
71 44 6
74 45 9
74 44 8
71 44 4
71 48 8
68 45 5
72 49 9
72 46 11
71 47 9
70 51 12
69 55 13
71 51 16
73 50 14
74 51 18
72 49 14
68 46 13
71 44 9
70 42 11
70 45 14
70 47 14
66 48 14
70 52 14
67 55 12
67 54 15
64 56 17
62 59 15
64 55 18
68 58 16
67 56 15
68 56 15
69 60 17
67 64 21
65 68 19
68 68 16
70 66 18
70 65 22
67 69 19
63 65 19
65 63 21
69 65 25
68 61 27
69 57 27
67 58 31
69 58 27
66 62 28
67 62 28
67 60 27
69 62 27
70 63 30
73 61 27
73 65 31
69 69 33
66 70 35
64 70 32
62 66 28
63 70 28
63 70 26
60 74 22
59 77 25
56 75 26
54 76 25
50 80 25
52 80 28
56 76 27
56 77 26
52 74 26
50 75 24
48 71 25
46 75 28
45 79 30
44 79 32
45 78 35
41 80 37
40 78 33
36 77 29
36 79 25
34 76 24
38 74 23
37 70 19
34 74 19
31 71 17
31 70 16
34 72 20
36 75 20
34 77 21
31 75 21
29 72 19
32 68 21
29 70 23
25 67 23
23 64 21
21 63 24
24 66 24
25 70 21
29 71 18
30 70 16
26 68 17
26 69 19
25 73 22
26 74 26
27 76 28
28 73 27
24 76 23
23 72 21
23 71 24
24 71 25
28 71 29
30 68 32
26 68 31
27 72 27
26 72 31
30 72 30
27 72 27
25 70 26
22 73 28
18 69 30
18 70 30
17 67 29
13 65 28
12 64 27
12 61 30
13 57 30
13 61 30
14 65 30
10 61 33
7 57 35
4 53 31
3 50 27
1 49 25
4 51 21
2 47 22
3 46 18
5 49 14
6 49 10
5 53 9
9 49 10
5 46 8
3 43 9
6 46 12
8 46 11
4 43 15
5 42 11
9 46 11
13 49 14
16 47 12
15 48 9
19 49 12
19 45 15
18 49 13
16 48 13
12 45 17
9 44 17
8 42 18
12 45 19
16 42 20
17 41 23
19 41 25
22 43 23
18 41 26
14 45 25
16 44 23
13 48 19
10 49 15
10 52 13
12 52 9
15 54 11
19 51 8
22 55 12
25 59 11
25 59 10
27 59 12
31 59 12
29 63 16
31 60 15
28 59 18
24 55 17
27 55 19
29 52 20
26 53 16
30 52 18
34 55 16
31 59 20
35 62 24
32 58 22
34 60 21
34 56 25
37 56 28
40 60 24
42 63 28
42 60 24
38 60 20
35 61 17
32 60 17
31 63 18
30 62 14
33 64 12
29 64 9
30 60 5
27 60 3
26 60 3
30 62 2
27 65 3
31 66 7
28 65 10
31 68 10
31 72 12
28 70 8
28 73 5
26 75 6
26 79 4
28 77 8
26 80 7
24 79 10
24 77 12
24 78 13
20 82 17
18 78 16
19 78 18
16 74 17
19 77 14
17 75 18
19 77 22
23 75 25
23 76 29
19 77 26
16 73 29
20 73 30
24 77 26
22 81 29
24 85 27
22 89 24
22 91 22
20 87 24
22 87 24
21 90 21
18 89 20
22 90 17
24 93 14
23 96 18
20 98 21
16 99 17
16 101 15
19 100 12
21 101 15
17 103 14
21 105 15
23 107 13
20 104 15
21 102 19
22 103 23
23 100 23
22 100 21
19 96 22
17 94 24
16 96 21
19 97 25
19 97 24
23 95 24
23 95 21
22 97 21
26 101 20
30 100 19
26 100 17
30 101 16
30 99 19
34 101 21
34 105 19
38 108 22
42 112 20
41 115 20
40 111 18
36 107 18
32 103 15
28 103 19
30 105 20
30 107 18
27 108 17
31 109 19
34 113 19
36 114 18
34 117 19
32 114 21
36 113 17
35 112 21
33 112 20
36 113 23
40 114 21
44 118 18
40 120 18
43 124 14
39 124 14
42 127 10
38 125 12
42 126 8
38 128 9
39 131 10
39 134 14
41 134 17
39 133 21
42 136 21
44 134 18
45 130 21
44 131 17
43 135 20
41 135 23
40 132 23
42 136 27
45 136 23
47 133 25
51 136 22
49 140 23
52 141 25
55 145 21
52 149 20
48 146 17
48 147 15
45 151 15
46 154 18
46 156 16
44 158 14
48 154 15
47 153 19
46 155 19
45 156 15
47 155 19
47 151 15
47 150 16
46 147 16
46 149 19
49 150 22
51 146 23
53 148 26
54 149 22
55 152 21
56 156 20
60 160 24
59 157 20
56 156 18
57 158 19
58 154 16
57 153 18
55 155 18
59 159 22
61 158 24
57 156 25
57 160 29
59 159 25
62 159 27
58 157 23
62 160 19
66 163 16
65 162 17
63 164 16
60 165 16
56 165 15
59 164 14
56 168 10
58 172 10
62 174 11
61 170 12
65 168 16
66 167 18
70 167 19
70 171 21
71 173 17
71 177 20
70 179 19
71 177 16
74 178 12
70 179 11
72 180 8
73 181 4
71 183 8
68 186 11
69 187 9
73 190 5
69 193 5
68 189 8
71 186 11
74 190 8
78 189 10
77 187 7
76 189 4
75 187 6
78 189 9
79 185 7
81 181 9
83 181 8
81 181 4
83 181 4
81 180 6
84 177 4
81 173 7
80 170 9
84 174 6
85 176 3
82 180 4
81 180 8
78 180 5
77 184 2
80 182 2
77 180 3
73 180 1
75 178 2
74 178 5
74 178 8
76 175 8
75 177 12
72 177 14
73 174 10
73 176 12
71 178 9
72 174 13
70 177 9
71 177 6
71 177 6
75 178 2
79 182 2
75 184 0
75 188 4
72 192 6
69 192 5
68 194 7
67 198 11
68 195 8
65 196 4
69 199 3
68 198 0
72 195 2
75 194 1
71 196 2
71 200 3
67 204 1
70 201 2
71 200 5
70 197 5
71 200 8
74 196 5
76 194 7
75 191 5
76 191 3
72 188 1
73 190 2
70 187 2
72 185 2
73 186 3
75 188 1
78 188 5
82 188 6
80 186 4
82 183 5
84 184 5
86 184 5
87 185 5
91 185 8
90 185 4
87 187 8
90 190 6
94 186 3
93 182 2
97 181 2
97 185 1
99 187 5
103 184 3
101 182 2
100 180 1
97 178 1
94 175 5
92 179 3
96 175 7
96 171 4
95 173 2
99 174 4
101 178 8
99 175 6
97 172 7
99 176 10
102 179 9
99 179 13
99 183 13
95 186 10
96 183 11
94 183 9
92 180 13
94 184 13
94 180 16
96 184 13
96 180 16
98 183 18
100 180 18
102 182 14
104 178 11
101 175 12
101 172 8
103 171 11
107 175 14
110 179 18
114 180 20
111 183 21
110 187 18
112 190 15
108 191 13
104 193 12
106 192 15
105 188 15
109 187 14
113 186 17
117 182 13
120 186 9
117 183 13
117 179 13
116 179 12
119 182 12
119 178 8
120 175 8
116 178 12
120 175 8
124 172 11
120 172 11
118 175 9
114 174 11
112 171 15
115 170 18
113 174 22
115 171 24
112 172 24
113 175 21
117 171 21
115 171 21
112 175 24
109 175 25
111 179 28
108 178 24
104 180 20
103 176 23
102 179 23
99 176 25
98 175 25
95 171 21
92 168 25
89 167 23
87 170 20
88 167 22
92 168 18
94 168 22
94 168 21
93 171 17
92 174 19
90 178 23
89 181 24
93 185 23
90 181 25
87 184 29
84 181 31
80 182 29
79 185 26
79 182 27
76 186 29
76 187 33
72 186 37
70 182 35
74 180 33
70 184 36
66 188 37
68 190 40
69 186 41
71 185 41
69 187 43
70 184 46
74 183 50
73 187 54
69 185 54
73 181 53
72 182 49
71 178 45
70 175 49
71 179 50
67 177 54
66 176 57
68 177 60
66 180 63
65 177 62
64 174 66
60 174 67
56 173 65
56 169 67
58 173 63
55 170 63
59 169 61
60 171 58
58 171 54
60 173 56
63 174 56
65 173 52
62 172 49
62 174 47
65 175 47
64 176 49
61 173 47
59 173 51
62 172 54
59 173 58
63 170 56
60 169 59
61 171 61
61 169 64
65 173 62
62 174 61
59 171 58
63 175 60
67 179 62
64 180 61
66 179 62
66 181 64
64 180 63
65 180 62
66 180 59
65 178 59
63 176 62
64 177 63
62 178 67
61 180 69
62 183 72
65 181 70
68 183 73
67 184 73
63 187 73
59 185 71
56 189 73
55 193 74
56 195 75
58 194 75
55 198 76
54 202 77
55 202 73
58 198 75
57 200 75
60 198 77
61 202 78
57 198 81
60 197 85
59 201 88
59 204 91
63 204 89
60 206 91
56 206 91
55 207 87
58 209 83
61 210 87
57 210 84
60 208 81
59 208 83
56 207 85
60 207 85
57 203 81
55 200 79
57 204 76
60 206 77
63 209 74
62 211 70
58 207 66
59 206 63
60 210 65
57 211 69
57 211 70
61 212 68
57 209 71
60 208 68
61 211 72
62 211 75
60 213 73
64 210 69
65 207 72
69 208 70
65 204 72
66 205 74
62 202 74
62 203 74
58 206 70
57 207 67
54 209 69
54 212 66
52 211 68
49 213 69
48 210 67
47 206 71
47 210 75
44 213 73
43 215 73
44 211 71
47 208 75
46 212 76
45 211 76
43 210 78
42 214 77
41 215 78
42 211 79
39 210 76
42 214 77
44 217 78
47 221 79
50 221 81
54 219 79
57 223 80
57 219 80
55 215 80
54 219 81
55 217 85
56 213 86
57 214 89
61 211 88
59 207 85
57 211 81
61 209 84
58 210 82
56 206 80
60 202 79
61 204 83
64 206 79
68 208 81
70 207 83
71 204 87
68 203 84
71 206 87
75 207 86
76 204 86
79 204 85
75 204 89
73 202 90
75 201 87
72 204 91
75 200 93
72 203 93
71 202 94
70 200 98
74 202 94
76 199 96
78 200 100
78 197 101
82 200 98
82 197 96
84 194 93
88 194 95
91 197 97
95 198 95
93 194 98
89 197 97
93 194 100
94 191 102
96 189 99
93 185 99
93 181 96
89 178 96
87 176 96
86 176 92
83 180 90
85 179 88
82 178 89
80 176 93
76 180 97
77 177 101
81 176 103
85 172 100
85 171 100
81 167 98
79 167 101
78 164 103
76 165 103
79 168 105
78 167 107
81 163 107
79 165 109
77 167 108
79 171 111
76 175 115
72 179 114
75 176 111
79 174 114
80 177 117
81 175 119
77 173 120
76 175 116
76 176 113
80 172 115
84 175 112
85 174 113
81 174 109
80 178 109
80 177 113
83 177 117
80 178 116
83 176 116
83 178 120
79 176 117
75 178 115
77 175 116
73 173 119
75 175 123
76 172 127
79 176 130
77 179 132
80 176 130
78 176 132
81 176 129
79 173 129
78 174 125
82 178 126
84 176 126
81 176 122
84 179 123
80 183 119
79 185 117
83 186 115
80 187 119
77 190 123
80 186 119
82 188 118
82 192 120
81 192 120
77 188 120
74 187 118
76 186 117
78 188 116
74 186 112
76 185 110
75 181 106
79 178 107
75 179 106
77 175 110
79 175 112
78 173 115
79 172 116
78 176 115
77 180 119
80 180 123
83 176 120
81 174 116
85 171 115
87 171 117
90 175 120
89 179 123
92 178 126
89 175 129
91 173 132
90 169 136
94 168 134
98 169 131
99 165 130
101 161 132
102 158 128
106 157 124
103 156 128
101 153 124
100 153 124
96 150 128
96 149 125
95 153 122
95 155 119
95 158 116
96 155 115
100 155 111
96 158 113
95 158 110
93 159 110
96 155 107
96 156 110
93 153 110
97 152 107
96 153 109
96 154 112
95 151 111
95 148 115
91 146 114
87 142 114
90 140 110
87 138 108
90 137 109
91 134 111
93 136 109
91 132 109
93 130 109
94 126 112
97 125 113
101 128 109
105 127 110
107 127 111
111 130 108
110 132 112
106 132 108
106 131 104
109 127 100
109 128 98
112 125 96
108 125 94
104 129 94
106 129 91
104 132 92
105 132 88
109 134 88
111 136 90
112 135 91
110 136 95
110 135 91
108 138 90
111 141 91
110 142 94
113 144 91
113 140 93
111 137 90
108 137 90
108 137 92
104 135 88
106 133 89
106 135 88
103 135 90
100 133 91
103 130 89
106 129 92
110 132 91
110 131 94
111 133 96
109 129 94
110 126 93
108 130 89
109 134 87
110 133 84
106 137 82
102 135 81
100 132 83
104 133 84
104 134 86
104 134 85
100 138 83
99 138 86
101 141 89
101 144 93
97 148 97
93 147 95
90 150 96
91 149 99
88 149 99
84 152 102
84 152 102
87 156 101
88 159 102
88 161 102
91 163 99
93 162 102
93 158 100
89 161 101
90 157 98
88 154 101
87 155 98
88 159 96
85 158 92
81 161 88
78 160 87
75 163 91
74 159 95
77 163 93
73 164 92
75 160 94
75 164 90
77 162 90
80 164 92
79 168 90
78 166 88
77 166 88
73 167 86
76 169 86
74 166 88
73 170 87
70 169 85
66 169 84
64 172 84
64 170 86
63 167 82
62 164 82
64 163 86
61 164 85
62 167 86
63 163 84
61 161 82
64 157 85
65 155 84
65 154 87
61 158 84
62 154 85
59 152 87
63 149 90
66 149 86
67 151 88
64 152 85
63 155 87
60 157 89
61 155 91
61 156 93
57 158 94
61 160 97
60 159 94
62 159 90
59 158 91
55 159 92
58 156 92
54 154 96
55 154 96
53 152 97
51 151 95
49 151 94
53 153 93
52 150 92
49 151 94
51 152 93
55 149 89
57 151 90
59 153 90
55 154 93
56 150 97
59 146 99
59 144 98
58 142 102
60 145 105
56 147 101
52 143 97
52 140 98
54 144 100
57 140 100
56 141 104
59 140 103
57 142 101
61 143 99
61 140 96
57 143 99
57 139 95
57 141 93
60 139 91
56 138 89
54 140 93
52 142 90
56 140 90
53 137 88
49 137 91
46 135 88
44 137 84
47 137 88
50 138 85
46 139 88
49 143 88
49 139 88
50 137 87
50 138 87
54 134 84
54 131 80
50 132 80
47 133 82
45 135 78
42 139 81
38 140 85
39 138 85
43 141 82
42 138 84
44 142 83
40 138 79
39 141 78
39 142 78
40 138 78
44 139 76
46 142 80
45 142 80
42 144 78
46 140 75
45 136 78
45 134 80
41 131 78
42 128 74
41 130 71
38 134 75
36 135 75
35 132 71
37 133 67
39 137 69
35 137 71
32 140 69
35 136 72
35 133 71
33 134 69
35 136 65
37 133 64
38 130 61
34 129 64
35 133 63
39 130 59
37 133 57
39 129 60
37 132 64
37 133 60
33 137 63
30 135 61
29 139 58
31 138 56
27 134 57
24 137 57
26 139 61
24 136 61
26 133 58
27 130 62
29 133 66
28 133 68
27 137 72
30 138 72
31 135 69
32 138 72
28 139 70
31 140 73
32 136 70
29 139 72
27 136 69
27 135 69
29 132 68
27 129 68
30 132 66
30 134 70
31 135 73
28 135 72
27 139 68
29 137 70
29 135 74
32 137 75
34 138 78
31 135 79
34 137 80
38 138 81
42 142 78
44 144 82
42 142 78
46 145 81
44 149 84
44 145 87
42 146 83
38 145 83
42 141 84
45 139 87
49 139 87
51 141 87
49 137 87
53 137 84
49 138 86
52 134 87
54 138 88
53 134 92
52 137 93
53 139 92
50 141 89
53 138 88
54 136 89
54 139 89
54 140 92
56 144 93
56 144 90
52 146 94
55 144 91
59 145 88
60 143 85
62 141 84
59 137 80
61 134 82
60 132 81
60 130 85
58 130 82
58 130 83
58 127 79
54 127 81
55 123 85
51 121 88
50 119 89
52 117 87
54 118 88
58 118 90
56 114 93
57 113 95
53 110 98
56 114 99
53 117 96
54 117 98
54 121 97
58 125 101
55 123 101
57 126 102
56 125 103
52 129 100
53 132 99
56 135 103
52 134 105
56 134 107
54 132 109
56 129 105
56 129 105
55 126 103
54 128 107
51 125 111
55 128 115
52 126 115
54 122 111
50 126 114
52 125 117
49 129 113
46 133 110
49 129 107
53 127 108
49 128 106
48 132 109
46 131 106
49 134 105
46 132 101
48 132 99
45 136 101
44 132 102
44 129 100
42 132 103
46 134 99
46 134 102
45 130 106
45 131 107
48 128 105
48 127 106
50 125 110
50 122 113
51 124 112
51 121 114
52 120 117
54 124 118
57 121 121
53 117 122
50 113 119
48 113 121
50 117 124
51 117 121
51 116 117
51 118 119
53 122 120
49 119 119
50 123 117
52 123 113
56 126 113
54 126 117
51 128 119
53 129 120
52 127 122
54 127 118
58 124 116
58 121 116
54 123 115
58 127 115
58 123 117
58 121 113
60 124 115
64 121 116
61 121 116
60 123 119
59 125 119
62 128 122
66 124 121
67 123 121
67 122 121
69 119 124
65 117 122
66 121 119
66 124 116
64 122 119
66 118 115
68 122 113
69 123 117
68 122 116
72 124 117
68 127 120
70 127 120
74 130 122
74 128 120
72 130 116
68 132 117
67 129 113
63 129 116
60 128 112
57 130 109
55 134 106
55 136 109
59 138 113
62 141 114
64 144 110
64 140 110
63 141 106
65 145 104
65 149 106
66 149 105
66 152 107
70 154 105
67 154 101
70 151 104
69 148 102
70 147 103
66 146 104
64 147 101
65 145 103
63 147 99
62 151 97
58 149 93
54 153 96
52 156 97
48 157 97
48 160 101
45 156 98
47 152 100
44 148 96
44 150 92
42 146 94
45 144 95
41 147 91
43 150 93
44 154 93
47 153 96
46 154 97
49 155 100
48 159 96
46 156 98
49 155 100
51 154 98
54 155 99
51 155 96
53 157 93
55 154 95
55 153 91
57 157 89
57 156 85
55 152 87
57 151 85
54 150 84
55 152 81
53 152 77
56 156 74
60 159 75
56 156 76
58 156 73
58 155 69
59 159 69
62 159 68
58 158 64
57 159 65
60 163 69
57 161 65
53 163 67
53 161 68
57 159 65
55 157 65
55 154 68
58 158 64
58 156 65
57 152 68
60 155 70
61 151 66
60 148 69
56 146 73
57 147 70
56 148 69
57 152 67
61 149 65
63 149 65
61 153 67
59 153 69
60 157 69
59 156 70
60 154 66
57 152 65
61 152 65
57 156 69
55 159 68
54 155 72
58 151 71
55 155 73
52 157 74
55 153 73
54 151 74
53 153 78
50 151 75
51 147 76
51 146 73
47 147 74
50 147 77
50 147 77
54 149 77
50 150 77
54 147 81
58 146 82
55 149 86
58 152 88
58 151 89
62 154 86
63 155 88
63 158 84
64 154 81
67 152 82
65 152 80
66 149 76
70 145 78
73 146 74
69 145 76
72 144 72
75 141 69
71 137 73
69 137 74
72 138 77
68 136 78
70 133 75
71 136 73
68 139 72
66 140 69
67 142 69
64 140 68
68 142 71
72 138 70
76 139 73
79 139 75
81 143 75
79 141 75
81 142 71
78 143 70
82 145 71
79 148 69
83 148 69
84 152 73
88 148 76
89 150 77
90 146 79
94 146 82
92 150 83
89 152 86
89 149 83
85 153 80
89 156 83
88 156 86
88 154 86
90 157 82
93 156 86
97 156 85
97 159 86
98 157 89
96 158 85
92 159 85
90 163 82
90 165 82
86 165 86
82 163 83
85 161 80
83 163 79
86 163 80
85 162 79
82 158 83
81 161 83
82 159 81
81 160 81
78 157 85
78 161 88
82 161 88
84 161 91
88 164 87
89 166 90
92 163 93
90 159 96
90 160 98
89 164 99
91 166 95
94 162 98
95 164 99
96 166 96
92 169 92
88 167 93
86 166 96
85 170 96
86 170 94
89 169 93
90 171 91
86 173 92
84 173 89
85 173 85
87 173 86
89 175 90
86 178 86
88 177 86
89 178 90
93 181 86
97 183 86
96 183 90
93 187 89
91 191 92
94 189 92
94 189 91
92 193 87
96 193 89
94 194 89
90 194 87
86 190 91
82 191 90
86 192 88
86 188 85
90 189 87
92 187 88
89 188 84
86 187 83
89 186 87
88 184 85
92 187 82
92 188 82
91 186 82
91 189 82
95 190 82
99 187 78
100 187 74
102 188 70
106 190 71
102 191 70
102 192 69
103 192 66
104 193 67
102 196 64
103 195 61
103 194 60
103 194 58
105 193 56
107 194 57
108 192 57
109 193 55
110 189 51
110 191 49
113 190 51
110 193 51
107 190 51
107 190 54
108 188 56
106 189 57
103 193 60
99 195 57
102 198 55
106 198 53
108 196 54
108 198 58
105 202 61
103 205 65
101 208 66
98 212 64
102 216 64
106 214 67
107 218 65
111 218 68
108 218 69
106 219 69
104 221 66
100 224 62
99 225 59
99 221 59
102 219 56
101 220 52
104 223 53
104 219 52
108 216 49
104 217 51
104 218 50
102 219 51
101 217 47
97 216 48
97 217 51
93 216 51
95 218 50
97 221 51
99 221 50
101 218 52
101 219 55
98 218 58
95 219 60
94 223 61
90 226 64
88 226 61
86 226 64
85 230 60
83 226 58
84 229 59
81 232 62
77 234 59
81 233 63
79 234 67
80 238 70
78 236 72
74 240 75
75 238 74
77 240 78
73 244 78
73 244 78
75 240 79
77 241 81
73 240 80
69 243 79
72 246 82
71 249 86
72 245 84
72 248 85
71 251 87
68 252 90
70 250 90
67 249 94
69 247 91
66 244 90
65 245 91
62 242 89
58 243 85
61 240 86
59 239 83
58 238 80
56 239 76
56 236 72
52 237 72
48 240 68
46 239 69
50 239 67
47 242 70
46 240 69
49 237 71
52 234 73
50 231 75
47 233 71
49 233 69
52 234 68
48 236 64
50 235 66
47 237 63
45 237 60
45 236 64
48 233 64
48 233 63
50 236 64
47 235 62
47 238 60
50 235 63
54 232 64
50 231 62
52 233 61
52 235 57
53 234 55
55 233 58
52 236 62
53 237 65
50 234 66
49 231 70
48 227 73
47 231 73
43 233 70
45 237 70
41 237 70
45 240 72
47 243 74
47 242 78
46 241 77
46 237 76
49 237 80
49 234 76
47 231 79
44 229 82
42 232 85
39 230 84
38 226 81
37 223 81
35 222 82
32 223 78
30 221 74
27 221 74
31 218 72
33 218 74
33 217 75
29 213 78
31 211 75
31 211 71
33 210 68
32 207 67
35 206 69
31 203 67
31 204 68
30 204 70
29 208 70
31 207 73
28 204 70
31 201 66
27 202 62
26 204 59
23 206 62
20 208 61
19 212 60
19 213 57
15 211 59
15 209 59
13 213 62
10 215 65
6 218 68
9 217 65
11 216 63
9 220 61
12 219 61
11 222 61
13 221 65
10 217 68
10 219 71
11 220 75
11 217 72
14 216 68
11 218 65
8 222 66
5 221 67
1 222 71
3 222 67
2 223 65
2 226 68
2 227 67
5 229 67
1 227 64
0 226 65
1 228 69
2 225 72
6 225 75
8 228 76
12 227 73
12 228 69
9 230 68
10 232 72
14 229 76
12 227 74
16 226 70
13 230 73
13 227 77
13 231 74
12 228 71
16 226 71
19 223 73
21 222 69
19 223 70
20 220 69
18 218 72
19 215 73
23 219 74
24 222 71
24 223 68
24 224 64
21 226 63
20 230 63
23 226 63
21 228 67
20 230 66
20 229 66
22 232 62
20 231 65
17 233 68
13 229 72
9 233 75
8 236 71
6 240 69
2 238 65
5 242 68
7 240 65
5 242 63
4 239 62
2 241 60
3 238 57
2 240 53
3 243 53
3 243 56
2 246 59
3 246 59
6 248 61
9 247 64
7 249 61
10 250 60
8 249 62
12 250 66
14 250 63
12 254 61
12 255 63
15 257 67
16 260 65
19 264 63
23 261 63
24 261 61
26 264 62
28 263 65
32 262 64
34 259 61
34 258 63
34 261 65
33 262 63
35 261 67
38 260 71
41 256 68
37 258 72
36 255 75
32 251 75
30 250 78
27 249 77
24 251 77
26 247 77
28 249 79
27 250 76
28 251 72
31 253 76
35 256 72
33 256 76
32 258 72
36 262 72
34 261 73
32 257 75
31 256 75
29 257 73
31 257 76
32 261 80
33 257 77
33 261 81
31 263 79
31 264 75
27 264 71
25 267 68
27 265 71
31 267 70
34 265 67
31 268 64
29 270 63
33 273 64
34 271 67
37 270 66
41 270 64
38 267 66
35 269 68
38 273 64
40 272 60
38 272 59
36 269 63
37 272 63
33 273 66
35 274 70
31 278 73
33 278 70
29 279 68
31 283 69
34 280 73
37 283 77
33 287 76
30 289 80
26 292 78
28 288 80
30 289 84
33 288 83
29 292 84
33 293 81
35 291 82
38 289 82
39 288 83
39 287 79
38 288 82
42 289 84
42 286 86
46 288 86
45 289 84
41 291 88
41 295 90
43 298 86
41 297 85
40 301 81
40 304 77
39 307 81
35 306 79
36 310 81
36 307 84
34 311 85
30 315 83
29 317 80
30 313 81
31 317 82
31 321 84
33 321 80
37 318 79
41 318 75
42 314 74
39 314 70
38 310 68
42 312 69
44 309 66
45 307 69
41 305 73
39 304 72
35 300 68
36 299 69
40 295 69
38 297 66
40 299 68
39 301 70
38 304 73
41 307 72
41 305 70
39 308 67
37 304 68
34 301 69
37 301 72
41 302 71
43 303 75
42 307 71
38 303 72
38 302 69
42 302 69
41 301 66
41 304 63
41 303 67
41 304 69
42 302 73
38 299 75
39 300 74
36 301 72
34 299 69
36 295 68
34 294 69
36 293 71
40 295 68
40 293 66
42 295 66
45 292 70
41 289 74
38 289 75
37 292 73
37 292 69
35 294 69
33 297 66
36 295 62
34 296 63
33 298 65
29 300 65
32 304 65
35 307 67
31 309 65
29 305 66
27 307 62
26 307 61
24 304 65
22 305 62
19 301 59
17 298 57
17 300 55
20 304 55
22 301 56
22 304 59
20 304 60
22 302 56
18 303 60
18 304 56
18 304 59
19 308 55
21 310 53
22 314 55
18 317 59
19 318 55
15 314 56
13 317 53
15 314 56
13 318 55
13 316 54
16 315 55
16 315 59
20 318 60
22 316 62
18 316 58
21 320 62
17 323 61
14 321 57
10 322 54
12 318 58
15 319 59
13 316 62
12 320 66
11 321 64
8 322 60
4 324 59
5 323 59
3 326 59
4 323 57
7 326 54
7 322 55
11 325 52
14 321 51
10 317 48
6 314 50
6 313 52
4 312 49
7 316 53
8 318 57
6 315 60
2 312 58
5 308 56
6 309 52
4 305 49
8 309 47
7 310 46
6 306 46
4 306 49
0 303 46
4 301 44
6 304 48
7 306 45
5 302 47
9 303 43
9 302 39
7 305 36
4 308 37
5 305 35
4 303 32
7 300 34
6 296 35
2 299 35
5 300 38
2 303 34
4 299 32
8 296 35
5 296 37
1 300 33
4 296 35
5 294 38
4 295 38
8 295 41
9 297 45
6 296 47
3 295 50
5 298 46
5 301 50
3 301 46
5 301 47
9 305 49
9 303 49
5 301 50
8 302 48
4 299 47
7 303 48
4 302 48
5 306 51
3 310 53
0 309 51
2 310 55
2 314 59
0 310 61
4 309 59
3 313 58
1 313 59
2 315 55
2 316 55
6 313 59
7 316 59
3 320 60
2 320 60
0 324 59
4 321 63
8 321 64
11 321 63
13 323 61
11 319 60
7 320 59
6 324 58
8 327 55
11 331 52
9 334 53
10 335 54
11 337 56
13 338 55
17 339 51
14 336 49
18 334 48
20 333 50
16 329 51
13 326 47
11 325 43
7 324 42
4 325 42
0 326 45
1 329 49
3 327 49
2 326 51
4 328 55
6 331 56
5 333 57
2 336 57
6 338 56
2 334 53
4 333 50
8 332 49
6 332 47
8 331 51
10 334 47
9 333 47
10 330 46
14 330 48
17 331 48
13 335 51
14 332 54
13 328 52
12 328 52
10 326 56
7 326 60
6 328 56
2 330 57
3 329 60
3 329 63
1 329 66
2 329 67
0 332 64
2 331 65
2 329 64
3 325 60
7 327 59
10 326 58
13 323 54
12 323 51
16 321 55
20 320 56
23 322 52
21 321 55
23 317 57
27 317 54
26 319 57
25 322 56
22 322 53
22 321 53
21 319 52
20 316 53
23 312 52
20 315 55
18 314 52
22 311 49
25 314 47
24 311 49
28 309 53
25 309 57
22 308 57
19 312 55
17 316 58
20 314 61
24 315 60
20 315 63
23 312 67
24 308 69
23 312 65
20 313 61
17 317 61
13 316 58
11 318 55
11 317 52
15 313 54
19 315 57
15 319 55
12 321 51
11 325 54
7 329 54
9 330 52
8 333 50
8 333 50
6 335 53
8 337 49
4 338 53
6 337 56
6 335 58
9 331 61
8 332 65
4 329 62
7 329 63
10 325 62
9 324 64
10 320 65
13 321 65
16 325 61
12 325 62
8 329 61
8 329 65
12 325 68
13 324 64
16 323 68
15 323 69
17 325 66
16 325 67
20 321 63
16 320 65
15 317 61
17 314 60
19 318 56
17 315 55
20 311 53
22 310 57
20 307 55
19 307 56
15 309 53
14 310 49
13 314 53
9 317 51
10 314 52
9 312 49
12 315 47
12 317 47
12 317 49
16 318 49
16 317 47
18 314 50
15 313 53
16 317 53
14 319 57
15 317 58
13 320 56
15 316 60
18 316 63
21 314 64
24 311 64
25 309 64
21 312 60
17 316 59
17 319 61
15 323 62
19 327 58
22 327 61
18 329 59
15 333 61
16 337 57
13 333 54
17 330 50
17 334 48
20 333 50
19 337 46
19 336 48
21 334 51
22 336 53
23 336 50
26 332 46
27 333 49
26 334 49
30 333 51
31 329 50
31 326 52
31 326 48
27 327 48
26 325 52
26 329 55
24 326 53
24 329 54
24 329 58
27 325 59
28 321 63
31 320 65
32 318 64
35 319 67
38 322 65
37 320 62
38 316 63
36 316 60
38 317 59
41 314 62
44 313 65
41 313 63
45 315 60
45 314 62
42 314 59
42 312 56
44 311 59
40 307 60
42 304 56
39 303 60
38 303 58
40 302 58
43 299 62
40 298 60
43 300 62
41 302 64
44 298 65
46 300 67
50 301 63
53 303 67
57 303 64
59 299 66
59 297 62
55 296 58
57 295 57
58 292 56
60 295 55
59 299 57
62 302 58
60 300 58
60 298 54
63 301 58
66 302 57
66 303 56
68 301 54
71 301 58
70 298 59
74 298 58
71 301 58
74 304 58
73 303 62
75 305 60
71 307 56
67 307 59
69 306 58
