51 38 37
47 41 39
49 42 37
52 43 36
53 44 37
53 47 33
56 51 31
55 51 32
56 49 36
59 51 33
56 51 33
52 53 32
51 53 32
48 57 36
49 59 33
50 56 33
52 60 35
55 61 32
59 61 35
60 57 38
60 59 41
56 63 44
60 61 45
57 57 45
55 53 49
58 50 52
60 51 49
62 52 45
60 48 49
64 47 50
62 44 52
63 42 53
63 38 55
62 40 57
60 44 59
64 44 57
65 40 55
63 44 52
60 41 53
59 38 50
57 35 48
58 39 51
54 37 50
57 35 54
61 39 57
60 38 54
63 34 57
61 30 53
59 29 51
60 25 48
57 26 48
58 25 46
55 23 43
54 27 45
58 27 43
57 23 42
55 22 40
53 24 38
57 22 36
60 20 35
61 17 31
58 13 28
54 15 29
58 18 32
58 14 30
56 18 32
52 22 36
55 19 37
51 15 38
49 19 42
51 18 42
51 15 42
48 14 42
47 16 46
51 15 50
50 11 52
53 15 53
53 16 55
51 20 51
55 17 55
51 16 51
51 15 51
47 12 55
47 9 54
51 10 57
55 13 59
56 14 55
53 11 54
56 15 55
60 15 58
61 14 56
58 18 58
61 19 62
58 21 60
61 20 60
63 20 61
64 18 60
62 18 56
65 20 52
63 17 52
61 16 54
63 18 56
61 19 55
61 17 54
57 17 55
57 15 54
54 13 53
56 17 50
52 14 46
53 17 47
50 21 47
50 22 51
47 23 51
49 19 47
50 21 45
52 20 42
50 24 46
53 23 46
51 26 46
53 26 48
53 26 48
57 26 45
61 26 49
60 22 45
57 18 44
56 15 43
60 16 40
56 20 37
53 18 36
50 14 33
52 11 30
56 8 29
57 10 28
54 11 25
56 13 28
58 11 25
57 8 23
59 11 21
55 7 22
51 7 20
50 11 19
51 12 17
47 9 20
51 12 20
48 11 19
51 7 20
47 3 16
51 7 20
52 3 24
56 4 28
56 3 31
55 3 30
56 2 32
59 0 36
60 2 39
64 2 36
61 2 39
59 0 42
56 2 43
55 1 39
58 3 36
60 2 35
61 2 32
65 0 32
61 3 33
63 5 32
66 6 35
68 9 33
71 11 32
70 7 33
66 4 37
68 4 40
65 1 44
65 3 47
63 2 51
66 3 51
70 7 54
70 7 57
71 7 54
71 11 50
69 10 53
73 14 49
69 10 49
67 13 45
66 12 48
62 8 45
64 11 48
66 15 52
64 14 50
65 17 48
68 15 52
67 19 48
70 20 47
73 24 48
76 20 46
76 20 50
74 18 54
71 19 57
75 23 57
77 25 56
73 29 54
70 25 53
66 22 50
64 19 51
60 16 52
58 16 55
59 15 55
59 12 53
63 8 51
61 6 51
62 2 53
58 3 55
62 7 55
63 8 53
67 7 54
68 6 54
64 10 50
68 11 46
64 11 44
65 12 47
69 16 46
68 15 44
69 16 42
72 13 41
74 16 40
71 15 36
70 17 36
68 14 38
64 16 38
64 20 35
67 21 35
66 23 39
64 23 39
64 20 43
63 18 41
66 22 43
64 19 45
67 22 46
70 20 49
68 16 45
69 13 43
67 17 45
63 21 49
61 17 53
60 20 54
60 23 50
61 22 51
58 22 47
57 18 49
57 22 45
61 25 43
61 23 46
58 22 42
56 21 46
59 24 42
56 21 45
53 22 42
52 24 45
53 27 49
51 25 49
48 29 49
45 25 46
43 24 44
47 23 40
47 22 36
45 21 40
47 20 38
47 20 39
45 19 41
47 20 45
51 17 43
48 14 45
50 11 42
48 10 41
46 13 41
48 17 43
44 15 42
46 17 41
49 18 40
52 19 39
56 18 35
55 20 31
52 22 33
49 21 32
50 17 32
52 16 31
51 17 33
47 19 29
49 22 26
48 19 29
47 21 29
46 22 26
50 26 28
51 22 28
52 23 24
50 23 22
47 24 20
49 25 23
53 25 23
49 24 23
46 24 22
45 25 25
43 28 26
47 32 28
48 36 27
44 37 23
47 39 23
48 36 23
49 38 25
48 36 27
45 35 25
44 36 24
47 38 22
46 37 21
49 39 23
52 38 26
53 36 22
49 36 26
50 37 27
46 41 30
44 38 33
42 34 33
46 36 36
49 39 33
48 35 32
47 36 33
48 34 34
45 37 30
41 37 34
45 39 31
49 37 34
45 38 35
45 36 37
45 34 39
41 35 41
41 33 44
42 30 42
41 27 43
41 27 39
39 25 42
43 22 39
44 20 37
40 20 40
36 19 39
37 22 43
40 24 47
40 25 47
39 26 51
38 27 51
42 25 53
45 21 51
41 20 53
42 23 55
42 25 55
41 22 56
44 26 59
41 24 56
38 24 53
34 25 50
35 28 52
33 31 51
29 32 49
33 31 45
32 27 43
33 24 45
34 28 43
32 29 43
28 30 39
27 28 41
26 25 38
25 29 40
26 32 36
30 34 34
32 34 31
35 31 28
35 29 27
39 32 27
43 33 27
42 37 29
39 39 27
38 35 31
41 39 30
41 41 32
40 38 33
42 41 37
38 37 33
39 35 30
38 39 30
38 35 28
36 32 26
40 32 26
36 32 27
32 32 29
36 29 27
40 29 24
36 25 23
36 23 19
34 21 18
36 22 18
32 24 16
28 20 19
29 24 23
30 27 25
31 29 29
35 33 28
38 29 29
41 33 27
43 31 26
47 31 24
47 32 25
45 30 26
47 32 28
45 28 32
41 28 33
39 24 29
43 24 26
39 26 22
42 30 20
40 30 19
37 28 23
40 25 26
42 26 23
46 30 25
43 31 25
42 35 23
41 39 23
42 40 24
45 42 23
48 43 21
51 47 25
53 49 23
49 47 27
49 43 25
52 46 26
48 44 30
47 43 30
48 47 30
45 46 31
45 48 34
44 49 33
48 48 35
48 45 36
49 42 37
48 38 36
48 38 33
52 36 30
51 38 27
53 38 28
54 39 26
58 39 29
56 37 27
55 35 24
53 36 23
51 38 26
48 37 28
48 41 30
51 43 33
54 47 36
50 45 38
49 42 35
51 44 35
54 46 32
51 49 31
49 47 34
50 49 31
48 53 35
44 56 36
43 56 35
39 53 34
37 53 32
39 55 30
41 57 31
45 59 28
42 56 27
40 58 26
39 56 30
42 60 33
46 63 34
48 64 35
45 62 37
46 58 39
47 62 41
45 62 40
44 59 37
43 59 33
39 61 29
42 61 27
46 57 24
49 56 28
51 56 25
55 56 28
57 53 27
54 53 23
53 53 25
49 55 22
52 57 23
50 53 22
52 57 20
52 58 21
48 54 25
48 55 22
50 59 20
47 57 19
50 60 15
50 62 11
51 59 14
47 63 13
47 59 17
43 61 16
45 63 19
46 66 23
45 67 19
47 64 18
43 61 19
42 63 15
40 61 19
41 58 16
42 59 13
45 62 13
49 60 13
46 57 9
48 55 8
51 57 4
48 58 4
52 59 0
50 60 2
53 64 2
49 61 2
51 63 4
54 67 8
53 71 6
57 70 10
56 69 8
56 68 5
54 68 7
53 65 3
55 64 7
53 65 8
51 65 4
51 65 7
49 66 3
50 62 0
54 66 4
50 70 0
49 66 2
45 63 0
45 65 1
41 69 1
37 66 2
37 67 5
39 71 9
40 75 8
39 73 5
40 73 7
42 77 8
46 78 7
46 82 5
45 80 1
43 79 3
39 75 4
43 71 6
46 70 4
49 66 3
53 67 1
50 63 5
46 59 1
49 57 1
51 58 4
47 57 0
45 61 2
41 60 1
40 61 2
43 62 5
43 58 6
41 55 10
39 59 12
38 55 8
40 58 6
41 55 10
37 57 12
37 61 10
38 64 12
41 66 12
42 69 10
38 65 10
37 67 9
39 63 12
39 63 11
42 62 11
44 59 9
42 55 6
41 58 7
39 60 8
38 62 11
37 59 8
38 61 12
39 63 13
36 61 13
40 63 16
41 66 12
41 66 11
38 63 9
34 62 7
34 63 11
32 61 11
30 59 15
34 58 16
31 55 20
30 55 17
30 52 15
26 52 18
28 51 14
26 52 14
26 53 10
23 52 10
27 52 9
26 53 9
23 52 10
27 52 14
25 51 17
27 49 19
27 46 16
27 43 13
31 44 9
33 48 11
32 51 14
34 55 16
30 58 15
31 62 13
28 65 13
31 65 9
27 66 7
29 68 10
29 69 13
31 70 17
27 68 16
25 67 16
26 64 12
24 62 11
20 63 14
18 62 12
16 65 16
16 67 14
14 69 10
12 65 13
16 69 12
14 68 15
18 68 12
17 68 16
15 65 14
15 68 14
16 64 11
13 64 12
13 66 8
14 65 7
15 69 5
12 66 4
16 66 6
13 66 5
13 69 8
16 73 10
16 73 8
19 72 7
20 75 5
23 79 2
24 81 5
24 82 1
20 81 2
18 84 2
14 86 2
15 88 5
13 90 2
16 92 4
17 89 4
17 87 0
17 89 0
13 93 4
10 92 6
11 89 6
15 86 2
15 86 1
19 89 2
15 89 4
17 93 6
19 91 2
19 87 2
21 84 2
23 83 2
23 82 2
22 86 5
25 85 3
22 86 0
23 90 2
22 88 3
23 87 2
22 91 5
25 89 5
29 89 2
31 88 0
33 90 1
30 87 2
32 90 0
29 94 2
33 96 2
30 99 0
27 97 2
24 97 2
21 96 2
20 92 2
16 96 3
12 93 7
15 93 6
19 91 10
17 91 8
15 88 11
16 84 13
12 86 9
15 83 7
12 83 8
14 86 12
15 86 12
14 89 11
12 87 15
12 89 17
8 87 20
4 87 17
5 88 20
5 89 19
6 86 19
9 87 15
5 89 16
3 93 20
4 90 22
5 91 20
1 95 20
0 93 17
2 89 18
0 92 18
2 93 17
6 91 17
4 89 14
1 92 10
2 93 12
2 89 9
3 92 10
3 94 11
3 96 8
2 96 8
2 92 6
3 91 4
0 93 8
2 94 12
2 96 10
3 93 9
6 89 7
5 88 9
6 90 7
5 91 8
6 87 9
7 85 13
11 84 12
11 82 13
8 78 12
7 74 11
7 74 10
3 75 6
3 71 5
2 67 9
0 70 7
2 72 7
0 75 8
2 77 7
1 77 11
2 76 14
2 79 15
3 80 18
3 81 18
2 82 16
2 86 17
2 89 20
2 92 17
2 90 18
2 90 14
2 94 17
2 97 18
0 97 20
3 94 19
1 95 20
4 94 16
7 95 20
5 97 17
7 94 21
7 95 21
9 91 18
10 90 22
9 91 18
11 88 18
14 92 16
17 89 13
15 89 14
17 85 17
21 85 18
19 83 21
23 82 25
25 81 25
29 77 29
31 79 32
32 78 30
33 74 28
30 78 30
30 82 31
26 81 35
29 84 34
27 81 32
30 80 30
31 79 27
35 77 31
38 77 33
38 74 35
40 72 33
42 74 32
43 78 29
40 82 32
36 78 33
32 82 30
30 85 28
28 88 25
28 88 23
27 89 27
24 86 26
21 90 30
18 90 33
18 93 32
18 97 32
22 98 31
19 94 28
18 97 25
18 97 24
15 95 23
16 92 27
13 94 25
17 90 27
14 87 30
11 91 28
10 92 30
14 96 26
16 97 24
19 94 28
21 91 30
21 88 28
25 91 26
22 94 22
24 94 21
25 90 25
22 87 26
22 85 22
22 88 19
24 85 16
25 88 15
25 86 12
24 90 8
22 87 4
21 89 5
17 86 3
15 86 0
16 90 1
16 86 4
15 82 1
13 84 3
12 86 2
15 82 4
11 82 0
12 85 0
10 81 3
12 85 3
14 88 4
15 84 1
12 80 2
8 79 3
5 80 0
8 83 4
10 85 6
9 88 6
10 84 8
12 85 4
16 82 5
18 79 4
16 81 8
19 80 4
22 78 2
20 82 2
17 84 1
16 84 2
17 86 0
21 83 2
21 87 1
22 83 2
20 81 0
23 82 2
24 86 1
25 83 2
28 82 2
24 79 5
23 79 2
23 83 2
23 85 2
22 87 1
18 88 4
17 89 0
21 86 2
19 84 2
20 80 2
24 82 3
21 83 3
17 80 2
21 81 6
22 79 3
18 79 2
21 76 2
18 79 6
15 77 3
15 73 1
14 70 1
16 71 0
16 68 2
17 71 2
14 72 1
13 72 0
13 68 1
15 70 2
19 67 2
18 68 4
19 64 8
21 68 6
23 65 5
22 64 3
19 63 1
16 61 2
14 60 6
14 58 4
16 55 0
13 59 0
17 57 2
13 54 2
11 57 5
10 54 1
11 58 3
14 61 4
10 58 7
11 59 4
15 57 7
18 60 7
16 62 9
17 66 13
14 64 16
13 60 17
9 57 15
13 54 15
11 56 14
9 55 11
8 58 14
6 60 18
8 63 22
6 60 26
4 60 30
6 61 30
6 60 26
9 60 27
10 58 25
7 59 26
7 56 25
9 52 28
5 53 32
9 52 29
8 50 26
5 53 24
6 57 20
3 55 17
4 51 14
4 52 18
1 49 14
2 45 15
4 44 16
4 44 13
8 43 9
4 40 11
3 42 15
7 41 13
9 39 14
13 38 14
11 40 14
11 41 12
8 39 9
7 37 9
11 40 11
14 42 10
14 39 14
16 36 11
16 33 11
19 30 11
17 33 10
21 37 14
20 35 10
21 32 9
19 30 11
17 33 12
20 34 8
20 36 6
22 35 9
22 37 7
19 39 11
15 35 11
12 38 12
16 38 15
12 42 17
16 39 14
13 41 14
14 37 18
16 34 16
14 31 16
17 34 16
20 32 19
24 32 23
22 28 21
22 31 19
20 30 21
21 28 23
20 32 25
22 31 27
25 31 30
29 27 31
31 30 27
30 34 27
33 33 30
37 32 30
36 32 30
38 29 26
35 26 25
31 27 22
27 27 21
24 27 23
23 30 19
22 27 17
18 31 18
20 35 17
20 37 15
21 41 15
22 45 16
19 46 13
23 50 9
21 47 10
20 50 9
18 50 10
18 52 11
17 56 14
21 52 15
21 52 11
18 55 11
14 59 7
13 58 3
9 55 2
8 58 4
7 59 4
11 56 7
12 56 3
15 53 2
14 50 1
10 52 0
7 53 2
8 56 5
10 60 4
10 60 1
14 59 2
12 59 2
15 58 4
17 60 0
15 62 2
17 62 4
18 59 6
21 61 8
21 63 7
22 60 10
24 63 10
28 61 14
25 57 14
21 61 18
19 57 19
19 61 20
20 57 22
21 54 21
18 50 21
17 46 22
14 49 20
16 49 17
15 49 15
14 45 13
18 45 9
19 44 6
20 43 6
22 40 10
19 40 14
20 37 18
23 35 22
19 34 24
23 36 21
22 34 22
26 33 22
29 36 22
29 36 26
33 38 27
37 41 30
40 42 33
43 39 33
42 39 36
46 38 35
44 34 31
46 36 33
42 34 36
46 30 37
45 34 41
48 36 38
52 37 36
50 39 32
46 38 32
46 39 35
49 38 31
45 41 35
49 43 39
45 47 40
46 45 39
48 49 36
51 48 35
49 52 32
49 54 35
53 53 35
52 49 33
49 47 31
49 50 30
51 47 27
50 44 26
46 45 22
44 45 20
45 49 16
41 48 14
40 44 13
42 48 13
43 47 9
41 47 8
45 46 5
41 46 4
39 49 8
38 53 4
34 51 6
35 51 9
36 55 13
40 54 15
38 53 16
42 55 19
39 51 23
38 48 25
35 52 25
38 49 28
37 52 26
37 53 24
35 53 28
34 54 26
32 56 27
31 58 31
28 56 31
24 53 30
20 49 28
22 45 24
26 47 26
23 47 29
20 49 31
22 47 31
24 46 34
20 45 31
18 42 31
16 45 33
15 48 37
19 44 36
18 42 39
20 43 39
19 39 43
16 36 41
19 33 37
22 35 34
25 32 32
28 34 31
30 31 32
31 34 31
29 36 33
26 36 32
27 35 32
30 31 31
31 30 32
28 29 29
26 32 25
30 30 27
34 31 29
36 33 25
33 36 25
37 32 26
34 34 24
34 37 28
32 37 30
28 39 32
30 40 34
33 38 32
29 40 36
27 39 38
24 37 34
27 41 32
25 45 30
26 49 31
24 45 30
28 42 29
29 42 26
31 41 23
27 40 26
27 37 28
28 41 29
27 41 29
24 42 25
27 38 28
27 38 30
24 38 34
21 37 30
23 40 31
26 40 29
29 41 25
25 42 28
25 42 30
27 39 27
27 38 25
24 42 29
27 38 31
29 39 28
31 41 24
30 41 26
34 45 26
34 44 29
31 45 33
34 41 34
38 41 32
38 42 28
38 43 26
34 45 26
33 49 27
33 52 26
32 48 26
35 48 27
37 47 30
34 43 34
36 43 33
33 39 30
34 38 30
33 42 30
35 40 28
38 42 24
38 42 20
35 46 24
32 43 20
36 43 16
38 39 15
38 42 15
39 39 19
39 37 22
42 39 18
42 40 21
39 44 21
35 46 23
37 47 20
36 47 20
38 45 20
39 42 16
40 46 15
41 47 12
40 50 11
44 52 15
45 55 18
44 52 16
44 48 19
47 47 17
46 47 19
45 50 21
43 53 22
40 56 18
40 59 19
38 63 16
39 63 12
41 62 14
37 61 13
39 63 11
38 59 9
35 61 12
39 60 11
40 56 9
38 57 8
39 61 4
40 63 4
38 65 8
41 66 12
43 69 13
42 70 9
39 68 6
40 66 10
43 62 6
40 61 3
40 65 4
42 68 7
43 67 4
43 63 2
39 64 2
36 68 6
33 67 3
36 63 2
35 61 5
34 64 6
31 65 7
27 63 8
27 59 5
24 57 6
28 58 3
29 55 0
26 54 2
29 53 4
29 56 6
33 53 7
31 51 4
34 50 4
38 48 8
40 45 11
42 47 12
40 49 12
40 46 9
41 50 7
41 47 11
42 46 15
42 50 14
40 48 12
43 49 15
47 48 11
45 50 11
47 46 12
49 45 9
45 49 11
46 46 13
45 44 16
44 45 20
45 43 22
45 44 24
49 47 23
51 47 27
52 48 24
56 49 27
59 51 26
58 47 29
54 50 30
51 51 29
51 52 28
50 53 31
54 52 32
54 55 31
56 57 35
60 57 34
61 54 32
64 52 33
68 52 35
66 50 32
64 48 32
66 45 32
62 43 34
63 43 31
65 41 27
67 44 24
63 47 21
59 44 24
61 46 25
65 46 26
67 49 27
70 48 31
72 50 28
75 52 27
73 48 26
71 51 22
75 48 18
71 44 14
70 42 13
67 39 13
64 40 9
68 40 12
64 41 13
62 42 15
66 40 18
64 44 18
66 48 18
62 51 19
61 49 21
63 48 23
59 45 26
55 43 27
54 45 29
55 47 29
53 51 32
50 53 32
49 57 29
48 59 31
52 61 28
52 60 26
55 64 24
58 68 25
55 71 23
54 71 20
52 75 17
50 73 19
47 76 20
45 75 22
46 76 26
48 74 30
47 78 29
51 82 26
48 80 26
49 76 25
52 73 22
49 70 22
50 73 23
49 70 22
47 72 23
47 71 19
45 68 22
47 69 25
44 65 23
42 65 27
45 61 25
45 57 22
41 58 21
45 54 23
47 55 25
46 52 24
48 50 28
46 52 24
46 56 27
45 57 31
44 55 30
45 55 32
47 55 30
45 52 29
45 51 33
42 50 33
41 52 30
45 49 28
42 45 31
40 41 28
41 44 28
42 41 30
38 40 28
40 36 30
36 32 34
40 30 37
44 31 36
44 28 35
48 28 34
49 28 30
52 30 34
53 27 34
49 29 30
53 33 30
49 33 31
48 32 28
46 30 24
48 29 27
47 26 26
46 23 27
49 19 29
53 16 33
52 14 31
50 14 32
53 11 35
52 15 38
56 19 40
54 22 37
54 21 33
58 23 32
61 20 31
65 21 29
64 21 26
60 21 29
64 25 31
67 21 27
71 23 28
73 19 31
69 15 33
67 17 37
70 14 39
66 14 42
69 11 42
68 10 43
64 10 41
61 11 39
65 8 39
63 9 36
63 10 38
65 8 42
63 6 38
67 8 37
69 11 40
65 9 43
62 7 40
58 11 42
56 8 42
60 10 41
60 8 42
62 12 45
60 10 43
62 6 42
59 6 42
59 8 41
55 11 39
53 14 35
53 15 37
49 18 38
53 20 40
52 23 43
56 23 43
52 19 44
50 21 46
52 20 49
55 20 52
55 19 49
54 19 50
51 18 48
52 15 48
50 11 44
48 10 47
52 14 49
48 16 48
49 17 49
47 17 48
49 19 49
49 17 51
48 21 47
50 20 46
50 22 48
52 18 51
55 21 49
55 25 48
53 25 51
49 28 52
46 29 48
50 26 44
54 26 45
55 29 43
52 29 43
51 30 45
52 29 44
49 26 45
45 24 45
46 28 42
42 32 41
43 29 42
47 30 46
45 28 42
43 24 46
46 28 44
47 31 41
46 33 42
47 33 39
50 36 35
50 34 31
47 34 35
43 35 37
40 38 39
37 39 43
33 39 43
36 43 44
34 39 41
31 41 40
35 40 38
34 42 39
36 45 38
38 41 38
36 45 35
35 49 39
35 46 43
36 46 40
40 49 39
40 45 39
41 47 43
42 46 39
42 46 37
39 44 33
39 42 36
38 39 40
41 36 40
44 38 40
43 41 44
44 39 42
46 43 43
45 42 40
44 46 36
47 44 37
51 45 39
54 47 39
56 50 36
56 51 36
57 48 36
57 44 38
57 40 36
54 40 38
57 43 36
54 43 40
52 41 43
56 39 45
55 35 41
51 34 37
50 35 37
47 39 37
49 41 38
46 40 37
48 37 41
45 34 43
47 34 43
51 36 41
52 35 41
55 33 38
51 35 37
49 38 36
50 34 34
50 37 34
50 34 31
48 30 27
44 28 28
47 27 26
51 24 29
47 26 33
44 22 37
42 25 38
38 28 40
42 29 39
39 32 37
39 36 37
40 32 33
41 31 34
42 28 38
40 32 38
39 30 42
38 33 44
38 31 46
41 27 42
43 23 45
39 23 46
41 19 46
38 16 42
41 13 46
41 16 44
45 16 43
47 20 40
51 19 37
49 16 33
47 12 37
43 9 37
40 8 34
39 4 30
41 8 33
45 5 32
43 5 29
39 5 28
43 8 30
45 12 31
43 14 29
43 18 32
47 19 28
45 16 25
44 14 21
41 11 17
40 15 19
44 14 23
48 18 20
48 21 16
49 18 14
51 18 10
53 18 9
53 15 9
52 18 5
50 22 4
49 18 4
46 17 3
49 21 4
46 17 0
44 21 2
42 21 2
40 20 3
36 23 6
33 23 10
35 19 7
38 18 7
41 20 8
42 23 5
43 24 4
41 22 6
38 20 5
37 21 3
39 21 6
36 20 3
39 18 2
37 18 2
38 22 4
40 19 2
42 23 2
41 19 2
44 19 5
43 15 5
42 13 1
43 13 3
41 14 1
44 13 2
45 12 6
46 10 7
50 13 6
51 14 4
51 12 7
52 9 10
55 6 10
52 9 7
54 10 6
51 6 8
50 6 4
51 9 2
49 7 3
53 4 3
53 2 7
57 0 9
61 0 12
59 0 13
62 2 14
62 4 10
58 4 8
60 1 4
63 1 3
62 3 2
60 0 3
59 2 2
55 2 2
52 6 3
54 8 1
53 7 3
56 10 2
56 13 1
52 10 5
49 10 1
49 9 2
52 9 3
50 11 2
47 10 5
48 7 6
52 4 9
50 6 5
46 4 4
42 2 5
45 4 7
47 6 4
45 10 3
41 11 2
37 9 6
35 8 7
38 5 5
38 1 2
38 2 2
40 4 2
43 0 2
46 2 4
44 5 0
43 6 2
45 7 2
47 9 1
50 9 0
52 6 4
51 6 6
47 8 9
47 11 5
49 13 2
52 15 2
53 19 2
52 18 1
55 15 5
55 16 8
55 20 4
52 21 0
51 20 0
53 22 3
52 26 2
54 24 3
55 28 4
52 24 8
54 24 10
58 26 14
55 28 14
55 28 12
58 32 10
55 30 6
54 31 5
55 27 4
55 25 5
58 25 3
62 22 5
61 24 8
58 24 4
59 23 7
58 26 10
61 26 9
65 29 8
62 30 12
61 29 15
64 30 13
63 31 10
60 33 8
64 36 7
66 39 5
68 42 8
70 41 6
69 39 4
65 39 6
68 42 6
68 41 2
72 43 1
68 41 3
72 44 7
73 43 6
75 46 5
71 48 9
70 52 13
67 51 11
70 47 7
68 46 6
65 42 8
63 39 10
67 40 13
66 43 9
67 41 6
64 44 6
67 41 10
68 44 7
69 45 3
67 43 6
63 46 4
61 48 1
63 52 2
66 53 5
68 52 9
72 50 10
70 51 9
66 54 9
62 56 11
64 55 9
61 54 12
60 53 14
60 56 18
58 54 19
58 52 18
55 56 14
52 56 18
53 55 14
54 59 11
53 56 8
55 53 7
54 51 9
57 47 9
58 45 5
55 45 4
55 46 8
55 42 8
59 38 4
61 39 3
61 43 2
64 39 4
66 40 7
66 38 8
62 36 10
64 33 10
68 29 6
72 31 10
68 29 8
72 30 4
71 26 4
74 26 6
70 28 4
67 26 1
68 26 3
72 26 3
74 28 2
77 27 0
79 24 4
79 22 1
78 23 0
78 25 2
77 21 2
80 24 2
79 24 5
78 20 7
81 19 7
79 18 3
77 17 7
81 18 5
82 16 7
85 20 6
82 23 6
85 21 2
89 17 2
89 20 0
87 21 2
85 24 3
81 20 3
82 19 4
83 17 8
79 13 12
75 15 13
76 18 16
78 18 12
76 18 14
75 19 15
74 17 19
77 19 18
81 17 21
82 13 25
79 14 22
80 17 19
79 13 21
83 9 25
86 10 21
86 8 21
83 11 17
85 7 19
84 7 15
88 10 11
85 12 10
84 8 9
83 4 8
83 3 6
86 3 5
83 1 6
83 2 4
84 2 5
82 4 8
83 4 4
81 6 4
81 3 7
79 0 11
78 2 9
76 2 12
77 6 13
81 6 16
78 4 14
79 7 11
83 8 12
79 12 14
75 13 17
72 10 19
70 12 17
69 14 15
72 17 14
72 19 12
71 22 9
72 25 11
69 26 11
69 30 13
71 34 12
68 35 8
66 33 8
69 37 4
71 39 2
67 38 2
66 34 3
69 35 6
71 32 7
71 30 3
74 31 2
70 34 6
72 36 9
69 35 5
68 31 8
64 35 5
60 33 2
56 35 2
60 39 2
62 35 1
60 35 0
60 37 2
59 35 2
63 36 4
64 33 1
60 32 2
64 31 4
63 27 6
66 26 8
63 30 12
66 34 13
63 31 10
62 32 12
58 32 12
57 35 12
61 34 16
60 31 20
59 29 23
57 26 26
61 24 26
65 20 24
63 24 22
61 23 22
65 26 20
68 27 22
71 31 22
68 32 20
68 32 21
72 29 20
70 30 16
66 32 14
64 34 15
68 36 14
68 36 14
72 35 10
73 37 11
73 33 11
73 32 12
69 34 8
71 38 7
69 34 4
65 30 0
63 27 2
61 24 2
65 22 2
69 21 2
69 20 5
66 21 1
65 25 4
61 21 5
59 18 2
55 17 0
51 13 4
52 10 3
54 9 2
58 13 5
55 10 1
52 7 2
52 3 1
54 1 2
55 2 2
54 0 0
50 0 4
51 2 4
50 6 8
50 2 11
48 0 13
47 2 11
43 6 7
46 9 5
44 12 5
43 13 9
43 10 11
40 9 14
42 9 10
40 10 12
43 9 12
46 12 15
49 16 17
46 14 19
45 11 23
42 9 23
38 13 20
36 17 16
40 15 19
44 12 20
42 12 24
42 12 28
40 15 28
44 16 24
46 18 21
44 16 20
40 20 18
43 19 18
47 15 22
45 17 20
42 16 16
39 18 17
40 16 20
44 18 20
42 22 22
42 25 26
44 25 27
45 26 23
49 22 26
46 20 30
45 19 32
42 22 31
39 18 33
40 21 36
41 20 35
40 22 33
43 25 32
39 27 34
41 24 38
40 27 40
42 26 37
43 25 33
43 24 30
47 22 26
46 25 22
44 27 18
41 23 22
45 20 18
46 22 20
43 25 22
46 28 26
50 30 29
50 31 27
47 30 29
44 29 32
46 32 30
45 28 30
48 28 26
45 24 29
46 27 29
45 31 26
43 27 25
41 27 27
37 29 28
36 32 29
32 32 30
31 36 34
29 36 38
32 33 42
30 35 43
27 31 39
26 31 39
23 33 43
19 34 45
18 33 42
16 35 42
14 31 42
16 27 44
17 27 43
20 28 41
18 24 37
20 26 35
17 23 32
20 25 30
18 23 33
18 22 33
14 26 31
10 30 28
6 34 32
3 33 36
2 33 32
3 37 32
7 33 29
9 35 30
9 34 31
5 35 33
4 35 35
4 31 32
4 32 32
4 31 29
8 32 28
9 35 29
8 31 29
9 31 27
6 34 27
2 30 28
6 31 28
5 27 31
7 23 31
10 21 27
6 24 24
4 23 27
8 26 23
12 25 23
14 26 21
18 23 24
17 21 23
21 19 22
23 21 23
26 18 26
22 15 23
22 11 27
22 7 30
24 5 33
27 9 35
23 7 33
23 9 32
22 8 35
18 11 36
21 14 34
25 16 32
29 20 34
25 21 30
25 23 29
29 19 33
33 16 37
36 18 40
32 18 38
28 14 37
31 17 40
34 20 37
31 22 33
34 23 30
38 23 29
37 20 31
38 20 34
42 18 38
44 16 37
44 19 36
44 22 32
47 19 33
50 19 31
53 21 27
52 21 28
51 23 29
47 26 32
46 22 31
46 24 34
45 26 30
42 25 27
42 26 27
45 30 29
45 27 27
41 23 30
45 24 34
49 24 30
49 23 29
46 23 33
48 24 31
51 25 34
48 26 38
49 22 35
52 26 32
52 28 35
53 25 31
54 22 33
55 26 32
54 27 36
56 31 39
52 32 38
50 35 34
49 35 34
51 36 33
52 38 29
50 38 31
51 34 32
50 37 30
48 41 31
48 40 30
50 39 29
52 39 32
53 39 29
49 37 28
46 33 31
50 29 33
51 28 29
52 30 29
48 32 28
46 34 28
42 35 31
45 39 29
43 40 28
46 36 31
42 37 27
46 40 29
43 41 33
41 45 34
44 47 38
46 46 35
45 43 33
45 42 29
44 46 27
45 42 31
42 43 27
46 42 29
49 41 31
49 42 28
45 43 27
48 39 28
50 41 26
53 38 24
49 37 23
52 33 19
52 37 23
56 39 21
56 41 20
52 38 17
54 37 18
57 34 14
60 38 12
63 36 13
67 37 11
70 40 14
66 44 17
64 44 13
68 43 9
67 41 5
69 39 9
68 37 12
65 35 8
62 37 8
64 40 6
67 36 10
71 38 10
67 35 8
69 39 8
72 41 4
68 44 0
72 44 3
69 40 1
67 38 2
71 34 4
67 38 5
65 34 4
67 30 6
63 31 9
67 29 7
67 27 6
65 29 5
69 25 7
69 25 8
65 24 10
61 20 7
59 17 4
57 16 7
60 12 5
60 9 6
58 5 2
54 8 4
51 8 2
48 8 2
47 7 4
44 8 4
46 5 1
49 5 2
47 5 4
49 3 3
53 4 1
56 1 3
53 2 7
54 2 11
55 2 14
59 2 11
56 2 7
52 6 8
50 4 11
48 2 15
52 4 16
56 4 16
58 4 16
60 2 12
64 1 11
61 2 10
59 2 11
58 4 15
59 6 11
60 4 8
58 0 12
57 0 10
55 3 6
56 3 2
52 2 1
56 3 2
57 2 2
53 4 2
54 6 6
52 2 6
49 3 8
48 3 11
49 2 9
47 0 7
44 3 7
47 4 4
47 4 4
47 5 8
45 6 9
45 2 5
46 4 4
50 3 6
52 3 7
50 4 10
49 8 13
48 8 15
44 9 14
45 7 12
46 8 8
46 10 7
45 13 4
43 17 8
46 17 6
50 16 10
53 14 7
54 13 10
58 10 12
58 12 8
55 12 11
51 10 15
50 9 17
48 5 16
46 9 19
42 6 23
40 8 27
40 7 26
43 11 30
42 13 27
41 12 24
43 12 27
47 13 25
47 11 25
46 9 28
48 6 31
46 6 27
47 10 26
51 9 29
48 10 27
52 9 28
49 13 27
51 9 26
55 6 23
58 3 19
61 0 16
57 2 17
57 2 15
59 1 17
59 0 13
62 2 16
66 2 14
62 4 18
63 7 17
64 4 14
62 0 13
65 4 17
65 8 19
68 8 19
68 11 23
71 11 20
69 9 20
73 10 23
75 13 26
76 12 27
73 10 27
77 10 23
79 6 25
83 7 23
85 4 21
89 5 25
89 2 27
88 2 28
92 3 28
93 2 26
91 2 27
92 3 27
90 6 29
87 8 33
91 11 30
95 7 27
93 6 31
96 10 34
92 14 30
88 13 27
88 14 26
84 18 22
86 15 26
87 14 25
87 12 27
90 13 27
90 15 27
93 17 24
96 16 21
95 18 17
97 16 14
93 14 14
90 14 18
87 10 22
88 13 20
87 13 16
89 14 20
92 15 17
94 15 20
93 13 23
95 17 26
96 17 27
99 14 27
103 15 23
101 13 27
100 17 23
103 13 20
101 14 20
102 11 17
104 15 13
106 15 11
106 13 8
108 12 8
106 13 12
105 11 8
109 9 5
113 6 8
109 5 5
107 2 3
108 2 2
107 2 5
107 2 7
103 1 3
107 2 0
106 5 3
106 2 0
106 0 2
104 2 3
104 6 7
100 10 5
97 8 3
94 9 0
98 10 2
95 11 1
99 7 2
102 10 3
98 8 7
101 4 4
98 4 1
94 0 2
94 2 6
96 2 7
95 2 7
93 6 10
90 5 6
86 7 7
83 4 6
86 3 4
82 7 4
82 7 6
81 6 6
80 10 2
81 10 6
83 10 8
86 9 7
88 9 4
86 13 2
83 10 2
84 9 0
87 11 2
90 7 2
94 9 2
92 5 2
95 7 0
92 6 2
92 3 2
89 6 2
91 8 5
95 9 6
98 13 9
99 15 8
96 13 7
96 10 11
93 12 10
91 11 10
94 15 6
94 11 10
92 14 7
90 13 6
91 9 4
88 6 2
87 7 5
83 11 9
83 12 12
82 12 10
79 8 12
83 8 13
87 6 10
90 6 12
93 5 8
90 9 6
88 13 7
90 14 8
89 16 9
86 13 13
90 14 17
88 14 18
86 10 15
89 7 16
89 4 12
93 2 14
90 0 14
91 2 16
91 0 15
87 2 11
87 2 12
84 5 10
82 2 6
81 2 5
80 6 9
77 6 6
76 3 9
79 6 12
83 4 16
84 3 12
86 1 14
90 2 14
94 0 11
91 2 12
92 2 14
96 2 10
92 2 6
88 5 3
92 1 2
92 2 0
95 4 2
99 7 5
100 7 8
104 6 6
103 4 4
101 2 0
102 2 2
101 3 4
104 1 5
101 2 4
104 2 8
105 3 7
108 0 9
112 2 10
108 2 14
104 1 12
106 2 10
106 2 14
110 6 14
108 6 14
105 9 17
106 12 18
110 15 19
112 18 16
110 20 19
107 17 19
108 20 21
111 20 18
112 24 18
110 27 19
113 31 20
117 31 22
117 28 20
114 32 17
118 33 14
120 35 13
116 38 16
116 42 18
113 39 16
116 41 12
116 38 14
114 41 11
114 38 15
110 38 17
109 42 18
106 45 16
107 44 18
111 48 14
114 47 15
117 45 16
115 44 14
112 46 15
115 47 11
112 48 7
112 48 6
112 46 2
109 50 2
106 48 0
108 46 1
110 45 2
107 43 6
109 44 9
110 46 9
114 46 12
115 48 11
115 46 7
111 46 5
107 43 6
110 47 3
110 49 3
114 46 5
114 44 1
112 46 2
109 45 6
105 47 2
108 47 1
105 49 0
102 50 0
105 54 2
103 53 5
102 54 6
102 53 7
100 49 8
96 52 6
97 48 5
98 46 5
96 46 7
93 48 8
96 49 12
96 51 15
97 47 14
101 47 16
99 45 16
99 46 12
96 45 14
93 48 17
97 45 19
95 47 17
94 44 19
91 45 19
92 41 22
96 44 21
97 42 20
100 41 21
97 42 23
100 42 23
98 40 22
100 37 23
102 33 21
99 36 23
96 33 26
96 30 26
92 27 27
95 24 31
95 20 28
96 19 27
93 20 24
92 17 24
92 19 20
89 20 24
86 19 22
85 20 21
84 23 19
80 20 15
77 23 16
76 20 17
78 23 14
74 27 15
74 26 15
73 25 19
74 24 20
75 27 16
76 28 12
76 28 10
75 31 13
74 31 16
75 27 15
78 23 16
81 25 18
78 28 15
77 31 12
75 31 9
76 35 11
79 31 7
78 28 9
82 28 5
78 29 6
82 26 9
81 29 5
85 32 3
88 32 2
87 34 0
87 33 4
89 33 6
90 32 4
88 31 7
89 32 5
85 36 9
81 33 11
82 37 15
86 36 18
82 40 18
82 37 22
79 36 22
83 35 26
84 39 26
81 40 22
81 38 20
78 37 23
74 40 27
70 40 30
74 38 26
71 42 26
75 38 29
72 38 33
69 38 32
72 42 31
71 39 28
67 38 29
68 42 26
65 39 25
68 41 24
69 41 22
68 41 18
72 37 19
74 35 22
75 38 21
76 42 22
78 41 25
74 39 27
73 41 23
69 45 22
71 42 24
75 44 22
79 42 18
82 40 14
80 37 10
79 39 8
77 40 12
75 38 15
77 41 15
80 39 12
80 38 9
80 37 7
81 35 11
81 32 7
77 35 9
81 37 7
81 37 7
77 34 5
79 36 5
82 37 1
83 36 2
81 37 3
83 35 5
83 37 8
80 41 12
77 42 9
79 45 10
78 44 14
80 41 16
78 41 15
79 45 14
75 42 15
73 44 19
73 47 18
71 44 22
69 47 23
69 43 26
70 40 25
72 38 26
73 40 22
72 42 22
75 41 25
75 44 22
77 44 23
81 45 20
85 44 23
87 45 21
89 43 24
93 41 24
91 42 21
90 41 24
93 45 23
94 47 19
98 45 17
99 48 19
103 45 15
99 47 16
95 49 18
91 46 18
95 46 18
95 49 22
99 48 23
98 46 19
94 46 19
95 49 22
91 51 26
87 52 28
89 54 28
87 50 24
90 50 27
86 48 24
82 48 27
84 49 26
85 53 30
82 56 32
79 60 32
77 57 29
74 59 26
78 59 27
82 60 31
80 56 28
82 56 25
81 57 29
85 55 32
89 56 36
85 56 34
82 54 38
81 54 35
81 56 35
84 56 32
85 53 36
85 53 34
87 57 35
87 57 36
87 58 37
88 60 35
89 59 38
92 62 36
90 61 39
91 63 35
88 65 36
84 68 32
88 64 32
92 66 31
94 70 27
95 71 26
92 69 24
92 72 22
94 71 21
97 67 21
101 67 18
102 65 14
105 61 17
109 59 13
111 57 14
108 60 11
112 59 14
114 55 16
118 56 19
121 54 15
125 51 12
129 55 14
126 58 16
125 57 17
125 60 19
123 60 19
124 58 22
120 57 25
118 59 26
117 59 28
121 56 24
117 59 28
116 61 29
112 63 28
112 60 29
112 59 30
109 55 28
110 53 28
111 51 27
111 55 25
112 52 27
109 49 28
105 53 24
104 50 28
105 48 29
102 46 28
102 48 29
100 51 29
96 55 27
99 52 25
97 48 23
97 50 20
101 48 23
97 51 20
93 54 23
96 52 26
98 49 27
101 48 28
105 50 31
105 49 31
109 47 30
113 49 26
113 46 26
111 48 30
114 46 26
116 43 24
116 45 25
119 43 21
123 43 20
125 45 16
125 46 17
128 48 15
127 46 13
128 43 10
132 40 14
132 37 13
134 37 14
134 34 18
134 31 19
133 32 17
137 33 20
140 33 19
144 30 17
140 27 16
137 26 16
141 24 18
141 28 20
144 31 16
144 27 12
147 29 8
148 31 6
152 31 4
148 33 6
148 30 5
149 31 1
149 31 4
150 30 3
146 32 6
147 33 5
146 29 8
146 29 8
142 33 11
138 36 9
135 32 7
136 31 5
136 33 4
133 34 1
131 38 0
133 37 2
131 33 0
131 35 2
131 39 1
130 35 2
129 34 3
130 31 6
129 35 2
128 38 3
129 37 4
125 39 4
123 43 0
120 40 1
117 37 4
116 34 8
115 36 8
115 39 12
115 39 8
112 42 10
109 39 8
111 35 7
111 35 11
107 39 14
106 41 15
106 41 13
103 37 16
101 35 13
103 32 10
102 32 13
100 36 11
99 36 14
100 39 15
99 41 17
99 44 21
102 48 25
101 47 25
99 45 21
97 45 22
96 43 18
95 41 21
98 42 25
100 41 23
97 40 26
94 36 30
90 40 31
92 40 33
95 36 34
96 36 34
92 40 34
95 40 32
96 44 29
100 46 32
102 49 30
105 49 30
101 46 32
104 48 30
101 50 27
101 48 30
99 49 32
100 52 28
98 51 31
97 53 35
101 49 33
103 46 32
100 42 35
102 41 36
98 40 32
100 39 33
100 35 35
96 34 32
92 36 30
96 36 34
100 33 34
100 31 34
101 29 36
100 27 38
96 31 41
98 28 37
101 30 36
103 32 35
102 36 33
105 37 33
106 35 32
104 33 34
102 31 32
100 28 29
96 31 33
92 34 31
91 38 28
92 38 26
93 38 29
92 42 25
95 43 28
97 46 27
93 48 30
89 47 31
88 49 32
85 48 32
82 50 29
80 48 28
78 47 29
81 51 31
81 48 33
83 51 36
80 47 33
77 43 33
79 47 36
82 51 39
81 50 39
80 52 43
81 56 43
77 59 42
80 61 42
78 61 45
75 58 46
79 58 43
82 56 44
85 57 46
88 53 48
92 54 50
88 50 53
89 50 49
85 46 48
88 44 51
84 41 53
83 37 54
81 37 56
82 40 55
78 38 57
82 39 58
79 43 60
82 39 58
78 41 54
79 40 58
80 44 61
78 40 60
77 42 57
81 44 58
82 46 58
85 50 60
85 51 64
84 51 68
80 51 65
81 55 68
81 51 68
77 54 64
74 58 64
70 54 65
66 50 61
70 52 59
71 48 62
74 44 58
70 46 61
69 44 57
69 41 59
68 39 61
65 42 58
67 40 58
63 40 59
66 42 61
62 46 61
66 46 58
64 46 55
67 49 51
71 46 52
70 48 54
71 48 58
71 51 61
71 52 61
68 50 63
72 53 66
73 56 63
76 56 66
79 58 63
81 56 63
79 57 65
81 55 66
85 58 65
87 55 67
83 55 66
84 52 70
80 50 72
76 52 75
76 56 74
73 58 78
69 58 82
70 54 80
67 58 77
68 62 79
66 61 75
63 57 75
62 53 71
62 50 75
63 53 73
65 54 76
64 57 72
64 53 73
68 51 73
70 49 77
72 45 76
71 44 75
69 47 79
71 50 76
67 49 78
69 52 80
68 53 76
64 53 73
67 49 71
66 47 75
65 46 75
68 50 74
72 51 75
72 51 76
75 48 80
77 45 77
74 45 77
71 42 77
72 44 79
72 45 77
73 48 81
74 52 83
78 52 86
79 49 85
75 48 87
71 48 83
75 44 86
74 45 90
71 49 90
68 49 87
64 50 83
64 52 87
64 49 91
66 51 93
69 54 91
71 53 93
74 54 91
77 50 95
80 53 94
76 55 98
74 51 101
74 47 99
78 46 95
76 43 98
76 42 94
72 38 93
72 38 94
69 37 98
73 36 94
70 40 95
66 39 94
70 38 91
73 39 92
75 42 91
71 44 95
69 46 99
73 42 95
69 39 97
70 41 97
70 45 93
66 46 91
62 49 88
66 47 91
67 46 92
65 44 88
65 44 87
61 43 87
65 47 90
63 43 90
61 39 86
58 42 86
60 46 88
62 46 87
60 49 87
63 46 83
63 49 81
63 52 85
59 55 89
63 56 86
67 54 88
70 56 89
74 59 88
75 62 84
75 64 81
71 62 80
69 65 82
73 61 86
70 65 86
69 67 83
71 68 80
71 64 76
71 66 75
74 69 76
77 73 74
75 71 72
73 70 75
74 66 78
74 68 82
72 68 83
70 64 87
67 60 91
63 60 94
64 61 96
67 65 92
63 63 89
62 61 85
64 58 84
60 59 83
63 59 85
61 62 82
62 61 82
60 60 78
62 61 75
64 59 79
60 57 79
60 56 76
61 55 79
64 53 79
63 50 83
59 46 86
57 42 88
53 45 90
55 41 88
52 44 87
48 46 88
51 45 88
52 43 90
51 43 94
49 39 95
49 40 98
48 39 95
51 37 95
50 37 92
46 38 91
43 35 88
41 32 86
38 31 88
35 29 91
39 30 91
39 33 94
35 29 92
35 26 89
35 22 86
38 25 87
36 28 83
35 27 84
36 24 82
33 22 82
31 23 82
31 25 81
35 26 80
31 27 76
34 31 76
31 28 74
30 25 72
34 27 70
30 26 69
31 25 72
34 22 74
35 18 73
31 15 76
32 16 73
31 19 71
32 15 73
34 17 71
36 17 74
35 16 78
35 20 78
33 17 75
37 15 73
41 12 77
39 14 73
42 13 72
39 14 72
40 18 68
44 19 64
46 15 62
47 15 63
45 16 67
47 15 68
48 13 71
45 16 74
41 14 70
43 11 70
46 8 71
44 5 67
40 2 65
38 3 65
39 6 63
39 8 63
41 4 62
40 0 61
37 2 57
38 0 54
38 2 51
34 6 55
36 6 53
40 6 56
42 8 55
38 10 58
36 14 56
35 14 57
34 15 55
34 13 54
34 11 56
34 12 52
37 9 53
33 11 50
34 12 48
38 9 46
39 8 49
37 4 46
41 1 46
38 2 49
35 2 48
39 2 46
38 3 49
39 2 53
36 2 50
32 2 47
32 2 46
30 4 48
32 8 48
30 5 50
32 7 47
29 7 49
31 9 51
33 6 54
30 2 53
29 5 53
28 7 52
25 10 53
22 9 55
26 5 53
29 5 52
28 3 53
25 2 56
23 5 54
22 7 54
24 8 56
27 8 52
29 10 53
32 8 55
30 6 59
28 6 59
27 4 62
25 2 66
21 6 65
25 2 66
23 3 65
19 3 63
23 3 61
20 2 61
18 1 61
19 1 62
23 1 58
22 3 58
21 6 59
24 6 61
25 6 58
27 2 61
24 0 64
24 2 67
25 2 68
22 5 64
24 4 68
21 1 69
21 5 73
25 5 70
24 5 68
26 8 66
23 10 62
25 13 61
22 9 57
18 11 61
16 8 61
14 6 64
15 8 65
17 10 65
18 9 68
20 6 69
22 3 69
22 0 70
23 2 70
25 2 66
21 5 65
18 9 63
15 11 59
18 10 56
17 11 52
13 10 51
14 8 54
14 6 54
17 5 51
15 7 51
14 9 48
14 5 52
17 1 49
17 2 48
15 5 49
17 7 45
20 7 48
17 4 50
17 0 49
15 2 45
12 3 49
9 2 49
13 2 50
13 5 49
9 1 46
12 1 49
15 1 52
15 2 54
18 2 51
22 0 51
18 2 52
17 4 55
17 8 54
19 9 53
22 9 52
23 12 56
24 8 57
24 7 55
22 9 54
24 11 58
22 11 56
18 11 59
17 13 59
14 9 60
17 6 64
15 7 62
16 3 61
13 0 61
17 2 65
18 2 69
18 2 68
16 2 65
15 2 68
19 2 72
21 6 69
19 4 66
18 2 69
20 1 67
21 4 67
21 1 71
21 2 72
19 2 74
21 5 71
23 3 74
26 1 74
29 0 72
31 4 74
30 6 78
34 3 75
32 7 72
32 4 71
36 4 74
40 7 76
36 8 76
33 4 72
33 2 76
37 2 80
33 6 77
33 10 81
33 13 82
31 12 83
33 13 82
36 16 86
36 14 88
39 10 88
42 9 87
44 12 86
48 10 88
47 7 88
45 9 87
49 5 85
45 6 85
46 7 88
42 3 89
39 6 86
40 8 83
39 8 79
42 8 82
38 7 84
37 3 81
33 2 77
34 3 75
34 3 73
33 7 70
32 5 72
36 3 72
39 7 75
40 11 74
