35 41 46
32 41 42
28 45 45
28 41 45
26 38 44
25 42 40
25 41 36
26 39 34
26 43 30
25 41 28
25 42 29
21 45 32
21 43 32
23 42 29
26 43 31
30 47 35
27 44 37
23 44 35
20 47 36
24 45 33
28 46 30
26 45 29
23 45 31
20 49 31
24 48 35
23 44 31
21 43 32
20 40 31
20 36 32
20 35 33
24 34 37
21 31 33
19 27 29
16 25 33
16 25 29
17 29 28
14 31 32
11 30 29
8 33 26
8 34 28
6 32 25
6 31 27
10 30 28
9 31 26
7 29 25
5 26 27
4 30 31
5 31 35
7 33 36
5 29 32
8 28 31
8 25 29
8 21 33
6 22 35
6 25 36
6 25 33
8 29 37
9 32 39
10 30 41
7 34 45
4 38 44
7 36 45
9 39 42
13 42 38
15 42 34
13 41 30
14 43 29
10 46 27
7 47 30
9 51 27
9 52 25
6 55 29
8 56 32
8 55 31
5 56 35
9 56 35
6 55 34
4 56 36
8 57 37
8 53 38
12 54 40
12 50 36
16 53 40
13 50 36
13 47 37
9 50 37
6 46 38
2 44 40
2 45 43
4 46 41
8 50 41
6 52 43
10 53 41
7 53 41
8 55 39
5 53 36
5 52 34
4 48 33
4 51 31
4 52 28
7 48 32
10 46 36
13 42 32
12 40 35
11 38 33
10 40 31
12 38 31
15 34 35
12 32 32
12 31 29
12 32 27
8 36 31
5 32 28
5 29 25
7 28 26
4 30 24
0 31 25
2 32 29
3 29 31
1 32 27
2 32 26
2 29 23
1 25 27
2 26 31
2 27 35
2 23 35
5 27 34
4 30 32
3 29 32
7 26 33
8 25 36
12 24 36
11 21 38
8 18 38
12 16 37
14 20 33
17 20 32
15 19 32
17 21 34
14 24 33
15 23 33
16 23 35
18 26 36
18 29 36
21 32 34
18 33 35
21 34 38
25 31 35
22 27 36
23 30 32
27 33 34
26 32 37
25 28 41
23 31 38
21 31 36
17 35 33
19 37 33
23 40 35
23 44 34
24 45 31
25 46 30
29 43 27
26 45 26
30 43 22
34 47 21
31 50 20
32 51 18
28 50 20
31 50 16
35 47 19
32 48 16
28 52 14
30 49 17
33 53 13
35 55 17
33 55 16
37 58 14
38 57 14
39 58 17
42 60 19
45 56 23
49 52 26
45 56 30
47 52 29
45 51 25
45 52 28
49 54 30
49 55 28
48 58 27
44 54 30
40 54 30
43 53 34
45 54 32
45 53 30
45 56 28
47 60 32
44 63 35
42 66 32
41 65 36
40 61 36
39 60 34
37 61 36
39 64 36
41 63 35
41 66 33
44 70 35
45 67 35
48 71 33
49 70 30
46 69 33
45 65 35
45 62 31
49 59 32
48 58 28
45 58 32
44 59 28
47 62 30
51 66 28
54 66 28
52 62 30
48 66 26
49 63 22
48 66 18
50 66 19
49 66 15
53 64 19
56 66 17
53 70 20
51 68 19
55 65 18
52 63 15
48 59 11
51 63 7
55 65 8
58 67 10
54 63 12
52 66 14
49 63 13
48 64 12
44 68 8
47 70 6
49 70 6
49 70 10
51 74 7
50 70 3
51 74 7
47 70 7
44 69 10
46 66 11
47 63 8
49 62 8
50 63 9
46 59 7
44 55 6
45 56 9
42 55 11
38 53 13
40 52 11
43 48 10
42 48 11
43 44 11
47 43 10
44 42 9
45 40 7
49 40 3
48 38 2
48 40 2
45 43 2
43 41 1
47 45 2
43 44 1
42 44 5
42 47 1
38 51 2
37 51 2
40 54 4
37 55 8
34 57 9
35 56 11
38 53 8
35 51 4
37 53 6
36 50 4
37 51 3
34 53 7
37 49 9
41 49 9
37 45 11
33 46 14
34 44 10
31 46 10
31 49 11
27 46 10
28 44 11
27 48 9
31 47 10
29 45 8
31 46 4
30 44 5
34 42 9
33 40 10
33 37 13
29 39 10
30 40 13
32 38 12
36 37 16
38 39 19
35 35 18
37 33 22
36 30 20
32 29 22
35 27 22
38 25 22
38 27 20
37 31 20
40 29 18
36 27 21
35 24 21
39 25 23
42 23 20
40 24 16
38 28 17
39 26 19
39 30 15
40 32 13
40 30 17
37 26 17
33 24 16
33 26 20
36 25 23
39 23 19
37 21 20
41 17 20
38 14 22
41 12 20
45 8 18
41 12 18
38 13 20
42 12 20
38 8 21
40 5 25
41 6 21
43 6 23
39 2 25
38 2 29
40 2 29
42 0 28
46 0 27
44 2 25
42 3 26
40 5 23
44 1 22
43 2 23
46 2 19
44 6 18
41 8 16
44 7 16
47 10 16
45 9 18
49 9 16
52 6 17
55 3 18
51 7 22
48 11 21
50 9 25
52 6 28
52 4 29
53 6 33
57 4 36
56 6 38
53 8 40
54 12 43
54 15 39
56 18 41
57 20 42
61 18 38
58 21 40
54 19 43
51 22 47
47 26 43
46 28 44
42 27 45
40 31 42
43 28 40
45 30 39
48 33 40
47 37 36
48 36 35
44 34 37
47 37 34
44 35 30
42 32 29
46 28 32
49 31 36
45 33 37
46 33 34
50 29 36
50 31 38
49 34 40
52 37 43
51 34 42
47 30 43
46 32 42
46 32 44
50 34 48
52 32 45
53 29 47
54 26 44
52 30 44
54 28 41
55 27 41
53 31 44
53 30 46
53 32 45
49 33 44
50 33 44
54 35 40
56 34 42
57 32 45
56 35 44
59 35 48
58 32 48
55 34 47
55 36 44
54 39 45
56 37 48
54 34 51
52 38 51
51 37 53
54 33 56
57 31 55
60 33 59
57 33 56
56 32 52
60 31 51
58 27 48
57 27 52
54 23 54
51 25 51
52 28 49
48 29 48
52 31 50
50 35 48
48 37 51
52 37 53
55 33 54
54 37 53
50 35 54
53 33 54
49 34 55
47 32 57
48 29 58
45 28 62
44 26 66
48 27 69
48 26 65
50 25 69
52 29 72
53 29 71
50 32 75
49 32 73
50 35 72
53 36 72
51 37 76
55 36 72
54 33 69
50 36 66
51 36 69
47 36 73
44 34 75
40 31 78
41 32 74
42 35 70
41 36 74
45 32 77
41 30 81
41 34 84
45 30 84
43 30 88
44 32 84
40 30 84
43 28 86
44 30 85
41 33 83
43 37 86
43 37 90
43 35 87
43 35 83
41 36 79
42 39 76
41 35 74
45 39 76
44 36 75
44 39 79
41 38 79
40 40 81
39 43 79
37 44 81
38 46 85
35 47 89
38 50 92
36 48 93
40 52 94
37 54 96
41 57 96
43 56 94
46 59 95
50 62 93
51 58 93
54 62 93
58 63 97
60 66 100
56 67 104
59 70 102
55 74 102
54 71 100
55 74 104
57 77 105
53 77 109
49 76 110
49 75 113
52 76 111
49 74 110
48 72 107
48 73 109
48 76 112
44 80 114
48 83 114
51 86 113
51 85 112
48 86 116
49 89 117
51 86 113
55 86 117
57 88 121
61 86 118
59 83 122
61 87 121
58 90 118
56 88 116
54 88 116
55 88 115
51 87 112
47 85 116
51 82 117
49 85 116
51 82 120
49 86 123
47 89 121
51 93 118
54 93 117
56 97 115
58 95 113
54 97 109
52 99 113
55 103 112
52 104 110
51 100 112
47 103 116
44 101 120
43 104 117
45 105 114
42 103 112
45 106 112
45 107 116
41 104 118
45 102 120
45 102 124
45 100 123
48 101 124
49 97 123
52 97 126
51 98 129
47 101 128
49 103 131
51 106 129
47 105 132
47 109 136
46 109 138
47 113 138
50 110 138
53 107 134
53 109 130
49 105 126
50 109 129
50 108 128
48 112 132
48 116 132
47 119 132
48 120 129
52 119 132
49 123 130
53 123 133
55 122 134
59 118 136
61 116 137
58 115 137
59 116 135
58 117 136
57 121 137
55 118 136
53 115 137
51 113 137
52 112 135
48 112 138
47 115 140
49 115 136
52 111 137
50 110 139
53 112 138
51 108 142
50 112 139
48 111 142
49 115 146
49 112 142
50 108 142
54 112 138
51 111 134
53 108 135
53 104 135
56 103 134
60 103 134
62 103 134
58 102 130
59 104 131
61 103 129
65 105 127
64 102 131
61 100 128
58 100 132
56 98 135
57 95 134
55 97 135
58 94 136
55 96 139
58 97 141
54 94 137
54 96 134
50 94 133
51 91 136
55 87 138
58 84 136
55 84 135
56 82 136
56 85 133
56 82 131
58 85 128
57 83 132
53 81 130
50 77 126
48 76 126
46 80 125
50 84 129
52 88 125
48 90 128
52 87 132
56 90 129
57 91 132
57 91 132
55 95 136
52 97 137
56 96 139
58 94 141
58 97 137
62 101 141
65 101 140
65 98 138
62 100 141
61 103 143
60 101 142
59 105 144
59 103 140
55 99 139
58 97 142
62 100 141
58 97 141
54 93 143
55 96 144
54 92 144
56 96 147
53 100 147
52 99 145
51 97 142
53 97 144
49 95 143
49 93 141
48 94 141
46 91 139
45 89 141
41 93 142
38 93 142
42 97 145
42 93 149
41 96 153
43 98 156
41 100 156
41 104 159
39 104 156
40 106 157
42 104 161
45 103 158
43 104 159
47 101 163
49 99 160
50 101 161
52 104 164
53 106 163
55 103 166
53 101 162
51 98 165
55 99 164
53 103 164
50 105 167
53 104 167
56 108 168
57 110 172
59 107 173
63 105 177
66 103 176
66 104 180
70 102 183
71 100 184
72 104 184
74 102 183
70 103 181
71 106 181
70 105 182
72 103 178
69 100 180
66 97 184
70 97 187
69 101 189
68 105 185
67 103 186
63 106 182
61 109 184
63 112 181
61 110 182
62 112 181
61 113 178
60 113 176
62 117 175
62 119 175
61 120 177
64 120 179
65 116 177
68 120 181
68 117 183
67 115 182
70 118 183
72 116 184
70 118 188
73 117 184
72 120 182
76 116 179
80 115 180
79 113 178
78 117 182
78 118 186
82 114 182
80 110 179
77 111 180
81 110 182
81 110 183
82 109 179
86 108 178
89 112 176
90 114 174
91 111 176
93 114 173
96 113 174
99 111 171
99 108 173
96 105 176
94 101 176
91 100 174
91 101 171
90 98 173
86 98 175
87 95 177
85 96 181
87 95 185
83 98 181
85 95 177
83 97 179
85 94 178
82 90 179
82 93 177
78 90 177
81 94 181
79 90 184
76 92 183
75 93 187
78 92 184
77 96 180
77 92 182
77 95 179
78 98 180
74 96 177
71 100 179
71 100 182
74 99 185
71 103 183
71 103 181
71 103 185
69 103 186
67 100 188
63 96 189
64 100 187
61 102 187
59 104 184
57 107 182
57 109 186
57 108 186
59 112 188
61 110 184
57 107 187
61 110 188
63 112 189
62 111 186
58 110 183
60 112 182
60 110 183
62 112 185
65 116 186
69 112 183
72 116 180
70 117 177
68 121 174
70 118 170
74 116 167
72 117 169
68 119 168
67 118 165
71 120 169
74 120 169
76 121 173
75 124 172
77 120 171
79 122 170
75 123 170
79 127 171
76 125 172
76 126 173
76 122 171
75 120 167
76 123 166
73 121 162
72 122 160
69 123 160
67 125 158
66 123 156
67 120 158
64 120 158
64 117 156
64 117 158
64 121 162
61 121 161
64 119 160
68 115 161
67 116 163
68 113 164
70 115 165
70 116 168
68 120 170
71 117 166
75 114 167
76 116 169
78 114 168
78 113 164
74 115 168
74 112 167
77 109 169
73 109 166
69 109 169
72 113 173
73 114 177
74 114 175
77 114 173
76 114 176
79 118 173
82 114 177
79 112 179
82 115 176
80 118 175
78 121 176
82 118 173
84 114 171
81 116 172
81 116 169
83 112 171
79 109 169
83 107 170
80 108 166
83 106 164
80 107 165
80 111 167
78 110 169
75 113 173
76 116 172
80 114 168
79 117 171
76 116 168
75 112 167
74 109 171
77 112 172
80 111 172
78 113 169
74 116 168
75 112 165
74 110 161
78 114 159
80 116 161
76 119 164
74 116 163
76 120 164
73 123 166
73 122 162
70 118 164
69 116 166
68 119 168
72 116 171
74 112 171
76 111 173
72 111 176
75 111 176
78 111 173
74 107 177
71 103 177
68 99 176
68 96 180
64 96 184
61 99 184
59 101 185
62 98 186
58 95 189
59 96 190
55 92 193
55 89 190
51 85 189
51 87 186
53 84 185
55 86 185
59 82 186
62 81 188
59 81 187
58 84 186
56 84 189
60 85 188
64 82 189
60 82 187
58 83 185
59 86 189
63 86 190
59 88 189
55 89 191
51 90 194
48 86 196
44 86 199
48 82 200
46 79 198
42 82 194
39 85 196
41 83 194
42 80 196
42 80 192
38 76 195
37 80 194
38 81 197
41 77 194
37 80 198
40 83 195
41 80 196
45 83 192
48 86 188
47 86 185
50 83 189
47 84 188
50 85 186
51 84 184
54 80 183
56 79 185
54 78 182
58 80 185
61 77 182
63 80 178
59 77 174
56 76 173
60 75 172
58 73 169
61 74 173
62 75 169
61 79 165
65 77 164
68 77 166
70 73 167
68 77 165
67 78 163
65 80 166
67 78 165
64 79 169
66 78 166
69 74 166
73 78 169
70 76 173
69 80 177
69 77 178
71 74 176
71 78 174
71 77 178
72 77 177
76 76 173
78 73 175
82 76 172
80 79 175
84 78 171
85 74 167
85 78 171
88 82 169
89 82 167
87 78 168
87 78 167
87 80 169
83 81 173
83 78 170
85 80 172
89 83 172
91 82 174
87 83 178
85 85 180
89 85 178
87 83 176
89 84 178
85 81 180
81 77 182
80 80 178
77 77 175
78 74 178
76 75 174
77 73 178
73 71 180
71 70 178
69 74 177
69 77 181
72 75 184
70 72 185
70 69 189
67 72 192
63 75 195
67 75 197
69 73 201
71 75 201
71 73 204
74 77 205
76 77 202
75 77 203
74 75 207
70 73 210
66 70 213
70 71 209
67 71 208
66 67 210
70 71 212
66 71 216
66 69 217
64 67 213
63 63 217
64 66 219
64 62 221
62 59 223
64 59 225
65 62 222
64 64 219
67 68 220
65 69 216
64 69 218
61 71 222
58 72 225
56 74 228
59 77 226
58 76 226
60 75 228
59 79 226
61 75 230
57 75 228
57 73 227
55 71 223
53 74 225
55 76 225
57 78 228
59 75 231
55 71 229
53 73 230
55 75 232
56 77 232
57 78 231
56 77 234
57 80 238
60 76 240
62 80 244
58 81 244
61 82 247
63 85 247
65 86 248
68 88 251
71 91 252
70 88 251
68 90 254
69 90 255
72 87 255
75 91 259
76 90 261
78 94 265
80 96 265
77 98 267
76 95 271
76 99 268
76 99 269
74 99 266
71 103 269
70 107 265
70 110 263
68 111 267
64 108 263
63 109 259
59 113 257
63 113 259
61 114 255
62 118 254
61 120 257
63 122 259
67 122 261
71 126 257
73 126 255
75 129 256
78 128 258
82 130 257
79 131 257
75 135 255
79 138 253
79 138 252
81 139 249
81 139 251
78 139 249
79 139 251
75 135 254
72 134 254
73 133 256
74 130 252
73 132 250
70 133 254
70 137 256
69 138 256
68 138 253
72 136 249
68 139 250
68 143 252
66 139 249
65 142 246
62 146 248
58 149 252
60 150 252
62 147 253
63 144 254
60 145 256
60 141 254
63 140 253
61 137 256
61 138 255
64 140 254
67 141 258
66 145 262
64 145 258
62 149 262
64 153 258
64 156 259
68 157 260
68 157 256
67 154 253
63 155 250
67 155 252
69 159 251
73 159 254
76 156 251
77 152 251
77 154 250
77 152 246
76 152 248
75 155 244
76 159 247
78 160 243
82 164 239
81 164 241
80 165 245
82 168 247
84 170 248
82 172 250
86 168 249
86 170 253
89 167 251
91 164 247
91 168 250
89 171 251
92 173 251
92 173 250
88 176 251
88 180 250
86 183 251
88 186 248
85 187 248
85 188 249
89 191 252
88 187 251
89 183 249
90 182 247
90 185 246
92 184 245
88 188 242
88 185 240
86 189 237
89 193 236
86 195 239
85 192 242
83 196 238
86 193 240
89 190 241
86 189 244
88 193 243
85 196 243
84 199 245
86 197 248
88 196 245
86 195 242
87 197 241
90 199 242
89 203 243
87 201 245
86 202 242
83 199 246
83 198 248
81 202 250
83 201 248
80 201 250
77 199 248
79 199 245
78 198 242
81 198 245
83 199 249
82 201 251
80 197 251
76 198 249
73 200 247
71 204 244
70 206 240
73 208 239
76 207 235
80 207 239
81 211 235
81 211 232
81 214 235
78 213 237
80 211 233
78 212 236
75 211 240
71 214 239
72 213 237
69 213 241
72 210 242
72 211 238
76 212 241
75 212 239
71 216 242
73 213 242
69 211 246
69 210 244
65 208 242
63 212 239
66 211 239
70 212 243
69 214 246
72 212 249
71 208 253
73 207 254
70 210 250
68 207 254
67 203 256
64 203 254
62 203 258
65 201 261
61 197 260
57 198 263
56 195 261
52 192 258
52 190 257
56 189 259
54 188 261
56 186 263
59 183 261
60 181 259
63 183 263
65 179 259
66 176 258
62 174 261
66 174 260
67 173 257
68 170 261
69 167 257
73 171 261
72 168 264
75 164 268
77 160 270
74 156 274
71 158 270
69 160 269
68 161 270
69 161 266
70 158 268
70 158 272
70 156 271
70 158 268
72 159 268
69 156 267
67 153 266
68 156 269
70 152 266
74 156 267
77 160 266
80 163 263
80 160 267
80 160 270
81 158 266
79 162 269
76 165 267
77 162 268
73 161 271
73 158 267
73 157 270
75 160 272
78 161 274
76 164 273
79 162 271
76 166 268
77 164 272
77 168 269
74 167 271
77 168 275
79 166 279
82 164 282
83 160 279
85 162 275
88 161 273
90 161 269
94 163 269
97 162 271
101 166 270
105 166 272
103 168 276
102 164 280
104 161 284
103 164 284
103 163 282
99 164 280
97 165 282
100 165 283
100 163 281
101 160 285
103 159 287
104 159 291
108 160 291
105 159 293
105 155 292
109 158 294
109 157 297
112 154 301
110 157 301
109 160 298
113 159 295
111 163 293
107 160 297
111 157 300
113 159 303
113 159 300
115 160 299
112 164 301
113 165 297
110 161 294
114 165 295
112 167 294
109 171 294
108 173 293
107 171 292
106 173 296
109 174 300
112 177 301
116 179 301
115 182 300
119 181 301
120 183 301
119 179 297
121 177 294
125 177 291
128 177 290
127 178 291
126 176 287
129 174 288
132 174 292
132 173 295
133 175 293
134 174 291
130 171 288
134 174 284
135 173 287
133 171 284
133 170 281
136 169 284
137 171 281
140 168 285
141 166 285
138 166 284
142 162 288
141 166 289
141 165 289
143 167 291
145 166 293
149 170 290
151 168 289
154 171 287
154 170 287
150 173 289
147 176 287
146 179 284
150 176 287
147 174 283
144 170 281
144 167 285
144 167 286
146 164 285
145 166 283
148 164 280
152 165 277
151 166 275
154 165 273
154 165 274
155 163 275
156 161 275
159 163 271
161 159 275
160 161 279
156 159 280
153 158 284
152 160 288
153 158 288
156 157 286
155 155 286
157 153 282
160 154 286
164 155 289
167 158 287
170 156 283
168 152 285
164 151 287
166 154 291
163 152 287
160 156 284
161 153 284
159 150 288
155 149 284
155 151 284
156 147 285
157 147 284
159 146 288
158 145 285
160 149 286
163 152 286
167 151 282
169 151 281
167 151 280
169 154 282
168 158 285
166 159 286
165 156 286
161 158 285
162 160 288
166 156 288
163 158 284
166 159 288
163 159 288
161 159 285
159 163 282
161 167 280
163 171 284
161 168 288
157 167 291
154 171 292
156 168 291
156 164 287
159 165 285
158 167 286
162 168 287
164 165 283
167 169 286
167 173 287
165 169 287
169 171 286
168 168 283
164 166 279
165 170 283
163 166 279
164 164 275
162 162 275
159 165 275
156 162 273
154 159 272
154 163 271
151 163 272
151 162 271
150 165 272
149 164 269
153 166 265
149 168 265
147 172 265
147 175 262
150 179 263
152 175 265
149 178 263
151 176 264
153 175 262
152 172 259
148 170 257
152 167 255
149 171 255
151 171 258
151 167 256
154 163 255
150 166 256
151 168 257
151 168 256
150 171 260
147 174 264
144 177 263
146 175 263
145 179 259
142 183 263
138 181 262
134 178 262
131 180 259
130 177 261
128 174 265
128 172 262
127 174 266
131 174 270
127 174 273
127 176 272
127 172 272
129 171 276
133 171 277
134 170 279
131 166 281
134 162 285
131 159 281
130 158 283
131 158 283
130 161 287
129 157 286
126 156 287
130 157 283
128 156 280
130 160 277
132 159 277
130 160 278
134 158 275
132 158 274
136 157 273
140 160 272
136 163 276
137 160 276
138 164 277
138 160 277
137 162 277
133 164 278
136 160 281
138 157 278
139 155 279
137 153 279
133 155 279
130 151 277
134 149 276
132 145 280
132 147 277
136 149 276
133 152 272
131 154 275
130 156 279
129 160 276
129 158 274
127 155 274
131 154 275
127 154 274
125 157 272
126 157 270
125 156 273
126 154 269
126 154 272
125 158 271
129 160 273
125 158 276
125 160 278
128 159 274
131 158 273
133 154 277
130 157 273
128 155 272
127 155 275
127 151 277
131 153 278
132 154 279
132 155 280
133 157 277
133 155 278
129 154 277
130 155 275
127 159 276
128 156 273
125 157 274
124 158 270
127 158 267
130 159 270
127 157 271
126 160 271
130 164 273
128 168 275
128 170 278
125 168 282
125 166 278
123 164 275
123 164 279
123 160 277
127 159 278
123 163 279
125 166 282
121 164 278
121 160 280
119 161 276
115 159 277
112 163 274
115 167 276
115 166 276
115 170 278
118 174 282
120 176 285
117 176 282
119 179 286
123 176 284
119 176 283
117 175 287
115 172 284
115 170 280
117 167 282
119 166 284
119 169 285
122 170 285
123 169 285
124 172 281
123 176 278
125 175 274
126 173 276
124 175 280
123 179 284
119 179 287
122 183 285
124 185 287
127 189 284
127 185 283
131 185 279
132 183 278
129 187 274
126 191 273
128 187 273
127 188 271
123 186 274
127 185 273
129 187 269
126 190 271
122 189 267
118 192 263
117 195 260
121 192 259
122 191 256
126 192 257
124 195 256
128 195 252
132 191 249
131 187 248
128 184 245
125 185 243
126 189 245
130 186 245
128 185 246
127 184 247
124 181 248
125 185 252
122 186 252
126 186 255
128 185 254
131 185 253
133 181 253
129 178 252
127 176 251
124 177 248
123 179 251
125 177 253
129 179 252
129 180 254
127 176 258
128 177 261
129 179 265
131 177 263
127 181 267
128 177 268
126 176 271
123 173 271
120 177 268
122 177 271
126 179 272
126 180 273
123 178 269
122 180 273
119 177 270
115 181 266
116 184 264
116 182 265
120 181 267
121 177 264
123 174 263
121 172 261
121 170 257
125 174 259
125 175 259
128 178 261
129 178 257
128 180 256
128 176 255
129 179 251
131 181 251
133 183 254
135 182 254
133 179 254
131 175 254
134 174 258
134 178 259
131 179 263
133 178 266
137 177 270
133 181 271
129 179 269
127 176 270
124 178 274
121 174 274
121 178 275
117 174 271
117 175 275
119 177 273
116 181 270
117 184 267
117 182 264
115 185 268
119 185 269
122 186 271
126 189 269
122 193 268
123 196 264
124 193 268
128 193 272
131 194 274
130 198 271
130 199 268
128 202 270
132 202 269
129 204 269
127 203 267
127 201 266
130 203 262
127 204 264
130 207 266
134 211 263
132 215 261
135 212 258
139 211 261
137 213 264
138 212 265
139 214 264
135 214 264
131 211 263
130 208 262
128 211 263
130 207 264
128 209 260
127 212 257
125 209 255
127 206 257
131 203 256
127 202 260
123 201 259
124 203 259
128 204 258
128 201 255
129 204 255
125 205 259
121 203 256
117 205 252
121 205 248
117 206 251
113 209 248
113 211 247
113 207 246
117 204 243
115 202 243
119 202 242
122 201 242
126 197 242
123 198 243
119 197 244
119 197 244
120 201 248
118 197 247
119 196 243
116 197 245
117 196 242
118 198 241
122 201 244
122 205 245
126 203 246
130 207 248
130 208 246
130 209 250
129 207 248
133 208 247
134 205 247
134 208 244
130 207 246
130 209 244
129 209 240
133 210 239
134 210 239
134 210 236
131 212 232
134 215 230
138 216 226
136 220 222
133 219 219
129 221 221
126 224 222
125 224 219
122 221 222
119 224 219
115 220 220
119 222 221
115 225 222
115 226 224
118 228 225
122 232 222
122 229 218
124 231 216
128 234 216
131 231 217
135 232 221
133 234 223
134 237 227
134 239 227
136 239 227
139 237 229
139 235 231
136 237 234
132 238 231
131 242 230
133 238 228
133 236 231
129 234 235
133 233 231
131 230 229
133 226 226
130 227 229
130 226 232
132 229 236
129 233 238
130 230 237
129 228 241
125 227 240
126 230 244
124 227 242
125 225 241
123 222 239
125 223 237
126 226 237
129 228 241
131 227 245
128 231 247
129 227 245
125 229 242
122 233 244
119 232 242
120 231 243
124 229 243
123 227 247
119 231 244
118 231 242
115 231 245
117 227 249
120 224 248
124 226 251
123 230 247
123 229 244
122 232 247
124 235 245
123 231 245
123 234 245
123 232 243
123 235 240
121 239 237
125 237 235
124 238 231
126 238 232
126 234 228
124 238 227
127 242 230
130 246 233
130 243 232
127 244 235
124 247 234
123 245 237
127 244 235
123 246 232
121 248 233
123 251 233
123 255 236
123 256 234
125 257 232
128 260 228
131 256 224
132 253 220
134 250 217
133 250 213
136 254 209
136 254 213
138 250 214
142 254 217
141 256 221
145 257 221
147 253 217
143 256 219
143 258 215
143 256 216
140 260 217
140 260 213
141 260 215
139 260 213
143 260 213
139 258 216
142 256 213
146 254 209
143 258 205
141 256 206
137 260 203
141 261 201
141 264 203
138 262 199
134 262 197
132 259 194
128 255 190
130 252 189
134 250 189
132 246 190
136 247 190
136 244 189
137 240 188
137 240 190
134 244 194
132 242 194
136 243 190
136 245 186
132 246 183
132 246 180
135 242 184
131 240 182
129 244 181
130 244 183
128 242 181
126 241 179
128 242 182
126 246 184
130 244 188
128 245 189
129 241 187
132 244 188
130 246 192
131 242 194
133 242 194
136 245 193
140 246 193
143 250 189
145 247 193
141 247 192
142 244 194
143 246 194
142 247 198
141 250 194
140 248 195
140 248 199
137 247 199
140 246 201
136 244 202
134 240 199
134 237 197
134 235 196
133 235 198
135 236 195
139 237 199
139 239 195
141 235 197
141 234 195
144 233 198
142 230 202
140 233 202
138 236 205
140 232 207
139 236 210
137 240 207
138 244 210
135 247 209
137 247 210
141 245 207
140 246 208
143 243 204
144 247 207
141 247 209
137 250 210
133 246 209
135 244 209
139 245 205
140 241 202
136 244 198
137 247 194
141 243 194
138 245 194
139 244 192
137 241 195
141 239 191
142 240 192
145 238 193
142 236 196
146 239 198
147 243 200
147 243 203
143 245 200
139 248 199
141 245 195
143 246 192
146 243 194
142 240 198
139 243 195
138 240 196
138 244 194
141 242 194
144 238 193
141 235 191
144 234 188
147 234 192
150 235 192
146 235 189
144 238 186
142 241 188
140 243 188
137 245 192
138 242 191
138 241 190
134 240 186
134 239 187
135 241 186
137 237 189
134 235 190
138 235 191
139 237 192
140 233 192
144 233 188
145 229 191
148 225 189
150 226 188
154 224 188
150 220 192
149 219 193
147 223 191
151 224 189
154 224 193
153 224 196
153 225 193
156 226 197
154 230 201
154 232 197
158 229 200
155 230 198
153 233 201
156 232 198
154 230 197
153 232 201
157 231 198
161 229 201
162 230 197
161 228 201
165 231 197
162 227 194
164 227 196
167 225 196
171 228 197
174 224 194
176 226 190
175 228 190
179 224 186
175 220 183
173 217 186
171 217 190
172 215 190
173 212 186
177 208 185
180 212 186
178 212 182
176 213 186
176 211 189
175 212 187
173 208 189
175 205 186
171 209 188
175 208 191
175 209 194
175 206 198
177 202 199
179 200 200
183 201 203
182 198 206
185 202 208
184 205 208
186 205 211
183 201 213
186 201 211
190 201 207
190 201 210
194 203 211
190 204 212
193 203 216
190 202 218
189 198 218
192 200 218
195 201 219
198 199 222
194 195 225
195 199 225
199 202 221
198 204 222
197 201 222
198 204 219
195 208 221
195 210 224
193 209 220
189 207 221
187 208 223
188 205 225
190 207 221
189 206 225
190 203 221
194 204 222
195 203 226
195 205 230
191 205 230
193 203 230
189 201 230
187 201 233
185 199 230
184 199 231
187 196 233
183 198 237
182 195 236
186 191 239
183 190 243
184 192 247
187 189 250
187 188 254
186 185 257
185 182 254
189 183 251
193 186 251
191 186 249
190 183 246
193 180 245
193 179 244
194 177 241
195 175 240
199 172 236
201 174 236
204 177 234
202 181 231
204 177 227
208 179 227
205 183 227
207 184 227
205 184 225
208 187 229
210 188 225
210 192 228
210 189 229
208 187 229
211 183 226
211 185 226
207 181 226
203 184 224
200 187 223
204 191 224
205 194 222
207 190 224
205 189 228
206 191 224
209 189 227
213 187 223
210 184 227
212 188 225
212 189 224
212 190 222
211 190 223
214 192 223
214 192 222
211 196 225
213 192 228
212 188 226
215 187 229
213 187 229
217 191 232
220 191 232
222 191 234
221 193 238
222 191 242
220 194 246
219 191 249
223 190 249
227 190 250
231 187 248
235 190 248
238 193 249
234 190 252
232 187 250
231 187 252
227 187 255
224 185 258
221 183 254
224 184 253
227 185 256
228 181 259
230 183 261
227 183 260
230 184 259
234 183 259
233 187 258
233 188 258
233 192 260
231 189 259
234 188 257
238 188 256
240 189 253
241 188 257
240 188 258
238 187 258
235 190 254
233 189 254
235 187 254
237 190 257
233 194 254
231 190 253
233 193 256
230 195 260
226 195 261
227 191 259
226 192 259
230 194 261
231 195 264
230 196 265
230 193 268
227 195 267
227 191 271
228 195 272
229 195 275
228 192 276
225 190 277
228 189 275
224 188 271
225 192 269
226 190 270
228 189 270
225 193 269
223 193 271
224 192 275
228 196 278
226 192 275
224 191 278
225 188 278
222 190 278
222 189 274
220 192 272
218 192 271
217 191 275
217 188 279
218 186 279
217 190 283
221 189 283
225 191 286
228 190 285
227 192 284
224 188 285
227 191 283
231 193 280
231 193 284
234 194 280
235 195 277
233 197 280
233 201 284
231 199 287
228 203 287
229 205 284
230 208 281
228 209 282
231 207 282
227 209 281
231 205 281
233 207 285
229 206 289
225 210 293
222 208 289
218 205 293
222 205 292
219 206 288
223 205 287
224 205 283
227 207 284
228 208 288
226 205 284
225 201 282
227 199 285
224 200 282
220 198 281
218 198 282
221 197 283
225 200 283
228 196 281
230 192 283
232 196 282
228 192 285
227 193 281
224 196 277
220 196 278
223 199 279
227 202 283
228 202 281
226 203 280
230 203 282
229 201 279
233 197 275
236 198 277
240 197 274
239 197 272
240 200 272
241 197 268
244 196 271
241 194 269
237 196 273
237 196 271
234 197 274
238 199 273
235 196 273
237 199 277
235 199 277
232 202 278
229 200 276
226 199 279
227 203 281
231 200 285
233 201 287
232 204 290
232 202 291
233 206 292
230 210 293
230 207 297
231 206 298
228 206 297
230 208 299
233 210 297
231 208 293
235 206 295
237 203 293
234 202 289
237 201 289
233 199 291
234 195 295
231 195 291
234 191 290
237 190 286
235 190 288
237 191 284
233 189 287
234 188 285
233 186 285
234 182 283
234 180 287
235 182 290
238 186 292
237 187 289
234 189 290
231 191 293
234 193 295
231 197 293
234 193 292
232 189 296
231 185 293
234 184 290
231 180 286
231 178 285
231 180 284
229 176 284
232 180 287
236 179 289
237 181 292
235 178 293
234 179 294
231 182 293
234 184 294
237 182 291
241 184 294
237 180 296
235 179 298
233 179 301
229 175 297
226 179 298
222 179 295
221 180 299
220 176 299
223 174 299
219 178 300
215 181 299
213 180 297
216 184 294
219 184 296
222 188 293
221 188 290
223 185 293
226 183 290
227 179 290
223 181 294
221 177 293
221 173 294
224 169 290
223 169 287
225 168 283
227 170 279
224 171 275
222 169 271
221 170 270
224 171 270
222 171 266
223 172 264
223 171 260
219 171 257
221 168 261
224 167 265
221 165 264
224 168 266
225 167 265
228 164 262
225 168 263
228 166 259
229 167 256
229 163 259
228 164 255
226 162 257
229 166 258
233 163 254
236 161 251
240 162 252
237 159 250
236 155 253
234 158 251
237 154 251
233 153 251
235 154 252
237 156 249
241 160 245
241 160 247
240 157 245
240 155 249
241 155 246
245 155 242
242 159 240
238 157 244
236 155 245
240 153 249
239 154 248
240 157 250
242 153 250
241 151 253
244 151 254
242 152 250
241 148 253
238 151 257
234 149 256
234 149 256
237 146 255
239 150 259
240 148 260
239 145 262
237 148 259
239 147 262
236 150 260
237 151 260
234 151 256
238 152 260
238 149 257
236 149 254
236 152 258
239 155 256
239 151 260
242 149 262
246 153 263
242 157 259
240 157 262
242 153 263
240 154 262
244 155 263
244 155 261
248 159 264
250 159 266
253 162 269
252 162 273
250 159 272
247 163 270
250 161 272
246 164 271
243 161 272
240 159 275
237 156 278
237 159 277
236 159 279
235 158 276
233 160 278
236 162 279
236 161 281
239 160 277
236 156 275
232 158 273
229 158 277
230 154 273
234 152 275
237 152 278
240 151 280
240 148 280
244 150 283
248 147 281
246 143 282
248 146 286
248 144 288
250 142 286
251 142 283
254 140 284
258 140 285
257 137 282
261 140 281
265 140 282
261 137 283
265 139 279
262 137 275
258 141 271
254 138 269
253 137 267
256 141 264
259 144 265
263 142 265
266 145 261
269 144 263
272 142 259
274 139 260
274 142 261
270 146 260
273 144 262
274 145 259
275 145 256
278 144 256
280 141 257
284 143 255
286 140 256
282 143 252
283 144 248
287 144 249
287 143 249
283 146 251
282 144 250
283 148 246
285 146 244
285 148 245
287 149 244
283 152 243
279 155 244
279 151 247
276 153 248
276 151 247
274 151 244
272 150 248
274 151 247
271 148 249
271 144 253
269 147 256
268 150 257
269 147 254
267 149 257
265 148 255
263 144 257
260 146 258
260 143 259
263 140 262
265 137 265
261 136 267
262 136 269
260 135 267
258 134 270
261 133 269
259 131 271
259 130 275
262 131 271
261 129 273
265 132 272
267 129 270
264 125 271
267 124 270
266 123 272
263 123 268
266 124 264
269 122 266
272 119 270
270 117 273
267 119 276
271 120 275
274 120 277
271 118 274
271 114 276
273 118 272
270 116 276
270 117 277
274 116 276
271 114 273
275 112 273
277 115 272
281 117 270
282 119 272
285 115 274
284 111 272
284 114 272
285 111 276
281 109 272
278 108 275
276 109 271
279 105 270
275 109 271
273 107 272
273 107 274
269 109 277
267 106 276
267 107 274
264 103 273
266 105 272
264 102 272
264 106 272
266 105 272
263 108 272
260 108 270
263 111 269
259 112 266
260 114 264
261 113 263
258 112 267
259 113 269
262 113 266
266 109 270
262 112 267
262 112 263
261 114 260
262 117 264
258 118 267
257 119 264
260 123 268
262 125 265
259 122 265
257 124 264
253 121 265
249 124 266
245 128 265
241 127 265
245 130 263
244 130 266
241 126 266
243 124 264
243 122 264
239 126 265
237 128 261
241 129 261
237 129 259
240 129 258
241 131 259
245 133 256
245 136 260
241 138 261
242 134 261
244 130 263
244 129 261
247 129 261
248 130 258
248 131 260
247 129 256
245 129 256
249 126 257
248 124 257
251 120 260
253 120 260
254 119 258
256 118 254
253 121 257
251 122 257
249 119 255
249 118 252
246 122 252
249 120 256
245 123 253
249 124 249
245 122 245
248 125 249
245 124 251
248 120 250
244 117 251
246 118 255
244 119 253
243 122 250
240 120 251
241 117 253
245 120 252
244 117 254
247 119 258
248 123 255
245 122 256
246 122 257
249 119 258
253 118 260
252 116 259
256 112 260
255 108 263
251 109 262
255 109 259
259 108 263
256 104 267
260 108 269
261 110 273
257 107 273
260 105 276
259 107 272
260 111 276
262 110 274
259 114 274
258 116 274
254 116 278
257 119 275
258 122 278
262 118 276
261 119 275
262 123 278
262 126 278
263 123 280
266 119 280
265 122 276
266 118 278
268 116 279
270 115 277
269 117 280
273 113 278
277 110 280
273 110 278
269 110 275
268 110 278
270 114 278
270 111 274
273 115 271
272 112 267
275 116 267
273 120 266
276 120 268
279 117 265
278 120 263
274 117 262
278 113 261
276 117 260
275 116 263
275 114 264
278 110 267
276 111 268
278 108 268
275 105 266
279 108 264
276 109 265
276 110 269
275 114 273
277 114 274
274 117 273
272 115 275
273 119 274
275 122 277
273 118 276
276 121 272
275 122 273
275 124 270
277 121 267
275 118 267
275 116 269
278 116 269
275 117 265
279 121 265
280 123 268
277 126 265
280 129 261
279 133 258
281 131 257
280 130 255
276 127 258
273 128 261
270 129 264
274 133 260
274 133 259
273 132 255
269 132 253
267 131 257
265 133 261
261 134 257
260 136 256
262 138 260
264 140 264
261 142 265
259 141 266
262 141 270
263 138 273
267 138 273
265 142 271
266 140 267
265 141 269
263 139 273
260 142 269
260 145 266
257 142 268
259 141 264
262 143 268
260 140 272
264 138 268
262 140 268
266 136 264
267 133 264
270 131 261
273 132 265
275 135 267
272 134 268
276 130 265
276 131 267
278 135 271
282 131 272
283 134 271
282 131 270
280 128 267
284 126 265
284 128 262
285 124 259
288 122 263
287 126 263
285 130 263
287 132 265
288 135 268
284 137 269
283 136 267
287 132 265
290 134 266
291 137 269
288 137 265
288 134 266
284 130 269
283 132 273
280 135 272
283 134 275
284 132 271
288 134 275
292 134 276
296 133 278
296 130 278
295 134 277
291 130 280
293 133 280
297 130 283
293 130 284
291 132 281
295 131 278
296 132 278
298 135 282
302 134 279
302 131 280
305 135 284
302 137 285
302 141 287
301 137 288
301 139 285
298 139 285
302 140 284
304 140 282
302 136 279
298 140 276
297 142 276
298 141 274
297 142 271
301 143 267
304 147 266
307 147 268
311 149 267
307 148 263
305 146 262
308 144 260
312 148 257
316 151 259
320 154 256
324 152 259
324 155 262
328 152 260
331 149 264
329 151 265
327 148 264
331 147 265
331 143 269
327 147 273
324 149 274
327 148 270
331 145 274
333 146 273
331 143 269
334 143 271
336 142 275
337 146 275
338 149 271
340 146 269
337 146 268
336 145 271
332 148 274
328 149 273
325 151 274
327 149 272
327 148 269
331 146 270
335 143 267
336 147 267
338 150 271
341 154 268
340 152 265
338 156 265
335 156 266
337 156 265
338 160 268
337 159 271
339 157 272
338 156 275
339 158 278
338 159 275
338 161 274
339 159 277
340 157 278
342 153 275
338 157 274
337 159 275
338 158 278
340 154 274
343 158 278
341 160 281
337 164 283
333 166 279
335 168 279
336 166 282
340 163 281
339 167 285
342 163 288
338 159 289
342 159 293
344 160 289
342 156 293
339 160 291
339 164 291
336 161 292
339 165 288
335 163 285
339 166 288
338 162 290
339 160 293
339 164 296
335 161 293
331 158 295
332 162 295
333 158 294
332 156 295
334 155 295
330 156 292
333 160 288
336 160 285
332 162 281
336 166 282
338 169 281
338 169 277
339 169 277
342 170 281
346 169 277
344 169 277
344 173 280
342 172 276
340 175 277
340 174 273
337 172 272
336 168 275
340 166 272
344 167 276
342 171 275
342 175 276
341 172 272
345 168 270
347 170 273
349 170 274
346 168 274
344 164 273
346 160 276
342 157 279
343 159 282
342 160 278
344 163 275
345 163 277
344 164 277
341 166 277
344 162 274
340 160 272
342 159 269
338 156 272
340 160 268
344 163 269
343 165 269
342 165 269
338 167 273
334 168 276
331 172 276
332 170 280
333 170 283
334 172 285
333 173 285
334 174 288
335 170 290
337 170 291
339 168 287
341 171 287
344 171 288
340 172 292
338 171 290
341 172 289
343 168 288
347 170 287
347 169 287
349 169 285
352 169 285
348 171 284
351 171 281
350 174 285
353 175 285
352 175 288
356 172 288
352 170 290
352 170 289
352 170 292
348 167 288
347 164 285
349 161 287
345 158 290
341 155 292
344 156 291
345 157 295
348 160 293
345 160 289
345 161 286
344 165 284
347 161 283
349 165 281
348 169 283
345 173 287
347 172 291
345 171 289
344 174 289
345 170 285
347 173 285
343 175 286
346 178 290
349 182 290
345 182 293
345 179 291
347 180 289
350 183 292
350 181 291
354 177 293
358 175 291
357 176 292
361 180 296
362 183 298
361 187 299
363 191 298
365 190 300
366 187 296
363 187 296
360 183 294
364 184 292
361 184 293
362 183 291
362 181 295
365 181 296
367 179 300
364 179 300
360 175 299
356 178 297
354 175 294
354 171 297
350 172 299
351 169 296
347 165 292
349 164 295
352 162 297
353 164 293
355 166 292
353 162 291
352 160 293
352 160 296
350 162 299
350 165 296
347 162 293
346 166 290
349 169 291
348 167 288
350 170 291
351 169 289
352 173 285
352 175 285
356 171 288
360 171 288
361 167 288
364 171 289
361 174 286
359 170 290
360 170 286
360 168 285
358 168 288
357 169 285
358 171 288
354 169 285
353 165 283
353 167 286
352 163 288
354 166 290
357 163 292
361 163 291
362 160 290
363 161 287
366 158 289
366 159 286
362 156 286
362 160 282
364 156 281
366 154 278
364 154 281
362 155 279
364 152 279
366 151 280
369 148 282
365 149 280
365 150 280
363 153 277
362 155 276
358 159 278
356 158 280
354 160 280
350 163 278
349 162 276
353 160 276
356 161 274
359 159 274
358 161 277
355 158 276
351 159 274
355 160 274
352 163 275
353 166 279
354 166 278
356 170 275
360 166 277
364 162 280
367 163 278
366 164 280
367 163 279
364 162 282
363 158 284
361 158 282
364 158 279
365 158 278
362 161 274
364 158 270
365 157 274
367 159 272
364 158 270
368 160 267
370 163 265
366 160 265
370 159 269
371 162 265
372 165 261
374 162 263
377 161 265
378 162 263
381 161 264
381 163 268
378 167 264
379 167 265
381 164 269
382 166 267
380 162 267
382 165 270
379 167 270
380 167 266
378 168 270
382 167 272
381 167 272
385 169 268
386 167 269
385 171 266
384 173 264
388 173 262
390 169 264
386 173 267
383 174 268
386 176 265
388 177 266
389 174 269
387 170 267
383 168 267
385 166 266
382 167 262
381 170 264
378 174 260
380 174 258
377 176 256
381 175 252
381 178 252
382 181 255
386 177 256
385 181 255
381 182 251
385 184 247
389 182 249
391 186 247
391 186 245
387 188 247
386 187 243
389 187 246
393 188 243
394 185 239
397 183 239
399 182 235
400 184 233
398 183 229
394 187 226
397 185 225
395 185 226
392 182 230
393 181 228
394 184 226
393 181 228
392 183 226
396 184 227
396 182 227
399 186 227
398 184 225
395 184 228
396 188 224
394 184 226
395 187 225
394 186 228
392 186 228
395 190 225
392 190 222
396 188 220
398 185 222
401 186 222
397 187 218
396 189 222
394 190 225
398 186 221
397 182 221
394 180 218
393 176 218
389 179 221
388 178 224
391 175 220
395 172 221
399 171 222
402 175 224
398 177 228
401 176 228
403 176 230
406 178 233
405 175 234
401 176 234
404 177 236
402 176 234
400 176 234
398 174 230
399 176 234
397 173 230
401 175 230
398 178 233
397 181 230
398 182 227
397 180 229
397 177 228
397 180 226
393 179 225
395 179 224
394 182 226
398 178 230
402 175 233
403 171 237
403 168 241
405 166 240
405 163 239
402 165 238
404 164 237
402 160 234
401 158 232
401 158 230
397 156 229
398 159 230
401 156 226
400 152 230
403 154 232
404 154 230
404 151 231
401 152 232
405 156 232
403 153 232
403 156 230
400 160 232
404 159 234
402 155 235
403 158 237
401 155 237
399 158 236
397 157 238
399 159 240
403 159 240
404 157 240
405 161 239
401 157 241
405 160 240
407 163 243
408 162 245
412 161 248
412 164 245
415 160 248
414 157 245
417 155 244
414 153 240
410 152 242
413 148 242
416 151 239
413 149 243
412 149 246
414 153 245
410 153 242
408 150 243
407 147 241
403 150 242
401 154 240
403 157 241
406 158 244
407 154 243
406 158 246
403 155 242
400 156 243
397 159 241
394 159 244
398 155 241
398 159 238
395 159 236
391 160 239
393 160 241
396 164 241
397 160 245
398 159 245
402 157 242
402 158 240
399 159 237
398 163 238
397 165 242
399 164 239
402 165 243
401 164 246
397 166 247
394 163 249
397 164 253
394 164 255
397 164 256
394 161 253
393 157 249
395 159 253
394 155 257
396 151 261
400 149 261
398 145 257
395 148 257
396 147 254
393 151 254
390 155 257
387 158 258
387 160 261
391 160 263
395 160 264
395 162 262
395 165 266
398 167 264
400 171 260
396 172 264
392 176 268
394 178 269
398 174 265
399 178 265
400 176 269
403 178 269
406 179 266
405 175 270
403 172 268
407 173 268
406 169 272
406 166 270
402 167 267
399 170 267
401 167 263
398 168 267
400 168 270
401 169 273
404 171 277
406 171 278
402 169 275
405 165 277
406 163 281
410 166 282
411 166 283
411 164 285
412 166 282
409 164 282
409 167 286
413 166 287
410 165 283
412 163 282
413 160 284
412 158 280
408 156 283
407 155 280
405 158 277
407 156 281
408 159 280
404 159 282
405 161 281
407 158 281
404 160 282
408 163 282
411 164 282
408 165 280
407 162 276
405 163 278
404 164 277
406 167 277
405 167 280
407 168 278
408 170 279
412 166 280
409 166 283
410 165 279
407 163 283
404 167 281
407 170 279
410 171 279
411 168 283
413 170 286
416 174 290
415 175 287
419 177 291
423 181 287
425 177 285
429 178 283
429 181 283
431 180 279
429 184 281
427 186 280
426 183 278
423 187 278
419 189 280
422 187 278
418 190 277
421 193 273
423 195 272
419 192 273
421 191 269
421 189 265
417 187 262
416 185 263
417 184 263
414 182 266
416 180 262
417 182 261
419 183 259
415 186 261
419 182 260
418 181 258
415 185 257
414 181 254
412 178 251
409 174 253
413 178 250
414 178 254
416 174 253
416 176 256
417 174 258
416 173 258
417 176 255
416 172 254
412 169 257
412 170 257
409 174 259
413 177 256
412 181 257
415 182 258
415 183 254
416 180 253
413 183 251
411 184 251
408 183 250
410 180 250
409 176 250
407 172 248
409 172 252
410 169 248
409 173 245
406 177 243
403 176 247
401 176 246
398 178 244
396 180 242
395 182 242
397 182 240
398 179 238
398 179 234
394 178 238
393 181 234
392 179 238
390 177 239
386 176 239
388 176 243
391 174 241
394 175 238
391 173 240
393 174 237
395 177 241
396 173 237
400 177 235
404 174 232
408 174 236
410 178 232
410 180 236
413 178 234
415 182 230
414 178 228
410 179 232
414 177 235
410 181 234
406 185 234
408 188 233
412 185 231
408 185 232
409 189 233
411 186 237
411 183 239
414 184 235
413 185 239
