42 51 32
42 47 35
42 47 32
38 43 36
42 43 40
38 45 37
40 49 35
44 48 32
48 45 32
49 41 34
53 40 35
49 43 38
45 39 41
43 39 40
39 38 43
37 35 42
35 38 44
32 42 44
31 43 43
29 46 39
27 48 35
31 48 39
31 49 37
29 50 40
32 49 37
30 51 41
27 51 40
25 49 42
24 48 40
22 45 40
21 49 38
19 48 36
15 44 40
12 43 36
13 42 38
14 41 38
11 42 40
10 41 39
14 37 36
18 41 37
15 45 33
15 46 30
13 49 30
17 51 30
21 49 27
21 53 28
20 56 31
18 57 29
21 53 33
22 57 36
24 56 40
27 60 42
23 57 39
25 61 35
24 60 39
24 56 39
26 56 39
26 59 42
29 56 42
31 60 42
28 60 43
27 61 47
26 63 43
23 67 46
27 69 42
23 69 43
19 73 47
22 71 45
22 68 48
21 68 47
23 72 43
26 73 39
30 69 35
29 66 31
26 67 32
30 65 28
33 64 30
34 68 34
31 72 31
27 70 31
25 72 31
27 71 31
29 73 27
25 72 30
23 74 29
25 77 31
27 79 34
25 79 32
23 80 29
25 80 26
23 83 28
23 79 26
22 78 22
24 78 24
25 78 28
25 75 25
22 79 21
22 83 21
21 84 21
25 81 18
25 82 16
24 81 14
25 85 16
29 85 19
31 84 20
33 85 16
30 86 20
32 82 22
29 82 20
26 78 24
30 75 25
26 71 28
25 75 32
25 77 29
28 80 29
26 82 33
24 82 29
21 86 30
25 84 31
26 86 32
30 87 31
34 90 31
34 90 35
34 87 33
33 89 37
31 86 38
27 85 41
29 85 44
30 83 47
33 87 51
33 89 50
31 88 52
29 86 51
32 84 52
34 87 56
34 89 52
37 93 51
34 97 47
37 94 46
40 94 44
41 96 41
41 100 41
43 98 41
47 99 44
47 95 40
45 92 38
47 92 38
49 90 34
46 87 32
45 85 28
41 81 26
37 78 23
35 77 27
32 81 28
34 81 24
31 78 28
34 76 26
36 78 25
38 78 24
37 80 23
35 84 23
37 85 27
39 84 26
42 81 28
46 81 30
42 82 29
39 84 27
42 81 30
43 78 31
46 82 29
46 81 27
42 80 31
38 83 33
40 82 33
41 85 33
37 89 32
39 92 35
39 94 32
36 98 29
34 102 26
30 104 29
31 108 26
31 112 28
28 116 31
31 112 32
27 112 31
23 115 31
23 117 32
21 113 29
20 113 29
21 116 31
20 114 35
20 110 34
17 110 31
13 108 27
13 111 23
13 114 23
12 111 27
12 109 23
14 110 27
12 111 31
16 113 34
14 109 37
17 106 39
18 106 37
17 104 34
13 106 35
10 105 39
7 108 36
4 105 33
0 101 31
3 103 28
3 101 31
2 103 33
5 101 34
5 102 30
8 98 31
10 101 35
13 98 36
17 97 38
21 97 42
21 100 41
20 98 40
20 101 44
18 99 48
20 97 50
17 95 49
17 96 50
14 95 52
14 95 54
16 94 52
14 96 48
14 96 45
16 97 42
20 95 40
22 94 42
22 93 45
26 94 42
25 90 44
22 86 46
21 86 49
21 88 50
18 90 46
14 89 47
18 85 48
19 87 45
18 83 42
18 85 45
22 86 43
22 83 46
24 82 47
21 86 51
24 83 50
20 80 48
16 81 50
15 82 52
11 85 53
14 84 54
17 88 58
18 91 56
22 87 53
19 89 56
17 92 59
16 91 62
14 91 60
15 87 64
15 87 60
17 90 64
18 88 60
17 86 56
15 82 59
12 79 60
15 82 63
12 83 63
15 83 67
16 82 64
12 79 62
9 81 61
12 84 60
12 88 63
16 84 61
19 80 64
21 77 61
22 73 64
23 76 67
27 80 64
25 84 61
26 88 63
27 91 67
31 88 65
28 90 62
25 93 61
26 91 59
23 87 56
21 83 59
20 83 58
20 85 57
21 89 56
23 85 59
27 88 57
25 88 56
22 90 60
18 89 58
22 88 59
21 86 56
23 87 54
23 85 58
22 85 60
19 83 61
20 82 62
19 78 61
21 82 59
17 82 63
19 85 62
18 88 61
20 89 61
17 90 57
21 91 58
22 95 55
24 92 53
20 93 53
20 93 53
21 93 51
24 93 52
26 90 55
22 93 54
21 97 53
17 93 52
15 93 48
13 93 44
10 97 48
11 98 51
12 95 53
12 92 50
10 94 49
7 92 49
6 90 45
2 90 47
2 90 43
3 91 47
7 94 49
3 92 47
6 91 50
2 88 53
5 92 49
7 94 53
6 95 56
5 99 52
7 99 50
6 97 54
3 95 52
1 96 48
1 92 46
2 92 42
4 93 45
4 90 44
6 90 45
8 89 41
4 87 40
0 84 43
0 86 43
2 86 47
2 90 47
0 89 44
2 90 42
0 87 39
0 86 40
2 83 42
2 81 45
6 83 41
8 79 39
10 75 40
11 77 42
14 74 43
17 78 40
18 74 39
16 70 38
14 69 37
18 71 39
15 75 37
17 73 36
13 69 32
16 68 28
20 64 25
17 65 22
20 62 26
22 60 29
20 57 29
17 57 29
17 56 30
16 52 33
19 55 32
15 53 33
15 50 31
11 54 35
14 56 37
11 55 39
8 58 38
9 54 36
11 52 40
15 54 39
12 56 42
9 53 41
10 57 38
14 57 36
12 56 40
10 60 36
10 64 32
7 60 28
4 60 27
8 56 23
4 59 20
2 55 23
1 58 23
0 55 20
0 53 19
2 51 20
2 49 24
3 48 25
6 46 29
7 43 30
4 46 32
6 49 36
7 45 34
5 42 30
1 46 34
2 50 37
3 47 41
7 51 38
9 53 41
11 50 38
10 51 39
14 47 43
12 46 44
11 49 43
10 53 46
13 56 50
14 55 50
12 52 48
15 49 44
15 47 45
14 46 43
16 45 41
15 46 40
13 48 38
9 49 34
10 49 34
13 47 35
9 48 36
7 50 36
6 54 40
8 56 43
11 58 44
8 55 47
8 58 48
7 55 52
7 52 51
8 51 51
5 51 54
6 55 51
10 54 51
12 53 49
8 50 45
4 46 46
1 44 49
1 41 50
0 45 49
2 41 46
2 42 48
1 46 50
4 49 50
8 50 53
12 52 49
12 48 49
8 47 45
4 45 48
5 42 47
2 42 49
2 39 53
5 39 54
2 37 57
4 41 56
1 43 52
4 47 54
1 45 54
1 45 52
2 45 52
1 42 52
2 43 52
5 46 55
6 48 55
4 49 52
7 45 49
6 45 45
9 49 45
10 46 44
9 46 45
13 45 44
9 43 42
12 39 41
8 40 44
7 38 41
10 41 37
13 41 33
13 37 32
17 41 32
17 43 32
18 46 30
18 48 34
19 44 34
19 47 34
22 49 31
19 47 28
21 50 32
25 52 33
25 50 30
22 52 27
24 52 23
25 51 26
27 49 30
23 45 27
20 49 30
22 52 27
26 50 28
28 53 25
26 54 28
28 56 30
32 52 34
29 49 36
25 50 36
22 53 36
25 53 35
22 54 34
22 58 32
20 59 29
16 56 26
12 57 30
12 53 31
9 51 35
11 47 37
15 44 34
16 40 32
14 40 29
13 38 29
16 37 32
18 36 36
16 34 38
12 38 42
11 37 42
14 41 38
15 41 39
15 40 42
19 40 46
17 37 49
19 34 49
17 37 45
21 36 42
23 35 38
19 33 42
16 32 40
12 33 44
9 30 40
10 32 38
10 31 39
13 31 35
15 30 33
13 32 29
15 35 27
15 35 29
17 36 31
19 33 31
18 30 29
19 27 31
20 26 35
24 23 32
28 24 34
27 20 33
23 20 30
25 22 27
22 20 24
24 19 28
22 23 27
21 21 25
22 17 26
18 17 26
20 19 26
16 18 28
18 18 24
20 14 22
18 17 21
21 19 19
18 15 18
21 13 18
25 11 16
27 10 14
26 11 10
26 7 14
26 3 14
22 6 17
18 2 19
17 2 22
13 2 19
11 4 23
8 4 26
9 8 29
12 5 28
8 4 27
6 3 24
4 2 22
1 4 21
1 2 17
3 2 16
2 2 18
2 4 19
2 7 19
5 10 21
2 7 22
0 11 25
0 9 26
2 9 22
3 5 21
7 9 25
5 5 29
3 2 32
1 4 34
0 6 32
2 7 34
0 7 38
2 3 38
4 4 34
5 8 31
5 4 33
7 7 29
4 11 27
8 15 31
11 19 30
13 23 26
14 27 30
18 27 34
20 28 30
19 29 30
17 30 27
13 33 28
13 37 32
14 34 30
15 32 28
11 32 29
14 30 33
16 30 34
15 28 30
17 31 28
14 27 28
10 24 24
6 20 24
8 18 24
9 16 28
7 14 26
11 17 24
14 21 25
17 25 29
18 27 31
20 28 30
20 31 30
23 32 33
21 35 29
17 31 33
19 35 29
15 34 26
15 36 23
15 39 25
19 42 22
23 45 18
25 41 20
27 38 18
30 34 22
26 33 26
24 36 24
22 33 24
19 34 20
22 31 18
21 30 17
24 30 19
22 28 15
26 30 14
28 32 16
26 31 17
22 30 14
26 33 15
30 31 19
29 32 17
27 33 13
26 36 10
28 34 7
32 34 4
34 32 3
31 36 6
27 37 10
24 37 14
22 40 13
21 36 15
23 34 18
22 34 18
26 31 22
26 33 24
27 30 24
31 30 21
27 28 22
27 24 18
30 22 22
32 21 25
30 21 25
26 22 27
24 21 26
26 23 25
22 25 22
22 22 23
24 24 25
22 25 22
22 24 18
23 23 22
19 24 23
18 25 24
14 25 25
14 22 28
12 23 32
14 26 31
15 23 35
15 20 38
17 19 37
16 21 33
17 19 29
17 18 25
17 18 27
21 15 27
21 12 30
23 16 30
24 19 26
24 21 27
20 24 31
17 20 32
16 22 36
18 22 35
18 18 31
20 19 32
21 21 34
24 21 35
25 25 39
28 29 35
29 32 34
31 30 34
27 30 35
26 31 39
29 33 41
25 29 37
29 26 34
25 23 33
25 26 35
24 27 31
21 23 32
24 21 34
24 18 34
22 19 36
21 21 36
21 24 33
17 28 32
14 28 30
13 29 31
14 33 30
16 31 26
12 28 24
9 26 22
6 22 18
7 25 14
10 24 17
6 28 16
7 29 17
6 32 15
6 29 17
9 30 21
5 27 21
6 26 18
3 26 19
0 22 23
2 26 27
2 29 28
1 31 27
2 29 25
1 28 26
2 24 30
4 20 26
6 22 24
4 26 24
1 22 26
2 25 29
6 25 25
6 28 23
3 25 24
1 28 22
2 29 26
2 33 28
6 31 30
8 33 26
6 35 28
9 36 24
8 38 27
5 41 24
9 45 23
7 45 26
10 47 23
7 45 21
3 43 22
0 46 21
2 50 17
2 52 13
0 55 12
2 53 9
4 52 6
3 56 3
2 56 2
4 56 2
6 57 4
6 56 2
9 56 0
8 60 0
12 57 2
15 61 2
15 64 6
13 67 5
12 69 5
10 72 4
10 73 2
8 74 2
7 75 2
5 76 5
4 79 5
6 81 2
3 80 5
2 83 5
6 81 9
3 79 10
0 80 10
2 81 7
0 79 7
2 75 7
4 73 4
6 76 0
2 77 4
0 81 5
2 83 4
2 86 4
2 85 1
2 81 0
2 83 2
0 82 5
0 84 2
2 84 6
2 84 7
2 86 5
2 83 3
4 82 7
4 84 9
8 83 5
8 80 9
7 81 6
7 81 10
9 84 14
10 87 12
11 88 13
15 90 10
14 87 11
12 91 15
9 88 11
13 84 14
15 85 12
12 83 8
16 81 10
15 85 9
12 84 6
16 85 7
20 86 5
16 85 3
12 83 7
12 85 6
8 86 4
9 88 7
6 87 7
3 84 10
6 88 8
3 92 10
1 96 6
3 94 4
2 91 4
4 90 8
4 90 9
1 94 11
0 96 11
1 92 15
2 89 11
2 85 8
3 86 7
4 90 8
3 94 6
5 95 9
4 97 11
3 93 14
7 97 17
10 98 20
9 101 18
9 97 20
6 98 23
7 98 19
5 99 21
8 99 17
6 99 15
10 102 11
10 98 8
14 101 4
16 102 1
20 98 2
24 99 0
26 101 3
28 105 1
25 101 2
22 100 5
21 97 1
19 99 2
19 101 1
22 98 2
22 100 5
26 102 2
25 99 6
23 98 3
25 102 6
24 99 6
23 101 2
23 99 2
22 95 3
25 96 6
23 93 7
23 94 11
23 98 8
27 94 8
29 93 8
31 94 8
27 93 5
31 94 1
27 95 0
28 96 2
32 92 2
30 90 6
28 92 6
29 94 8
30 93 11
28 94 7
28 95 4
25 97 6
21 95 6
19 97 6
15 97 9
11 97 11
8 97 10
8 99 10
11 96 9
13 94 8
9 92 5
7 92 6
6 93 4
4 94 2
2 98 6
3 97 3
3 93 2
1 92 6
4 93 6
2 89 5
3 92 4
1 93 1
4 90 4
2 91 2
2 88 5
5 85 1
2 85 2
3 87 6
0 91 6
2 92 10
1 90 6
2 87 10
3 90 7
2 91 11
2 90 9
5 91 10
2 87 7
4 84 6
8 81 7
4 79 5
2 75 9
1 78 13
2 81 10
1 79 14
4 75 13
6 73 13
2 77 10
2 77 12
4 77 13
1 73 12
4 74 11
1 70 13
2 68 12
2 68 15
4 67 12
1 66 14
2 70 16
2 73 15
6 70 16
4 74 18
3 74 18
3 71 17
0 75 18
1 77 17
0 80 14
2 78 11
1 76 11
0 78 12
4 81 8
4 79 9
0 79 6
2 75 10
2 79 11
2 77 11
1 77 12
3 81 16
5 80 18
5 84 15
1 87 15
0 87 12
2 84 10
4 86 12
1 82 11
5 80 8
9 83 4
10 85 5
13 82 8
9 79 8
10 82 10
14 81 13
12 81 12
16 80 16
14 84 14
18 82 16
22 82 19
21 83 17
18 86 14
17 89 10
13 92 6
12 95 2
9 92 3
13 88 0
11 90 2
11 86 6
11 82 5
14 81 7
17 77 11
19 75 13
20 73 12
24 76 9
25 80 9
29 80 12
33 83 9
37 80 13
34 83 9
30 82 7
27 86 4
25 82 4
21 84 1
22 84 2
18 84 2
16 84 5
16 86 6
18 86 2
19 86 2
20 86 2
17 90 2
13 89 6
10 86 4
7 88 8
11 92 11
10 90 12
13 88 9
14 84 6
11 88 6
11 88 10
15 87 14
19 90 11
16 86 8
18 88 5
19 87 8
22 85 6
22 81 8
22 83 4
20 84 1
21 83 3
24 84 1
21 87 1
23 83 4
25 80 3
27 76 3
31 79 1
27 76 4
29 79 0
30 83 2
30 87 0
27 90 4
30 86 2
30 90 0
33 92 2
33 93 6
30 90 5
30 89 5
30 86 2
31 82 1
34 83 2
38 83 6
37 79 3
33 81 6
32 77 2
28 79 1
32 83 2
32 82 5
35 86 3
34 86 3
34 90 3
30 92 2
27 92 6
23 89 8
22 91 4
18 88 2
15 86 4
11 84 4
14 80 4
17 83 1
13 86 4
13 90 6
9 86 4
10 84 0
13 86 2
14 84 2
17 85 6
17 84 3
19 80 4
21 80 0
17 82 1
13 79 0
14 77 2
18 78 1
19 79 0
18 81 4
16 80 1
12 76 2
14 75 2
18 78 2
16 77 3
20 76 4
23 74 6
19 70 3
19 66 6
21 65 3
17 66 4
16 67 8
12 66 10
8 66 9
11 62 12
14 58 11
15 60 15
12 57 12
9 61 15
11 59 11
8 59 14
8 63 14
8 66 12
4 65 15
5 69 17
5 72 14
9 71 10
9 68 7
12 64 6
15 67 6
16 71 8
17 68 7
17 72 9
15 69 6
13 65 3
13 64 6
12 63 8
8 66 11
8 64 11
9 66 10
5 67 14
9 63 18
12 60 17
12 64 19
16 67 18
18 71 16
22 69 12
23 65 8
21 64 12
17 63 12
20 67 9
24 67 10
25 68 12
24 70 11
27 66 9
25 64 6
29 67 3
27 69 2
26 67 1
24 71 2
23 73 2
27 71 6
28 68 5
27 67 6
26 68 2
28 72 6
31 69 7
31 71 3
33 71 2
34 73 2
32 70 4
29 68 2
25 67 6
21 67 5
22 64 8
24 68 9
25 64 5
27 63 4
24 62 7
22 66 11
20 66 14
20 65 16
24 68 14
25 67 14
28 66 16
30 63 17
31 66 17
28 66 15
26 65 17
23 62 13
22 58 9
23 62 13
19 59 16
20 63 15
19 62 11
18 66 8
14 68 11
11 67 11
14 65 10
18 67 8
18 65 10
20 64 10
23 65 12
26 65 9
23 69 12
19 66 14
19 63 10
15 63 6
17 60 9
14 56 5
12 57 4
9 57 7
9 54 6
7 52 10
4 50 8
0 49 6
3 53 3
1 53 7
2 51 3
2 49 6
0 49 8
2 48 4
2 49 0
6 50 4
7 53 3
9 51 4
8 53 4
4 50 7
2 46 5
1 45 9
2 44 9
0 41 5
1 39 6
3 43 8
2 47 5
3 50 9
1 54 8
1 53 10
2 51 10
2 53 13
2 51 10
1 51 10
3 52 14
2 48 17
2 46 21
4 44 22
2 44 25
2 43 25
2 47 26
3 49 24
3 50 26
2 49 28
6 45 27
10 41 27
13 39 24
10 36 27
14 33 23
10 37 23
8 36 25
5 40 22
7 41 21
9 45 25
7 42 29
6 42 26
6 39 28
3 39 32
4 36 33
3 32 29
5 28 32
7 24 35
4 24 33
0 28 31
2 32 30
0 29 33
2 31 29
5 35 27
5 32 29
3 36 29
3 35 31
5 36 30
1 33 32
3 30 32
2 27 29
4 27 30
3 31 29
6 29 27
5 31 29
1 32 25
1 34 25
2 31 24
0 28 20
3 26 20
5 26 21
7 30 19
8 34 20
12 32 19
9 30 18
7 31 15
4 31 18
5 31 19
1 34 18
5 37 21
5 39 23
9 39 20
7 40 16
4 44 18
4 47 19
5 50 21
9 49 25
12 52 22
8 49 24
9 49 23
5 51 26
2 50 27
4 53 25
2 56 26
1 53 30
5 56 27
5 57 23
9 53 19
9 51 15
13 48 14
17 51 17
19 55 17
21 52 18
25 54 21
24 56 18
27 59 20
28 55 18
30 54 14
33 58 10
35 60 13
36 63 17
33 62 14
36 60 11
34 62 10
37 61 12
35 57 9
37 61 8
38 64 5
39 64 9
41 60 5
43 60 2
47 64 3
47 64 5
45 63 8
49 64 8
50 68 6
46 64 3
42 65 7
40 65 10
38 64 14
40 64 10
39 66 10
35 69 13
38 68 14
39 70 13
37 67 16
38 63 17
39 66 20
41 64 16
45 60 15
41 56 11
38 54 7
34 53 7
38 53 9
40 49 7
38 53 5
34 56 6
33 60 5
29 56 5
31 54 8
32 55 11
33 52 9
32 53 8
32 50 10
36 53 7
32 57 8
34 57 4
30 59 6
30 58 8
32 58 11
32 54 9
29 51 5
28 50 7
27 54 7
24 54 10
22 52 8
24 54 11
28 54 11
25 50 11
27 53 12
31 51 10
29 54 11
30 57 8
30 59 12
34 56 8
30 52 12
31 49 14
33 49 13
36 49 17
37 48 14
38 51 13
41 50 9
40 53 8
38 53 12
35 57 14
34 59 17
34 59 14
34 57 13
37 60 10
39 59 12
41 61 16
44 58 17
47 54 21
50 50 24
50 50 24
51 51 23
48 50 22
47 48 22
46 46 18
46 45 22
42 43 22
40 47 19
42 50 18
38 49 15
40 52 15
38 52 17
42 56 14
41 58 10
43 59 12
42 62 13
40 60 13
36 56 17
40 55 18
37 58 22
39 54 26
42 57 25
38 61 28
42 59 28
39 63 32
36 66 35
37 63 35
33 62 37
31 59 40
34 62 39
32 63 43
29 61 40
27 61 43
23 61 43
23 57 40
21 59 43
22 62 42
22 63 46
19 66 48
20 64 48
17 68 44
20 71 41
17 70 38
21 74 39
18 71 36
22 68 34
18 67 38
16 69 34
20 72 33
16 73 30
14 75 34
16 79 34
20 75 35
18 76 36
21 80 33
17 80 33
20 80 29
23 83 30
21 81 30
17 81 30
21 83 33
24 84 35
26 86 38
27 89 34
24 85 32
26 84 30
29 88 32
27 89 35
24 92 34
20 96 30
21 93 30
25 92 32
23 93 34
21 97 30
23 95 31
19 91 32
16 92 34
14 93 32
18 96 34
21 92 32
23 92 35
25 93 34
26 97 33
26 94 32
29 95 31
26 98 30
28 97 33
29 100 30
30 103 27
33 100 31
34 104 33
38 103 29
37 105 27
34 109 27
31 113 24
33 109 23
33 106 24
36 105 24
34 109 28
31 110 30
29 109 29
33 113 33
37 112 36
39 110 33
43 113 36
42 115 37
45 113 33
48 114 34
44 115 38
47 117 34
51 120 31
55 122 34
55 119 32
58 121 29
59 118 26
61 117 27
61 121 29
62 119 28
65 117 24
69 120 25
71 116 27
67 116 28
63 117 30
62 116 30
66 116 31
66 115 34
66 117 36
63 118 35
63 122 34
64 119 33
67 119 37
68 121 39
68 119 43
70 118 41
74 117 43
75 113 47
75 110 48
72 114 52
73 116 52
75 119 49
71 116 52
70 112 52
69 114 55
66 113 57
67 109 53
66 107 56
63 104 58
65 105 60
62 104 60
59 100 64
57 104 68
58 106 65
54 105 62
57 101 61
60 100 64
62 103 66
61 101 64
58 105 61
54 104 64
54 107 63
51 103 60
54 105 57
54 102 59
51 106 63
54 106 67
53 104 70
50 101 67
50 97 67
53 97 63
52 100 66
51 96 66
53 92 69
51 93 71
51 92 70
48 93 68
51 95 64
53 96 64
53 92 60
55 88 56
59 87 53
62 89 56
66 89 53
67 93 57
71 96 55
69 94 59
70 92 62
74 96 63
73 100 64
75 98 64
76 96 67
76 95 69
78 96 65
79 99 64
81 98 60
85 97 63
88 95 66
92 96 69
92 93 73
91 92 77
88 93 77
85 93 81
82 95 83
83 95 80
85 93 76
87 94 80
83 94 83
85 91 82
81 95 81
80 97 81
81 95 85
84 97 85
83 93 85
85 90 87
81 90 91
77 89 88
80 91 85
78 95 85
80 94 81
83 91 82
84 93 78
80 90 82
79 93 86
77 90 83
77 92 81
81 90 78
79 88 80
79 87 83
81 88 83
83 89 87
79 91 87
81 87 85
81 85 88
84 81 87
86 85 84
87 86 80
87 84 77
87 82 75
91 86 77
90 89 80
93 89 77
94 93 78
90 90 76
89 94 78
90 90 74
88 89 76
88 89 79
90 86 77
86 88 74
90 91 77
93 95 80
94 94 79
91 91 79
95 95 76
91 98 78
95 100 82
94 104 81
90 106 79
93 102 77
89 106 75
87 109 79
84 110 76
82 111 77
80 113 78
77 112 74
79 109 77
82 108 76
83 106 77
79 107 74
79 107 72
81 106 71
85 103 71
84 103 72
85 107 76
81 107 79
79 106 81
78 108 84
81 106 88
79 106 87
83 104 83
84 101 82
80 99 79
80 96 81
82 92 85
81 93 85
83 96 89
83 93 91
80 96 91
79 95 88
77 96 92
77 97 92
75 100 94
73 103 98
76 107 102
76 106 103
73 110 106
75 109 104
79 107 101
82 105 101
78 105 99
82 105 98
86 107 94
84 110 92
81 106 95
79 103 99
82 106 103
83 102 100
83 102 103
84 106 106
81 106 103
77 103 100
76 107 101
75 104 97
71 100 100
72 96 96
73 92 94
73 94 92
76 97 89
80 101 85
81 100 88
80 102 86
78 99 84
81 103 83
81 104 84
78 106 81
79 108 78
80 112 75
79 108 78
77 107 74
76 111 70
80 113 70
76 112 66
73 116 67
71 119 70
68 116 67
65 116 64
64 112 65
67 116 66
67 114 63
69 115 64
73 116 60
73 119 63
72 117 63
74 121 59
71 120 62
67 120 61
67 124 62
65 124 59
65 126 61
66 126 61
62 126 64
63 126 60
64 124 62
61 127 59
65 128 61
68 131 64
70 128 63
67 125 66
66 122 68
67 126 65
63 125 68
66 129 65
62 132 66
61 136 65
57 140 62
59 138 61
63 134 63
65 138 66
68 141 64
70 139 66
73 136 62
77 137 66
80 137 62
80 136 60
76 139 59
78 135 61
82 131 61
86 131 65
87 127 66
83 124 66
86 120 70
84 121 74
86 121 72
90 120 71
88 116 71
86 112 69
89 116 65
90 117 68
91 118 64
90 119 66
91 121 64
94 125 65
90 126 64
86 130 66
82 134 62
80 138 65
83 136 65
86 132 61
83 128 63
80 128 65
83 129 65
82 133 68
79 134 71
83 132 71
86 134 69
84 138 66
86 136 62
85 138 61
89 141 61
93 137 61
89 135 58
86 134 59
82 134 60
84 134 60
87 137 56
88 133 54
92 136 50
88 135 54
86 139 53
88 140 57
86 144 53
89 143 57
87 146 61
86 146 65
85 150 67
87 148 63
91 145 62
89 145 61
87 148 61
86 148 58
86 152 54
88 156 58
89 157 61
90 156 58
89 158 60
88 161 61
92 162 60
90 166 59
86 165 60
83 163 57
82 160 54
86 158 51
82 157 49
85 157 51
88 157 53
89 160 51
85 160 50
89 157 47
85 159 47
83 163 50
80 161 47
76 157 48
80 158 49
81 161 51
81 161 52
81 163 52
81 167 53
83 169 56
82 168 56
78 166 59
80 166 58
78 169 58
77 166 61
75 165 62
74 165 65
76 169 61
78 166 59
81 163 59
81 160 63
79 157 59
82 156 56
82 153 54
79 156 58
83 158 55
83 159 57
83 159 60
86 161 60
88 163 58
89 162 61
90 159 60
88 157 58
85 157 57
88 155 53
89 159 54
90 159 54
89 159 50
86 160 46
86 161 42
88 163 39
88 159 35
89 157 38
90 157 36
92 153 38
91 150 42
92 151 43
89 155 43
87 155 45
90 153 46
92 149 50
95 151 54
99 153 50
98 156 52
96 156 53
92 160 50
91 158 46
87 159 48
86 158 50
85 160 48
84 160 50
87 161 51
91 162 49
90 165 50
87 169 50
87 166 52
90 169 50
91 171 46
93 173 46
94 177 48
90 181 49
89 180 48
87 183 45
83 186 48
84 188 48
80 187 49
80 185 51
76 184 48
76 186 47
77 184 51
75 187 50
75 185 51
71 188 48
73 192 44
69 190 46
67 187 48
67 187 48
71 183 45
71 185 45
74 182 44
75 182 45
73 182 48
73 181 51
71 179 54
68 182 53
67 180 57
64 177 54
67 177 55
65 176 52
67 177 49
65 181 50
68 184 54
64 188 56
62 190 53
58 194 52
62 190 51
62 191 47
58 191 45
61 195 42
61 198 39
58 195 37
57 192 33
58 189 33
60 191 29
56 189 29
54 192 27
57 191 27
59 189 30
56 189 28
54 186 26
56 190 24
52 194 24
49 195 25
48 195 25
51 197 24
49 198 24
53 195 21
55 194 18
56 196 15
55 197 14
53 193 18
56 197 18
57 193 19
54 191 19
58 194 17
54 192 19
53 193 21
51 193 20
54 192 21
57 188 17
57 192 20
58 194 16
61 198 17
59 199 20
62 200 21
61 199 18
61 202 16
65 202 17
64 205 15
63 202 11
62 202 13
65 198 15
66 199 17
68 201 20
66 201 20
65 200 20
68 197 23
72 195 25
69 192 23
68 189 20
70 189 23
66 192 21
65 194 20
62 190 24
63 192 21
66 189 25
69 190 21
72 187 23
69 189 27
66 189 29
63 186 33
62 182 31
65 184 35
65 184 34
66 183 33
62 179 30
64 180 32
62 181 28
59 180 27
60 183 30
64 187 28
63 188 29
65 185 32
63 186 36
63 182 38
59 180 37
57 183 33
53 183 31
49 179 27
48 175 31
44 178 28
47 181 29
50 178 27
49 179 27
49 175 27
47 173 23
49 174 19
52 174 17
51 171 13
52 175 14
55 176 13
52 179 16
53 181 12
56 178 11
53 174 12
50 177 15
54 181 19
54 185 21
54 186 18
57 185 14
55 183 15
55 186 18
53 183 18
57 186 16
56 188 13
52 189 15
52 192 19
52 191 17
50 194 20
52 190 19
52 189 15
55 193 12
57 197 10
60 198 9
64 200 6
67 199 10
68 199 14
65 203 18
66 207 19
64 208 22
63 212 25
63 210 24
65 211 21
65 209 17
61 210 17
61 214 14
63 215 16
61 214 17
57 210 21
58 213 17
56 210 21
52 212 18
51 214 22
49 214 21
49 210 24
46 206 20
48 210 23
46 209 23
48 213 23
44 209 24
40 209 27
38 207 28
42 209 25
46 212 21
45 214 19
42 213 22
43 217 23
47 214 26
51 212 30
54 211 29
53 207 29
50 205 28
47 208 29
43 208 28
43 206 28
39 203 32
41 202 33
43 200 31
43 203 35
44 202 32
45 205 34
46 201 33
45 205 37
45 201 37
46 198 36
46 198 40
50 199 36
54 203 40
51 200 41
47 198 44
51 198 42
47 200 44
43 202 43
39 205 47
41 209 47
42 212 44
45 215 47
41 215 49
44 214 45
48 215 48
47 212 44
47 213 46
44 211 47
42 214 44
38 210 41
36 208 41
35 205 37
37 203 41
41 200 37
41 196 38
40 198 35
43 196 39
44 199 41
40 198 44
36 196 43
39 198 47
36 198 48
37 200 52
41 202 50
44 202 48
45 203 52
48 207 53
46 206 56
45 204 60
42 202 58
42 201 54
38 204 54
39 203 51
35 206 53
33 204 52
36 203 50
32 202 48
36 198 52
38 197 54
37 193 53
41 193 55
38 196 51
35 194 48
36 195 50
40 198 53
36 196 56
39 197 53
41 200 49
45 203 47
48 205 47
45 201 46
45 205 47
42 204 43
45 203 43
46 203 47
43 201 46
45 201 46
48 199 47
47 199 49
51 201 49
47 204 47
43 205 51
40 203 53
41 202 50
45 198 49
47 195 45
47 193 49
44 194 47
48 192 45
50 193 41
47 196 41
46 199 39
46 201 38
43 197 34
39 196 34
41 194 34
44 197 36
46 193 34
45 197 38
46 197 42
42 201 45
42 202 43
39 200 44
41 196 48
38 199 46
36 200 47
37 203 44
41 204 47
39 203 51
42 201 52
45 198 56
45 202 59
43 201 60
40 201 60
37 198 61
36 200 60
38 203 59
39 205 55
41 209 59
41 206 60
38 203 63
41 205 66
37 207 62
34 208 58
38 206 59
36 207 61
39 205 64
39 205 64
39 209 64
41 210 65
42 210 68
38 214 66
41 211 67
38 211 65
38 207 65
39 205 66
43 202 66
47 205 67
50 209 67
52 206 66
53 210 65
54 209 66
53 212 65
49 208 68
51 209 65
50 207 67
52 205 69
54 207 73
55 209 72
57 205 70
53 203 72
53 202 72
52 201 74
54 198 73
54 202 76
56 205 78
52 205 79
51 209 78
48 207 77
46 210 81
42 209 84
46 213 80
45 213 84
45 214 82
44 213 79
44 211 76
47 211 74
47 212 76
46 216 78
47 219 77
50 223 75
52 222 78
55 226 80
51 227 83
53 227 83
51 229 80
53 225 81
53 223 85
54 227 84
52 225 80
51 225 82
48 224 84
45 225 80
43 222 80
43 226 81
42 227 80
42 226 83
42 228 85
46 227 86
44 229 84
46 229 87
45 230 84
44 227 81
45 227 85
41 228 81
41 224 78
37 227 79
33 231 77
30 232 81
29 236 83
25 233 82
23 229 85
22 226 88
24 230 85
28 230 88
24 227 91
22 225 94
21 227 98
20 224 99
17 221 97
14 223 98
13 227 97
9 228 96
12 231 98
11 229 100
7 232 96
8 235 97
10 237 93
11 240 94
12 240 92
16 241 91
16 244 89
18 245 93
15 244 92
16 246 88
12 249 90
14 253 88
10 256 90
9 257 92
9 257 90
9 259 91
8 256 91
6 256 94
2 255 97
5 254 94
6 257 97
6 261 96
2 259 99
4 261 101
2 265 97
4 265 98
8 265 96
10 267 95
9 263 97
8 265 101
6 263 100
9 259 103
13 257 106
9 253 109
12 255 108
15 251 104
12 250 104
12 246 100
15 246 100
19 244 102
23 248 98
21 244 95
18 241 94
14 242 95
10 238 99
9 235 96
9 237 94
10 239 98
8 241 101
6 240 105
9 240 103
13 237 99
12 239 95
8 239 93
7 242 94
6 245 92
4 249 92
6 251 94
7 251 93
6 255 93
3 252 95
3 248 91
4 246 90
6 243 93
10 243 94
6 241 93
7 242 91
9 241 88
6 244 89
4 244 85
7 242 85
9 243 81
13 242 79
16 238 78
20 240 78
24 237 78
25 239 80
24 236 84
25 235 86
28 236 90
27 235 88
29 232 90
31 231 88
30 235 92
27 239 94
30 241 93
30 242 95
31 241 94
30 245 90
33 247 94
34 249 96
35 246 96
31 242 95
28 238 98
26 235 100
25 238 99
27 236 95
24 235 91
21 235 87
20 234 89
16 235 89
15 235 90
16 238 89
16 237 91
12 240 90
14 236 89
17 238 90
13 235 92
11 234 88
13 230 88
13 230 92
11 229 89
10 232 87
13 229 86
12 227 89
16 225 88
17 226 86
20 228 84
16 228 88
20 232 92
16 231 95
19 235 95
20 238 96
22 236 96
25 240 92
23 241 93
21 240 94
19 241 96
22 242 100
22 239 103
24 239 102
25 240 100
28 240 98
25 238 97
29 234 95
29 231 91
31 235 95
35 232 98
34 232 101
34 231 99
31 229 101
32 231 102
33 227 106
35 228 108
31 231 112
33 235 116
29 234 112
31 232 109
28 236 106
24 233 107
21 235 103
25 236 101
22 237 105
22 238 107
25 242 109
21 240 108
17 236 107
18 239 110
17 238 113
21 239 114
23 235 117
26 233 118
30 234 115
30 233 118
30 230 117
30 227 117
31 228 114
33 231 113
33 230 114
37 231 113
38 234 116
36 237 119
32 233 119
28 232 115
26 234 113
24 230 113
28 226 116
25 222 115
28 224 119
31 225 117
31 223 115
29 227 111
33 224 109
34 220 111
37 222 110
36 223 113
39 226 117
37 223 114
38 221 112
41 224 113
41 224 112
38 221 111
39 225 114
38 229 117
36 230 118
33 226 117
32 225 114
35 228 115
37 226 116
36 230 118
40 229 114
38 225 116
39 225 120
37 227 124
33 228 124
36 228 126
35 227 128
32 227 131
34 231 127
38 231 126
41 232 124
45 234 122
43 231 120
39 228 117
39 231 118
36 232 115
39 230 116
38 226 119
37 226 119
33 228 118
33 227 119
32 226 120
35 227 122
37 231 118
35 234 114
38 231 115
37 235 117
34 233 113
36 237 117
36 238 121
32 237 119
29 237 120
28 236 122
26 236 119
27 232 121
30 234 119
34 231 116
38 230 118
37 232 116
35 231 112
33 235 112
30 236 111
29 233 111
32 231 113
34 235 109
30 239 108
27 237 106
28 240 102
24 243 103
20 243 100
17 243 100
18 243 97
18 243 95
16 242 92
17 240 91
16 237 95
17 236 99
18 238 99
21 240 103
19 243 103
23 242 100
22 242 98
26 238 101
23 235 103
20 234 99
22 233 97
23 235 97
24 231 97
26 228 95
22 230 94
26 231 97
25 235 101
24 237 102
28 241 100
32 241 97
36 241 93
39 239 92
43 240 93
44 242 90
40 238 89
36 240 86
35 237 83
39 238 81
41 241 81
39 239 85
39 235 85
38 234 83
38 233 79
40 232 77
39 236 78
39 233 79
38 232 76
34 232 78
32 234 77
29 233 73
25 230 70
25 226 67
27 222 66
28 220 68
27 219 66
31 221 66
29 220 66
28 221 69
31 222 65
33 224 65
34 225 67
37 224 65
41 227 67
39 226 65
35 227 67
37 226 64
37 222 61
33 226 65
34 229 61
30 233 58
34 237 55
37 239 57
38 239 53
36 242 57
36 245 61
33 244 60
31 244 62
34 248 58
31 245 59
27 248 63
27 250 67
31 251 63
27 254 60
23 250 58
26 246 57
28 248 61
26 250 61
26 252 58
26 252 55
23 250 52
27 247 53
24 248 51
26 247 50
23 251 52
24 253 53
27 252 55
27 251 58
27 251 55
28 252 55
32 249 55
33 246 51
33 245 49
36 245 53
35 248 51
34 249 47
33 250 47
30 247 50
33 245 48
29 244 50
30 248 51
30 251 55
27 252 56
24 254 53
20 250 49
19 252 47
16 255 51
18 252 53
22 252 50
19 256 49
23 256 48
24 256 46
21 257 50
25 253 53
28 251 49
25 251 48
25 250 49
23 249 52
19 253 51
23 255 54
20 253 57
24 249 55
26 248 57
28 245 53
28 247 54
25 246 51
25 249 50
26 248 50
24 249 52
21 252 49
22 250 51
19 247 52
18 244 51
14 245 47
14 247 46
11 248 49
7 251 49
11 249 50
9 246 54
10 248 51
6 251 49
6 248 52
4 250 49
2 250 46
2 252 42
2 249 39
0 248 43
3 250 42
2 253 41
1 252 41
2 250 37
5 251 41
3 249 43
0 245 39
2 246 39
2 245 43
3 249 44
3 246 43
0 245 41
2 248 38
2 251 42
0 255 40
4 258 44
8 259 47
5 258 43
8 258 42
8 261 39
8 257 35
6 258 31
7 254 30
4 251 29
0 254 29
2 255 27
2 254 24
4 257 27
3 258 23
2 257 24
5 258 21
5 262 25
1 264 29
2 267 25
1 266 22
1 264 24
2 265 25
0 263 27
2 260 23
2 260 24
3 264 28
3 260 29
6 261 31
9 260 29
9 264 29
8 267 30
8 268 31
8 270 34
8 273 30
4 277 32
0 273 32
2 270 33
2 274 34
2 272 38
2 269 41
2 272 44
3 275 44
2 277 46
0 280 49
2 283 47
6 282 44
2 286 47
0 284 47
0 281 43
1 285 41
0 285 45
2 281 47
2 279 51
1 275 48
4 278 50
8 279 53
9 280 55
5 279 54
6 276 56
6 275 60
7 276 56
10 273 53
9 275 56
6 278 54
10 282 57
10 284 59
10 284 62
13 283 64
9 286 65
10 285 67
6 284 65
9 280 64
12 277 63
12 280 61
12 282 64
14 281 63
16 281 65
18 277 69
15 280 66
11 280 67
13 276 64
13 280 67
15 281 65
15 277 67
18 278 70
14 277 70
15 281 66
17 279 70
15 275 69
15 273 69
18 276 66
19 279 64
15 280 63
12 280 61
13 278 58
9 282 55
13 285 53
13 286 55
15 290 52
19 291 53
22 291 52
22 288 55
22 287 59
23 291 58
25 294 60
25 298 59
28 298 59
28 294 62
31 290 61
34 294 58
37 296 56
41 292 52
38 290 49
38 292 46
41 296 50
39 294 50
35 295 46
36 299 42
37 303 39
35 303 40
33 302 37
30 304 33
31 303 33
35 306 35
37 305 36
40 307 38
42 311 40
43 307 43
40 307 39
44 306 39
48 304 42
47 305 42
48 302 45
45 302 49
48 302 51
46 299 52
45 297 50
44 295 53
42 298 55
41 299 52
45 301 52
43 301 53
39 297 53
37 293 57
34 291 58
35 293 58
32 292 59
29 294 56
33 294 60
30 291 58
32 293 55
35 290 57
39 288 56
36 292 52
37 296 51
41 294 48
42 295 50
43 298 53
47 298 50
45 298 48
43 294 47
41 297 47
42 300 43
41 300 39
39 301 43
43 305 46
44 307 49
44 308 46
44 304 44
41 307 44
38 308 43
42 307 45
38 310 49
35 313 46
37 317 49
34 314 50
38 312 52
39 314 52
39 310 52
40 309 52
39 310 53
36 308 50
36 308 48
32 306 48
28 303 45
32 304 43
34 307 40
36 306 38
35 308 42
31 307 44
28 309 47
31 306 47
30 310 46
28 310 42
28 308 42
28 306 42
29 307 45
29 308 45
27 306 41
27 307 38
31 311 38
30 314 36
31 311 39
34 314 43
34 310 40
30 312 37
26 308 40
27 304 39
31 305 42
27 303 46
31 299 47
29 298 43
30 302 39
31 298 40
35 302 37
34 298 39
32 302 37
32 301 35
35 297 39
33 293 35
36 295 35
33 291 31
31 295 32
32 291 32
31 288 30
31 285 32
32 282 32
36 281 32
38 280 30
42 284 31
38 287 29
40 287 25
38 286 22
36 282 23
34 282 19
30 285 15
31 288 19
30 292 17
30 290 19
32 287 22
29 288 24
26 284 24
27 283 23
23 284 27
26 283 30
28 283 33
25 281 32
29 277 28
33 273 26
32 271 25
32 274 29
31 271 29
30 272 31
34 271 34
32 268 30
32 265 28
31 266 32
29 270 31
33 274 29
31 272 28
27 268 26
29 268 23
29 265 21
29 266 22
27 268 26
24 268 25
22 266 29
20 270 25
19 272 24
18 276 24
17 280 26
14 279 23
12 278 21
15 279 17
11 281 18
7 285 16
4 289 18
8 285 15
10 287 11
8 288 12
8 287 8
9 290 12
9 287 10
6 291 9
9 294 6
13 298 5
17 297 1
14 296 2
14 297 1
16 295 4
16 294 4
14 292 7
10 294 11
10 293 10
8 292 6
11 289 2
13 288 2
13 284 0
12 283 0
14 282 1
16 280 2
16 276 4
18 275 6
18 279 4
15 281 2
19 277 2
20 278 6
24 277 6
25 278 3
24 281 2
20 282 2
23 278 1
19 281 0
19 283 2
15 279 4
19 283 4
20 282 0
16 279 4
14 275 6
14 272 10
11 269 6
15 272 4
16 272 2
20 273 3
23 274 3
26 272 5
22 269 4
26 272 3
27 276 6
28 279 7
32 281 7
34 279 6
33 283 3
36 280 1
33 280 0
37 278 2
38 276 2
41 279 5
40 276 8
42 273 8
41 273 7
40 269 8
40 267 5
39 264 2
35 263 2
33 267 3
37 270 3
34 269 3
32 271 4
28 275 5
29 273 7
28 270 8
31 272 6
28 275 7
31 276 8
33 278 8
31 279 4
27 280 5
30 278 8
30 277 5
31 279 9
34 283 10
38 282 14
36 284 16
33 287 14
36 285 14
38 288 18
36 285 16
33 283 14
36 283 18
40 287 18
43 283 18
41 281 22
39 285 21
38 288 18
34 286 15
37 289 13
41 289 16
44 289 20
41 293 16
41 293 17
45 296 15
44 299 13
46 302 10
47 302 11
43 300 11
41 296 8
39 298 9
38 294 9
34 291 9
35 289 11
36 293 7
40 292 9
42 296 13
38 299 16
41 298 19
44 297 23
45 294 20
48 298 21
44 302 24
47 304 25
45 306 29
49 309 32
47 313 28
51 314 29
48 313 28
49 310 31
53 308 28
55 309 27
58 309 28
60 313 28
57 313 32
54 315 35
54 312 37
57 316 37
61 312 41
60 311 39
60 309 36
58 305 40
56 305 39
57 301 42
53 300 46
57 299 44
57 298 45
58 297 45
58 301 46
62 298 48
60 298 48
56 298 52
57 295 50
61 293 46
64 292 45
63 292 45
67 291 42
67 291 39
71 292 38
75 288 42
76 290 42
72 292 44
68 289 41
69 290 45
71 291 41
74 289 42
71 288 45
75 286 49
71 283 51
72 285 51
71 288 50
68 290 48
69 292 47
66 288 51
67 291 47
64 287 49
60 288 45
57 284 49
58 280 48
60 283 49
57 287 45
57 290 41
60 292 44
56 289 46
53 286 43
57 288 39
55 292 35
59 290 34
59 294 35
59 291 32
63 290 28
60 292 24
62 289 20
66 293 24
62 294 28
64 290 27
62 286 29
61 282 30
60 285 32
63 287 35
63 285 39
59 282 40
56 282 40
60 278 42
61 277 45
57 281 47
54 279 50
55 278 47
54 282 50
53 279 54
57 280 53
53 276 57
53 273 59
50 272 58
49 276 59
51 277 62
53 278 65
55 278 66
54 281 67
57 279 69
60 281 69
62 284 69
60 284 72
61 285 69
62 286 68
62 289 65
66 286 61
70 287 64
68 289 62
72 292 59
68 293 58
69 297 62
66 298 62
65 296 63
63 292 60
60 288 62
62 284 59
60 282 62
63 278 58
63 274 60
65 276 60
64 278 62
68 276 61
67 277 59
64 279 59
62 277 58
62 281 58
60 281 56
61 283 57
59 284 61
57 283 58
59 285 56
59 288 54
63 288 57
64 285 55
63 288 54
66 289 54
69 287 57
72 291 54
75 292 50
76 288 49
76 288 51
78 285 55
81 288 56
83 285 54
84 288 54
86 287 56
89 284 56
91 280 57
95 284 60
98 282 57
96 278 54
95 274 57
98 277 60
102 275 56
99 279 57
103 281 59
99 277 55
101 280 54
102 277 56
99 273 60
97 276 60
96 274 62
97 277 62
95 275 61
96 272 64
96 274 63
92 277 61
95 279 57
94 276 53
97 278 57
95 275 60
95 271 56
97 274 60
95 271 60
98 273 58
101 271 61
105 268 63
107 268 61
108 264 63
111 263 65
113 263 68
112 267 70
114 267 67
110 267 70
112 267 68
112 269 72
116 269 76
119 267 74
115 265 74
117 262 77
118 266 81
117 266 80
113 266 84
111 265 82
108 269 78
107 268 78
111 271 82
107 267 85
111 269 81
108 268 83
105 264 83
102 267 84
98 269 82
101 271 83
101 268 79
102 270 79
106 273 79
106 271 76
107 275 79
105 278 82
105 274 86
104 272 84
104 270 88
104 274 84
105 276 85
101 272 89
105 268 92
105 272 90
104 270 86
101 266 83
105 265 80
106 261 81
104 260 81
102 261 85
99 260 89
100 260 92
96 264 88
95 265 92
99 268 91
100 266 92
96 262 94
97 261 93
96 262 95
94 259 95
93 256 96
92 256 93
96 258 93
96 262 93
97 265 92
101 264 96
104 260 100
100 259 98
97 262 94
93 263 96
94 260 97
95 259 95
97 263 95
100 261 93
103 263 96
105 266 97
101 264 96
105 268 93
107 267 91
104 263 87
102 259 84
98 257 84
96 257 86
93 256 86
91 258 85
93 258 86
94 254 89
95 254 92
95 254 91
92 253 91
93 252 94
95 254 98
92 252 99
90 251 98
87 252 100
88 254 103
92 250 102
96 246 103
93 243 107
91 245 107
91 244 107
87 242 104
86 243 108
90 241 104
90 237 101
92 239 105
95 242 106
97 241 109
95 244 107
99 241 111
102 243 112
100 239 115
100 241 114
104 244 115
106 246 119
104 243 120
106 246 120
108 246 118
110 246 116
109 247 115
110 246 112
109 244 111
112 246 115
112 244 116
111 243 118
111 241 115
112 239 116
109 236 120
106 240 117
106 240 119
108 238 123
108 234 126
112 237 125
111 240 124
109 243 123
105 245 121
108 244 121
106 240 123
107 237 122
111 235 121
114 235 117
117 231 115
119 229 119
117 227 116
113 227 119
109 226 123
105 226 119
105 228 121
102 228 121
105 228 118
102 224 120
103 221 120
107 222 122
106 224 120
103 224 121
102 223 118
103 222 122
102 223 124
102 226 123
102 230 127
99 232 124
95 228 123
97 226 125
94 222 124
94 223 122
95 227 122
94 231 126
90 229 127
86 231 127
85 228 129
84 231 125
84 234 128
82 230 128
82 226 127
79 228 127
80 232 125
80 235 123
78 232 119
76 230 115
74 229 112
71 231 109
73 229 111
76 228 109
75 231 112
72 234 114
69 233 117
71 231 114
68 234 114
64 237 118
66 240 117
65 236 113
66 234 115
67 233 111
68 233 107
71 229 108
73 233 108
74 232 109
77 235 106
78 234 104
75 230 108
75 231 104
71 229 105
75 233 109
71 237 107
68 237 103
70 233 101
69 232 105
72 232 108
71 236 105
72 240 109
68 237 109
70 235 113
67 235 110
71 236 108
