34 38 36
35 42 37
31 39 38
33 40 41
30 40 41
26 39 39
23 42 41
21 43 41
21 40 40
18 39 41
15 42 42
19 41 39
17 41 43
21 37 40
17 34 38
19 37 35
21 39 34
24 40 30
25 38 31
26 36 28
27 34 25
23 30 21
23 31 20
25 33 19
29 32 15
33 28 13
30 32 17
28 36 20
31 38 17
34 39 13
33 38 9
32 34 7
33 30 4
29 27 1
27 30 2
30 26 4
27 23 5
24 23 9
28 25 5
32 26 6
29 23 7
26 20 8
30 21 9
27 18 8
30 16 12
30 19 10
27 22 13
31 23 14
27 23 11
24 27 13
25 28 11
21 29 10
21 33 8
17 37 9
20 40 13
16 37 16
16 39 13
14 36 13
17 32 14
17 36 14
21 35 11
19 36 15
23 40 17
23 43 15
24 40 15
28 37 12
30 41 15
26 37 13
30 39 17
30 35 19
33 38 16
36 34 18
37 33 21
41 33 20
43 33 17
43 33 19
39 33 20
42 29 18
38 26 15
41 24 14
39 23 15
39 22 19
39 26 17
42 28 13
45 26 17
43 27 17
42 30 15
42 28 11
42 31 11
42 28 14
43 25 13
44 25 13
41 27 11
44 23 12
42 27 11
43 27 9
47 29 7
43 27 9
41 28 6
37 29 4
33 25 3
32 28 4
30 25 8
28 21 4
27 22 3
25 20 2
26 21 4
24 25 3
25 25 5
23 28 8
19 29 4
20 26 0
17 26 2
16 28 4
13 24 2
17 24 4
13 25 1
13 21 5
16 21 6
16 17 3
20 20 1
24 22 4
21 20 8
21 16 5
24 16 8
21 18 5
21 20 8
22 20 12
18 21 14
14 17 18
10 18 14
6 16 10
8 15 7
9 12 3
13 15 2
9 11 1
9 13 1
8 13 1
11 9 2
12 7 2
13 6 6
11 4 2
10 4 3
6 1 3
9 3 2
7 5 0
8 4 2
5 2 2
9 3 1
5 5 4
5 6 5
9 2 9
6 5 13
5 5 17
1 7 15
0 9 13
2 10 10
0 14 13
2 18 16
2 22 17
6 24 15
10 20 16
14 20 13
18 18 11
19 20 12
20 18 12
22 21 15
22 24 12
19 22 13
15 26 11
11 23 11
14 27 9
11 29 9
8 27 12
5 30 13
1 26 10
3 29 8
2 26 7
0 22 7
2 21 4
6 24 1
2 25 1
4 28 1
8 24 0
12 20 2
16 16 2
13 13 2
13 12 1
9 13 1
6 13 4
4 15 3
6 13 0
8 11 3
7 9 5
11 13 2
12 10 5
8 8 9
7 11 8
8 11 9
5 10 12
8 9 16
5 11 12
8 7 10
10 6 13
8 4 17
8 6 16
6 3 17
3 0 18
3 2 22
0 1 25
2 1 29
5 0 26
1 0 26
2 1 27
2 5 28
0 8 25
1 8 23
0 11 26
2 8 29
3 8 30
3 4 29
6 6 29
9 9 31
13 5 28
17 7 32
19 11 34
16 15 32
15 11 28
19 15 28
23 19 32
22 17 31
21 21 32
24 22 31
24 24 29
26 21 33
27 23 31
26 20 29
29 23 29
33 26 33
31 26 36
27 28 37
31 27 36
31 31 38
34 33 39
30 30 42
28 32 39
28 28 42
26 32 40
25 31 44
25 35 40
28 34 36
31 36 38
31 32 40
35 28 43
33 31 45
35 33 45
32 32 48
31 33 51
29 35 50
25 34 50
21 36 50
24 37 50
27 35 50
31 35 51
28 39 51
30 43 49
33 43 45
32 40 47
34 43 51
35 40 54
33 36 57
32 38 55
31 41 55
34 37 54
38 38 51
36 40 51
40 41 52
44 37 54
46 38 53
50 41 54
54 39 53
57 39 50
60 37 50
56 38 50
60 37 51
59 39 50
55 40 47
51 44 49
55 48 48
54 50 47
51 50 44
51 46 44
55 50 42
53 47 46
55 49 49
54 47 45
54 51 45
52 54 42
55 56 45
55 58 43
52 61 42
55 63 42
56 66 46
52 63 44
55 64 41
57 67 39
53 67 36
51 67 36
48 64 36
44 62 36
40 61 34
38 58 35
35 62 34
32 66 37
35 69 36
31 66 39
29 68 36
31 71 40
28 71 39
31 72 41
31 75 38
27 71 34
28 70 35
32 74 32
31 76 35
28 79 35
27 75 34
29 73 38
31 75 36
28 77 33
26 80 37
23 84 41
23 86 43
23 90 43
21 86 41
22 86 45
18 86 49
20 85 46
22 85 44
22 83 47
20 80 44
19 80 42
18 81 44
16 83 40
16 79 36
14 77 40
15 74 39
19 72 35
17 71 32
16 71 33
13 72 35
13 76 36
13 74 32
17 76 32
16 73 28
15 69 27
13 65 24
15 62 22
17 66 20
18 65 17
15 62 15
11 65 15
15 66 17
16 68 21
18 69 18
19 71 21
18 70 17
17 66 19
19 69 23
18 68 26
15 72 26
17 70 24
19 66 21
21 67 25
20 69 27
21 69 29
23 73 31
22 75 35
23 78 37
23 79 41
24 79 43
24 75 43
26 71 41
27 73 42
28 76 44
28 76 45
29 77 45
32 75 48
32 72 44
30 76 48
27 72 45
23 72 46
27 72 48
24 76 52
27 76 53
29 77 52
28 77 50
29 75 54
26 77 56
27 76 59
30 74 56
34 75 59
36 73 57
35 77 57
38 79 56
40 80 56
43 82 55
47 86 58
47 86 60
43 83 62
41 81 58
45 78 54
42 77 55
43 78 59
44 80 61
45 77 59
41 77 59
38 81 60
35 80 64
32 82 67
29 78 67
31 74 66
32 73 69
32 74 69
28 76 71
28 72 69
28 72 73
32 76 76
28 75 73
24 71 69
26 73 66
24 76 63
21 80 59
24 79 61
22 77 64
21 81 64
17 78 60
21 79 59
25 80 62
24 77 66
24 75 64
24 78 61
26 80 65
29 83 63
25 79 62
25 77 64
24 80 68
22 76 68
25 76 64
23 76 60
22 80 57
24 83 53
24 87 51
27 86 54
26 83 54
30 86 55
34 82 57
35 78 60
35 78 59
31 74 63
31 73 66
27 74 67
24 75 69
21 71 68
23 67 67
27 67 63
25 68 60
25 67 63
25 64 66
21 62 64
23 58 64
24 60 61
20 64 65
24 63 65
23 59 67
25 55 67
24 53 65
24 51 69
20 50 69
16 49 71
20 50 68
16 52 70
17 50 72
15 47 74
19 49 72
17 51 70
19 49 72
18 48 68
16 47 70
20 48 70
22 45 71
21 48 70
24 46 70
26 50 68
26 51 72
28 51 68
27 47 66
31 51 67
29 49 67
33 53 64
35 49 63
34 50 63
30 46 65
28 44 63
28 48 66
27 52 65
31 52 63
27 48 63
31 50 60
34 50 60
33 54 60
36 54 62
40 57 62
36 55 60
34 54 64
32 54 66
34 52 65
36 51 63
32 54 65
29 50 65
27 50 68
25 51 65
25 54 62
22 58 59
22 61 55
24 65 51
20 63 53
16 60 54
16 58 52
14 61 54
12 64 53
12 68 49
9 68 51
7 68 49
7 66 48
10 69 45
13 67 41
10 67 39
6 65 40
4 69 43
3 70 44
4 74 45
7 77 44
9 75 43
5 77 44
8 79 48
10 77 49
14 79 45
10 81 42
14 84 39
17 82 38
16 81 36
19 82 40
17 80 38
16 79 36
17 81 36
14 81 37
15 77 37
17 73 33
21 75 37
19 79 36
16 79 39
13 79 43
15 83 46
18 84 42
14 83 44
15 80 48
19 76 44
17 80 44
21 77 48
21 81 46
23 81 50
21 83 52
18 85 50
15 83 52
18 85 55
21 82 59
25 80 56
27 78 58
23 76 55
22 74 52
20 71 50
23 67 54
21 70 53
22 69 53
24 68 49
22 66 50
22 70 53
21 73 54
21 73 50
22 73 47
24 77 47
23 79 51
20 75 54
24 73 52
20 74 52
20 76 49
23 74 48
20 73 45
18 72 43
17 74 39
20 74 35
21 78 34
22 80 36
25 83 38
28 85 38
32 89 38
31 90 36
29 86 40
29 90 42
26 86 45
25 83 49
27 80 49
30 77 52
31 80 49
31 76 52
29 73 48
30 70 51
28 69 53
28 65 52
30 62 56
27 58 59
27 60 59
23 58 59
19 54 55
15 51 57
19 54 53
21 55 56
20 56 52
20 57 54
18 54 56
19 51 54
16 54 53
20 55 57
22 52 53
23 55 55
24 53 52
25 51 48
22 48 46
23 47 44
25 50 43
23 49 40
23 50 42
27 46 42
29 42 45
26 42 47
22 43 50
26 39 53
22 35 49
24 36 49
27 40 50
24 37 50
21 35 52
18 33 49
17 32 53
19 32 53
21 33 54
25 32 55
27 33 58
31 32 61
28 29 60
30 26 59
26 23 61
23 20 65
19 18 64
21 18 64
19 16 67
16 15 68
13 12 68
12 16 70
16 18 70
15 17 67
18 13 69
15 11 71
15 10 69
13 6 67
17 5 69
16 6 70
19 9 73
18 8 70
19 7 74
19 11 76
21 8 77
19 5 79
19 1 81
16 2 83
20 3 83
18 2 82
18 2 83
20 1 85
24 2 81
28 2 85
27 5 87
29 3 87
28 5 87
29 2 88
30 6 86
31 5 88
30 7 89
27 5 92
26 4 94
28 2 91
24 2 94
21 2 90
17 1 88
18 4 87
18 0 91
20 3 90
22 0 91
19 3 94
21 6 90
23 5 86
19 9 90
15 11 94
18 13 94
21 17 95
19 13 91
22 16 94
23 13 96
21 11 98
24 15 95
24 13 99
26 10 99
24 9 96
23 12 95
20 8 97
17 10 98
14 14 98
10 15 94
14 12 93
15 13 96
12 16 96
13 17 93
12 16 97
15 15 97
17 14 95
21 18 92
17 15 89
16 18 87
19 15 87
20 13 88
23 10 84
21 9 85
20 8 88
22 9 85
24 9 85
24 9 81
26 12 78
29 14 78
29 16 80
33 12 80
30 9 81
32 11 83
33 10 83
36 14 81
35 11 85
33 11 83
32 7 85
29 3 81
25 2 82
23 5 81
21 9 77
17 9 76
19 8 80
21 8 83
22 4 85
24 0 85
24 2 83
22 2 85
18 2 86
18 2 87
20 3 90
21 7 90
19 9 89
21 9 93
24 9 94
23 5 90
25 9 88
23 13 87
25 11 84
27 7 84
27 5 88
28 3 89
28 7 91
32 5 91
32 3 88
33 2 88
32 6 84
33 6 86
36 2 82
32 3 84
34 0 84
33 2 84
31 5 82
29 3 85
29 2 86
27 4 87
23 7 90
26 3 86
25 3 90
21 2 89
22 4 92
25 4 89
29 0 87
32 2 88
31 3 88
29 7 88
32 10 87
31 11 86
33 15 82
30 19 79
30 18 82
32 17 83
32 16 82
34 12 78
31 9 74
30 5 77
34 4 80
35 0 84
32 2 88
32 6 90
36 5 94
35 9 95
37 6 93
38 8 89
36 5 87
32 5 87
31 6 91
29 4 90
30 1 92
34 2 96
32 2 94
29 1 93
29 2 92
27 0 88
29 1 88
31 1 85
30 2 86
30 2 87
32 2 85
36 6 81
34 6 82
34 9 84
37 5 86
33 2 86
37 1 87
35 5 83
32 1 82
34 2 78
37 2 81
36 1 79
33 1 83
33 2 81
35 3 82
35 2 85
38 1 82
34 1 82
37 2 80
35 2 82
38 2 80
36 1 76
35 1 77
35 4 74
34 7 73
33 11 74
35 11 70
38 10 66
38 10 63
34 13 66
32 13 64
28 9 64
30 8 61
31 12 61
30 15 58
29 16 55
27 15 57
24 17 53
25 13 57
22 16 55
20 12 59
17 10 56
14 11 55
13 12 52
12 9 53
9 11 50
5 12 48
1 8 52
3 4 48
2 1 50
2 4 49
4 1 50
0 2 54
2 2 54
6 2 51
7 0 53
6 2 49
7 5 53
8 7 56
12 8 57
13 5 54
13 1 50
9 2 51
12 2 47
14 1 51
12 5 53
8 4 51
10 7 54
14 6 54
12 10 51
14 11 49
12 11 46
13 11 44
14 9 40
17 8 41
13 11 41
16 15 42
15 17 40
18 21 40
18 21 39
17 25 38
18 22 37
15 19 37
17 16 34
14 13 33
16 17 36
17 21 33
16 25 29
15 26 30
18 27 33
21 29 30
18 29 33
22 27 35
26 29 33
26 32 35
30 34 31
27 32 33
23 28 36
25 28 37
24 31 39
25 32 35
28 30 35
27 28 33
26 29 35
27 25 36
30 21 33
26 25 37
28 25 39
29 26 40
25 22 39
28 20 37
24 18 39
21 15 43
18 12 40
22 11 39
23 8 40
22 12 42
22 14 45
21 13 48
20 13 44
21 17 43
17 17 39
21 17 35
21 14 31
20 12 33
16 15 37
15 18 35
18 16 36
16 18 37
17 22 38
17 19 35
18 22 32
22 23 34
20 24 34
21 27 31
18 27 35
18 26 31
22 30 27
22 34 24
18 36 27
19 40 27
19 37 23
19 37 21
22 38 20
21 42 17
24 41 19
24 38 21
22 40 22
18 42 21
15 42 19
19 45 16
20 45 13
16 46 9
19 45 13
21 49 13
24 46 16
23 45 17
21 42 19
21 39 20
18 39 20
17 40 18
15 39 14
11 36 10
14 33 8
13 35 8
12 32 4
8 33 5
4 32 2
2 33 0
2 35 2
5 35 6
2 31 6
2 35 6
3 33 6
5 30 5
8 32 8
9 29 7
8 31 8
6 33 9
3 32 11
1 36 13
0 36 15
2 37 13
3 35 13
6 39 13
5 35 11
9 33 10
8 33 6
9 36 8
12 37 7
10 40 5
13 39 4
11 41 6
15 39 4
16 43 6
19 39 8
18 43 7
20 40 5
24 38 8
22 42 12
19 40 8
20 42 11
21 42 8
21 44 12
25 44 10
27 46 14
24 49 13
20 48 17
18 45 19
16 41 16
12 41 14
10 38 16
12 38 13
14 41 9
11 42 10
11 45 8
8 49 11
11 46 14
9 44 18
13 41 17
11 41 20
9 44 18
12 48 17
11 44 18
15 45 20
19 47 18
16 43 19
18 46 20
18 46 22
16 42 19
14 45 16
16 45 19
14 46 21
17 45 25
17 41 28
19 39 30
22 42 29
18 44 30
15 46 29
18 48 33
22 49 36
26 51 38
25 49 41
26 51 41
25 47 37
29 43 40
31 47 37
29 44 38
28 45 41
26 42 40
30 39 44
29 40 41
31 42 42
27 45 40
26 46 44
23 48 44
26 52 47
24 53 45
27 56 48
30 58 52
30 58 50
26 56 51
30 58 50
28 56 52
24 60 48
25 64 48
23 68 45
22 68 42
21 69 42
24 70 45
22 73 48
24 72 46
23 69 48
23 66 47
21 64 50
18 61 47
21 59 49
21 62 49
19 60 52
23 59 54
26 56 50
29 59 51
30 58 55
27 61 59
24 62 61
25 65 58
22 62 55
26 58 51
25 60 47
28 58 49
31 62 50
35 65 47
36 61 47
37 64 51
41 66 54
38 62 57
41 58 55
45 61 55
49 62 55
47 66 58
49 62 62
53 66 62
54 68 64
57 67 60
58 71 58
59 69 55
55 72 55
53 76 57
50 74 54
46 72 55
45 72 51
49 72 51
48 73 49
52 74 50
56 70 53
58 69 54
54 68 53
56 69 57
57 71 57
61 75 59
61 78 58
62 74 59
59 71 59
57 69 60
57 65 60
55 64 63
58 67 65
54 66 68
51 66 64
53 65 60
51 65 62
50 63 62
48 67 58
44 65 54
46 62 56
48 64 57
47 61 59
48 58 60
47 55 64
48 59 65
45 55 63
45 54 67
47 53 66
43 54 64
42 50 62
39 54 58
38 57 62
42 56 61
45 58 61
49 54 65
48 56 69
47 55 71
44 59 73
46 62 69
44 64 73
45 65 72
43 65 74
41 68 74
40 69 77
38 70 80
41 66 81
39 68 77
37 70 74
35 66 71
35 63 67
31 62 68
30 60 67
28 57 68
24 58 72
25 56 68
22 59 69
23 60 73
20 58 77
17 62 74
18 65 78
15 64 75
13 61 78
16 62 81
14 65 85
11 69 88
12 71 85
11 75 86
10 76 89
12 76 86
14 79 84
18 77 81
22 74 80
24 75 80
27 74 76
27 74 72
29 78 76
30 77 75
30 74 75
27 71 78
24 72 78
28 70 82
31 66 82
35 67 84
31 63 84
27 61 87
27 63 85
25 64 83
25 67 83
23 63 86
25 67 90
21 63 87
23 66 88
19 70 88
20 69 91
19 72 94
16 74 98
19 70 100
20 71 97
18 70 94
21 73 90
25 76 86
24 79 84
25 75 88
25 78 89
21 76 91
21 73 94
24 72 95
26 76 98
30 73 102
33 72 104
33 69 108
37 65 104
38 61 103
37 59 99
38 62 99
41 63 96
45 63 93
46 62 94
47 63 90
50 66 88
48 65 92
52 64 91
50 67 93
52 69 92
56 70 96
55 71 98
56 71 102
53 67 99
54 66 101
58 62 105
57 59 109
54 60 110
58 61 112
54 62 110
54 63 106
57 66 108
58 64 111
58 61 115
61 58 119
64 60 115
67 60 113
63 60 110
67 61 109
63 59 106
65 59 108
68 55 111
65 51 109
64 48 108
66 48 110
67 45 106
65 48 106
69 47 102
69 47 106
68 43 102
68 43 106
64 44 106
61 41 104
62 40 106
58 44 107
57 42 108
54 41 112
51 45 112
53 45 108
52 46 107
56 49 104
55 49 103
51 50 104
51 50 104
52 53 103
49 53 99
49 54 100
51 56 103
51 57 107
50 59 103
51 55 105
51 55 104
51 57 100
54 54 99
58 57 98
62 59 98
59 55 95
61 59 92
57 59 94
61 57 96
61 61 97
57 63 96
60 62 100
57 65 101
53 66 98
54 70 101
54 74 101
50 78 99
54 76 100
53 72 103
53 70 102
49 67 99
51 66 102
51 65 102
51 64 99
50 65 98
53 68 94
54 71 94
51 70 96
55 70 92
53 72 96
54 69 96
56 66 92
59 70 90
62 71 92
60 70 96
59 67 97
59 70 93
57 66 89
57 64 87
56 62 87
55 66 87
55 64 90
55 68 86
55 69 85
53 65 87
50 64 83
53 61 81
52 62 81
49 65 84
48 61 88
52 59 85
52 63 81
52 63 79
52 64 78
56 66 78
59 62 74
63 61 76
62 60 74
65 61 73
62 60 76
58 64 80
58 60 84
56 62 87
53 59 86
57 56 83
54 55 83
56 57 79
59 55 78
62 53 82
64 52 83
66 53 80
68 54 79
71 52 80
67 53 81
64 51 83
66 52 83
64 54 86
65 58 83
63 55 85
61 58 82
60 57 84
60 53 87
58 56 91
57 53 93
57 49 91
61 45 93
60 44 97
64 46 95
60 47 98
59 51 100
60 50 97
59 48 101
61 49 98
58 53 102
61 54 101
64 50 100
67 53 99
64 49 101
61 49 99
61 45 96
60 45 97
56 42 101
54 39 98
55 41 99
52 38 95
53 37 92
53 35 95
57 38 91
61 42 95
60 42 92
63 44 95
67 44 98
65 46 96
65 44 100
62 48 98
62 45 95
65 42 91
64 40 94
63 38 94
67 35 90
70 38 88
69 40 85
66 40 85
69 40 82
71 39 82
74 40 83
73 41 80
77 39 78
76 42 81
77 39 83
78 40 85
76 38 88
75 36 90
79 34 93
77 34 91
73 33 88
75 30 87
71 30 83
73 28 83
77 29 85
78 27 89
76 28 86
73 30 82
72 34 86
74 30 83
71 26 83
70 29 79
70 32 82
70 31 80
69 32 76
71 31 74
71 35 73
72 35 72
68 39 75
67 38 72
64 38 75
68 36 72
69 40 74
66 42 76
63 44 76
63 43 76
64 45 72
67 42 70
69 46 66
71 42 62
69 39 65
69 36 61
65 39 64
62 38 61
64 35 57
61 37 53
64 40 50
62 39 48
64 38 45
62 39 42
64 35 46
62 35 45
61 33 45
62 33 47
65 31 47
67 30 48
65 32 49
65 28 47
62 29 51
60 32 51
63 32 54
59 32 53
60 29 55
57 33 53
54 36 51
53 40 47
50 43 43
46 47 46
47 48 48
50 52 48
46 48 44
45 48 45
49 51 48
47 47 49
50 51 52
46 55 49
46 57 49
49 55 53
51 51 52
50 53 52
46 49 54
44 48 53
47 47 49
43 43 47
46 42 50
48 40 51
50 44 49
51 46 53
47 44 52
47 40 55
47 44 52
47 47 55
50 47 59
47 50 59
50 47 55
47 43 51
47 39 50
50 36 50
49 39 50
48 37 47
47 37 50
46 35 48
44 34 46
47 38 43
46 37 42
50 37 39
47 34 38
50 38 38
53 38 42
51 40 40
55 39 43
57 39 47
54 37 49
57 40 46
61 39 43
60 42 46
61 44 48
61 46 52
63 44 55
62 46 59
62 43 62
62 43 60
59 41 62
62 37 60
59 34 56
57 35 59
61 39 56
65 43 55
62 40 54
63 36 55
65 39 54
69 41 50
67 43 47
64 39 44
63 38 41
61 36 43
57 36 42
55 40 40
51 38 42
55 42 44
53 41 47
51 43 50
52 40 47
56 42 50
60 44 46
59 40 48
59 37 48
58 34 51
57 38 53
60 39 50
63 37 54
66 38 52
68 34 56
65 38 57
65 37 57
63 37 56
59 40 54
57 38 56
61 40 58
62 37 58
65 36 60
67 36 60
67 33 61
64 33 59
63 31 63
59 28 62
60 27 60
59 30 60
57 29 60
59 33 57
63 34 56
64 35 52
66 32 48
64 34 48
63 36 49
62 35 45
61 35 44
59 39 48
58 37 50
56 36 48
53 34 51
52 32 49
49 31 49
45 28 51
43 32 55
43 35 58
44 31 54
47 29 51
46 33 48
44 37 50
47 33 54
47 33 57
43 31 59
41 34 57
42 38 55
38 37 51
34 36 47
38 38 48
36 37 45
40 34 49
41 34 48
43 33 49
47 36 51
48 36 52
44 32 54
44 29 53
48 26 51
47 30 53
49 30 53
48 26 50
46 26 50
44 28 52
41 29 48
39 26 48
42 27 44
44 26 42
41 27 43
38 27 44
39 29 48
35 26 48
35 30 45
36 28 45
38 29 44
36 33 45
38 29 43
41 29 47
44 27 50
48 23 52
44 19 53
45 21 49
44 19 51
45 20 53
44 21 55
41 24 53
44 23 49
48 23 47
51 21 50
53 20 46
54 22 48
57 23 50
58 26 50
55 24 54
51 21 55
54 21 51
53 25 55
54 24 51
52 20 52
51 22 54
51 20 51
47 17 47
45 18 46
46 21 42
46 22 44
48 24 47
49 24 43
53 20 43
55 18 39
58 15 41
59 17 44
62 15 40
59 18 44
63 18 47
64 21 51
67 25 51
66 29 48
64 31 51
63 27 49
60 30 50
57 31 48
58 31 48
57 33 44
60 31 46
62 32 45
61 32 47
63 34 43
60 31 43
63 35 41
60 32 41
56 30 42
58 31 39
54 32 40
55 30 40
51 26 37
50 29 41
52 25 39
52 26 36
53 29 36
54 29 35
53 27 39
51 31 41
50 28 41
54 29 39
57 33 42
60 34 44
59 32 40
62 35 40
63 36 44
65 40 47
62 44 44
66 44 45
64 45 41
62 48 45
65 47 44
64 43 43
66 42 41
66 43 39
69 45 40
67 45 44
68 42 41
71 44 42
69 46 40
65 47 40
69 46 36
70 50 38
72 46 38
74 43 39
77 41 37
76 38 33
80 36 31
77 36 31
79 40 29
78 40 26
80 41 26
76 45 26
77 46 23
80 42 27
83 40 25
82 39 21
81 41 21
83 44 21
81 46 20
77 45 24
80 43 20
76 47 24
73 47 22
72 47 20
76 45 18
72 43 17
70 39 18
67 42 16
71 44 12
68 40 14
69 38 11
65 40 12
69 37 14
70 37 13
70 38 17
74 36 20
70 38 21
68 42 22
70 44 22
68 42 20
67 42 19
66 45 21
64 45 23
62 43 23
64 47 21
63 51 20
61 55 21
62 57 24
62 58 23
66 61 25
64 65 22
60 62 19
61 61 21
58 63 19
59 66 20
63 70 22
66 66 22
66 63 21
65 61 21
63 59 17
59 56 13
57 60 17
57 62 18
57 61 18
56 65 17
60 62 14
62 63 18
64 66 17
64 70 14
63 66 11
61 66 9
63 67 7
66 67 10
62 67 6
59 64 8
57 68 9
61 72 11
64 72 11
62 76 12
58 78 13
56 78 12
59 75 12
56 79 12
56 81 13
52 83 11
50 80 12
51 80 15
48 77 19
44 77 22
40 79 25
40 75 23
38 72 22
42 69 19
42 65 15
43 62 19
46 60 22
42 56 19
43 53 23
47 52 23
45 48 25
49 48 27
48 49 24
47 51 28
47 48 26
45 45 25
47 49 25
43 52 29
41 49 26
45 52 24
46 52 26
44 53 22
43 50 18
41 49 20
37 50 24
36 51 23
40 55 22
41 56 21
38 57 17
39 59 20
37 55 16
35 52 18
35 48 14
32 52 15
33 53 16
36 54 17
38 50 20
38 47 21
39 48 24
40 50 26
36 54 22
39 52 26
42 51 22
45 53 26
41 54 23
37 56 19
38 53 21
34 57 23
34 61 19
31 60 17
30 59 14
26 56 12
27 53 8
26 51 7
27 47 8
25 50 5
24 51 2
24 55 2
25 59 6
28 59 8
25 62 4
24 59 5
25 55 6
21 54 8
21 53 8
25 49 9
25 53 13
21 52 17
21 54 19
22 57 19
18 54 19
20 55 16
21 53 19
22 53 15
22 49 17
20 52 19
22 48 16
26 49 15
25 45 11
21 48 12
17 50 11
13 47 14
13 46 16
13 49 20
14 48 19
13 46 20
17 42 19
21 38 23
19 36 22
15 35 26
11 31 23
14 32 20
15 33 18
13 30 22
12 28 21
12 26 23
12 29 23
8 27 24
12 29 22
14 31 18
11 32 17
13 29 15
14 26 19
10 24 20
10 24 23
6 25 27
8 21 25
5 17 22
3 21 26
2 21 27
4 25 25
2 21 24
2 24 21
4 20 21
2 24 22
6 26 18
6 28 15
7 28 16
3 30 19
2 26 16
1 26 19
2 28 22
2 27 20
5 25 24
6 21 25
10 25 26
11 28 25
13 25 25
15 21 21
14 24 24
10 21 27
12 19 31
10 23 33
10 22 34
9 20 30
7 18 34
9 18 32
6 21 33
9 22 31
7 24 31
3 21 32
2 24 33
6 26 37
4 24 37
4 28 41
1 27 41
0 26 37
4 30 34
8 33 34
8 29 30
11 27 28
10 28 25
11 32 28
13 36 30
13 36 28
17 40 24
14 42 26
18 45 26
14 43 30
17 42 32
13 44 29
17 45 32
16 48 33
20 51 36
19 53 33
23 55 31
20 59 35
19 62 35
20 65 32
16 69 32
15 72 33
18 69 34
21 67 33
19 64 36
16 66 34
13 65 33
10 62 35
13 66 36
13 68 34
13 65 37
14 63 40
13 62 40
12 58 38
14 59 42
18 55 45
14 54 44
13 56 45
17 57 46
13 56 42
10 52 43
12 48 42
13 51 43
10 53 40
14 56 44
16 54 42
20 51 43
17 49 42
14 48 45
16 44 47
18 45 50
21 43 54
24 44 52
24 48 49
21 46 46
24 43 43
25 42 45
27 44 42
30 44 46
31 45 49
33 43 53
33 41 55
33 37 51
36 36 47
35 40 45
36 42 45
35 45 42
36 41 40
40 45 38
43 47 38
47 44 34
49 42 32
48 39 32
44 41 31
43 42 35
42 41 35
40 42 31
38 45 31
36 46 27
35 42 26
39 45 26
38 47 29
34 49 31
34 49 28
34 46 30
30 48 33
29 44 36
32 48 34
28 48 37
24 48 37
25 47 36
25 48 37
29 46 41
27 48 39
28 50 42
28 50 38
31 54 35
28 53 35
31 57 35
28 58 38
28 59 41
29 58 43
30 58 44
28 62 44
29 65 46
27 66 48
24 67 44
25 68 42
29 69 46
32 69 43
29 65 47
31 66 44
31 63 47
27 59 45
30 63 45
28 63 42
29 60 39
31 64 42
35 63 43
32 59 41
30 55 42
32 52 38
28 49 42
26 46 45
28 44 45
29 44 45
28 46 44
28 43 40
29 43 44
27 39 42
27 36 39
24 36 39
24 36 40
21 38 39
20 39 43
20 35 44
18 32 40
21 35 37
22 32 36
22 28 32
20 24 35
17 24 33
18 27 34
18 27 35
14 29 38
13 29 39
9 28 39
10 31 37
14 35 36
18 38 32
19 38 29
16 41 29
16 38 30
19 41 32
21 37 33
22 34 30
19 34 29
17 36 25
20 34 27
20 31 24
19 28 28
15 32 24
14 35 25
12 36 29
15 32 25
11 35 28
13 38 30
14 35 33
13 32 35
15 33 37
19 36 36
21 40 34
17 37 34
19 33 37
20 31 38
19 29 38
20 27 34
23 25 35
21 21 34
23 18 34
27 21 32
27 22 31
29 18 31
33 20 35
30 20 31
31 19 35
31 16 39
31 14 35
32 15 31
30 11 33
32 11 29
32 15 28
34 14 26
35 15 28
34 13 29
34 9 28
33 10 31
35 14 34
34 15 30
37 11 27
39 14 31
37 13 27
40 17 27
41 19 29
44 18 27
45 17 26
47 20 29
44 17 31
43 15 29
40 19 25
41 15 27
41 17 26
38 13 23
36 14 20
34 11 19
34 11 21
33 8 20
31 10 19
30 12 20
29 11 20
30 9 21
31 13 20
28 17 19
25 15 21
25 13 25
29 10 22
29 7 18
29 7 17
31 6 19
30 7 21
32 11 25
30 13 25
28 17 29
26 20 32
22 24 36
18 22 34
22 24 37
19 21 33
15 22 34
13 22 36
9 23 35
11 20 35
14 21 31
16 21 35
20 17 34
16 15 35
16 19 36
15 21 40
15 21 41
15 21 44
18 20 42
19 23 40
19 22 37
20 26 37
23 24 34
21 27 36
21 24 36
19 20 35
15 17 37
18 17 33
20 20 35
18 23 35
19 25 38
23 21 39
24 23 35
26 26 35
25 27 31
25 30 27
29 33 24
29 35 25
29 32 29
31 36 27
27 35 27
31 38 25
32 38 25
31 38 28
34 41 27
38 43 27
40 44 24
43 48 20
39 47 24
37 45 20
37 44 20
33 40 21
30 37 21
30 36 21
30 38 17
33 39 14
34 38 17
31 36 21
33 35 24
35 33 20
37 32 21
39 31 18
42 32 21
45 31 21
49 32 22
50 33 25
46 35 26
49 31 30
49 35 26
48 36 27
45 34 30
46 36 29
43 39 29
46 35 33
50 33 33
51 34 31
55 32 34
56 35 37
56 33 38
54 29 37
55 33 39
52 33 42
55 37 46
57 38 49
58 41 46
60 43 45
62 39 42
63 43 39
61 42 37
65 44 33
62 41 31
59 45 33
57 42 29
54 45 29
54 49 25
56 45 21
59 43 20
61 45 24
65 41 21
62 41 22
63 44 19
66 47 20
63 49 16
60 49 20
59 52 17
61 56 21
60 54 25
63 56 25
59 56 22
60 58 25
60 55 21
60 57 24
61 56 20
60 54 22
64 54 24
68 58 23
67 54 21
67 52 22
71 48 22
75 48 18
75 51 20
79 47 20
77 49 22
74 49 21
72 53 20
71 55 24
71 58 24
68 60 27
64 63 25
64 66 25
64 63 22
64 65 18
60 67 17
58 68 17
58 65 21
55 65 19
53 62 20
53 58 20
51 57 18
51 61 22
53 57 18
57 53 21
58 49 19
57 45 22
56 47 25
55 44 25
54 48 24
52 48 21
52 46 17
51 49 20
47 50 19
51 51 19
53 53 16
49 53 12
53 50 13
57 49 15
53 52 14
51 49 16
55 53 20
55 57 17
51 57 21
51 53 23
53 55 26
57 53 29
58 55 32
57 57 31
55 61 27
57 62 31
58 58 35
57 55 34
55 51 31
56 55 33
55 56 35
54 55 32
57 51 30
60 55 26
61 59 29
65 63 30
66 63 34
62 63 34
58 63 37
55 67 34
54 70 31
58 68 32
55 65 32
51 65 29
48 69 31
51 70 35
52 66 35
51 68 38
50 66 36
53 63 39
49 63 38
50 64 38
50 62 39
54 65 40
57 62 40
61 59 42
60 58 38
59 57 40
57 55 37
57 51 40
61 50 42
62 46 46
61 42 47
65 41 50
61 40 47
62 44 50
60 46 51
61 42 53
60 38 53
63 38 50
59 40 53
60 41 56
56 37 52
57 34 48
54 30 48
54 31 44
50 32 43
52 33 45
49 29 42
47 32 43
43 34 44
46 36 45
44 38 46
42 42 42
45 38 41
48 42 37
50 38 38
51 36 38
51 40 35
52 37 35
49 33 36
51 35 38
49 31 40
50 32 40
54 35 43
53 35 42
51 37 39
54 33 43
50 36 46
51 33 48
52 33 49
55 29 47
58 26 46
60 23 47
64 26 48
63 23 49
59 23 49
59 26 49
60 26 47
56 30 44
59 34 41
56 33 45
53 35 44
54 39 45
55 43 48
55 39 51
52 36 55
52 34 51
49 34 53
47 38 49
50 39 51
51 37 53
47 39 53
46 43 51
45 45 54
48 47 54
52 51 52
53 52 50
54 54 49
54 53 45
50 53 44
47 54 41
43 58 43
42 62 39
39 65 41
41 69 37
40 69 41
42 71 37
39 69 40
40 68 43
42 66 44
39 67 48
35 64 46
39 63 50
35 64 51
34 67 53
31 63 55
35 65 59
39 68 57
35 64 55
33 64 53
30 64 51
32 64 55
33 68 58
31 68 62
35 66 65
33 66 65
30 69 69
33 72 71
34 71 68
38 70 71
36 72 68
37 71 70
36 75 69
32 76 73
36 73 70
35 76 74
34 73 74
31 77 73
31 77 75
33 78 74
32 82 70
30 78 67
27 78 68
27 82 70
30 78 66
29 80 65
29 79 66
27 77 68
25 73 67
26 75 65
29 73 64
31 74 67
35 76 64
31 77 67
33 79 68
36 77 67
36 75 68
33 76 70
31 80 73
32 83 69
36 80 71
34 84 71
34 88 69
30 85 73
34 87 75
35 87 71
32 89 71
36 90 70
40 92 70
44 95 74
43 93 72
41 96 74
39 97 75
37 95 75
34 91 73
30 91 75
30 88 73
34 87 77
33 85 81
36 81 81
37 80 79
33 80 78
36 77 79
40 75 77
44 79 76
45 80 77
41 84 80
43 86 79
41 87 82
37 88 80
40 89 77
40 92 81
43 95 83
46 99 80
46 99 81
46 95 77
50 99 78
54 100 78
50 98 78
47 101 81
51 99 79
54 99 75
55 98 76
58 98 78
62 97 76
65 100 75
62 97 72
59 100 75
63 104 76
67 106 75
66 106 74
63 106 70
67 105 66
63 105 62
67 109 61
70 106 62
68 104 64
66 103 62
70 99 64
73 97 66
71 97 64
70 96 61
70 97 63
68 98 62
66 98 65
66 102 68
70 98 67
67 98 70
71 102 66
71 99 68
68 102 71
67 98 73
69 95 69
71 91 68
73 88 68
74 86 69
75 89 71
79 86 67
77 90 71
73 92 74
74 89 74
72 93 70
76 94 73
77 90 70
80 91 68
81 92 72
84 95 76
80 94 72
77 96 73
79 93 71
76 96 72
73 94 76
73 97 80
72 96 79
75 100 83
75 96 87
77 98 86
81 101 83
79 100 86
76 102 89
72 106 85
70 108 87
72 111 86
73 108 83
75 112 79
76 114 75
77 110 74
77 113 70
74 115 71
74 119 68
77 118 69
79 118 66
76 115 63
75 118 62
79 115 66
83 113 68
82 113 70
82 113 74
86 114 73
88 118 74
88 116 70
89 116 72
90 118 72
94 121 72
94 122 69
98 122 68
98 118 72
98 121 70
98 123 66
95 122 64
98 120 64
97 122 61
101 126 61
99 124 57
102 123 55
106 119 57
110 115 55
108 119 51
109 122 52
111 123 51
109 123 51
109 126 48
105 130 45
105 131 46
102 127 42
102 130 45
99 133 44
103 132 40
100 136 40
99 134 43
96 131 42
92 135 38
96 132 34
98 130 35
101 133 37
99 137 35
101 136 32
102 138 33
102 134 34
104 131 34
104 130 31
108 134 31
104 137 31
102 138 27
102 141 31
100 142 30
96 146 26
96 145 28
98 143 28
100 145 26
102 145 29
105 149 29
108 149 29
107 152 33
111 152 34
113 150 31
114 151 35
114 152 39
112 151 41
113 155 38
116 159 42
116 157 45
113 154 47
112 154 51
115 156 53
112 158 52
113 162 53
116 160 56
115 164 60
111 165 64
110 167 65
106 164 66
102 166 69
100 162 73
103 164 69
103 161 69
101 158 71
104 162 67
102 165 68
104 165 70
108 164 66
107 164 67
106 165 68
106 167 70
107 171 68
107 173 64
103 171 61
102 173 61
106 176 58
106 173 59
103 170 63
100 171 66
104 169 68
105 168 64
102 172 66
98 175 66
101 177 62
101 177 64
102 181 61
105 179 62
105 180 60
105 182 63
101 183 63
100 186 62
97 188 63
93 190 67
92 191 68
88 194 64
90 194 61
90 193 58
92 196 54
94 194 56
92 191 53
88 194 54
91 196 58
95 193 61
91 191 57
95 193 56
98 197 58
102 195 60
102 194 58
104 197 60
100 194 64
99 197 66
99 201 64
98 198 65
97 198 68
100 201 69
101 202 72
102 199 68
101 203 65
100 201 64
96 204 62
95 203 61
91 202 58
92 202 57
95 198 53
92 201 49
88 200 51
87 196 51
91 200 51
87 203 47
89 204 46
91 206 47
93 206 43
90 203 45
93 205 43
97 204 45
96 204 46
95 203 46
96 206 48
96 204 51
98 203 49
98 206 49
96 206 53
96 206 57
95 207 56
95 208 60
99 206 59
98 210 55
100 213 59
99 213 55
98 215 52
102 217 55
104 221 57
107 220 55
104 224 56
108 228 55
107 228 51
104 224 49
100 223 51
96 220 49
99 218 53
100 216 50
98 214 51
100 215 53
98 213 51
100 210 49
104 214 53
103 214 54
106 216 56
110 218 60
111 220 60
113 221 58
112 221 59
110 218 58
113 220 59
112 219 56
109 219 52
105 220 54
102 218 58
103 222 58
101 220 62
98 218 64
102 218 64
105 218 62
106 217 64
107 217 60
105 215 56
101 219 53
97 221 57
97 219 58
97 222 62
97 222 62
98 225 65
96 225 61
93 222 64
95 219 62
98 223 59
95 222 59
93 226 61
97 224 60
98 225 56
98 226 52
97 227 55
100 225 58
99 228 57
98 227 53
99 227 54
103 223 54
99 226 55
102 228 53
98 229 57
101 230 53
97 230 50
101 229 49
97 228 47
94 227 47
91 223 46
87 223 44
87 223 41
83 223 43
81 220 42
85 216 38
85 215 34
84 211 35
83 209 33
79 206 36
78 205 40
79 208 41
79 209 37
77 211 33
81 207 32
82 204 34
85 206 33
82 205 29
81 207 33
80 204 30
77 207 29
76 203 32
74 204 36
78 200 36
78 196 37
79 195 35
80 198 32
80 194 32
82 197 33
80 195 34
84 197 32
84 193 35
84 191 31
83 192 31
84 189 29
85 188 33
83 191 35
85 189 34
87 189 37
90 193 33
87 192 32
86 193 28
87 191 27
88 188 30
90 186 27
92 183 28
96 181 32
92 183 35
95 187 37
94 191 41
92 187 38
90 190 38
92 192 40
89 192 39
93 195 40
96 197 38
99 200 41
100 197 41
100 199 40
97 200 44
98 196 47
102 199 46
101 195 47
100 198 46
98 195 49
98 191 52
95 188 49
94 189 45
95 187 45
91 188 44
93 184 40
91 182 44
91 184 48
90 182 46
91 178 50
92 177 46
93 181 49
93 182 46
93 185 43
94 181 44
91 182 40
95 178 43
91 179 41
92 179 42
89 180 40
90 178 36
92 175 39
92 175 39
96 175 38
99 171 40
97 169 38
95 165 35
96 168 35
98 168 39
96 167 40
97 170 40
96 172 36
92 174 34
96 170 38
94 166 34
95 167 34
92 165 38
91 164 34
91 165 35
93 161 34
96 161 30
93 161 28
93 165 30
91 163 31
90 162 32
87 162 30
90 166 28
87 165 30
88 168 34
88 165 37
89 165 33
86 169 37
86 168 38
82 172 37
84 175 39
84 172 43
86 171 45
88 175 48
87 175 48
90 179 44
87 176 40
90 174 39
86 176 36
83 175 32
82 177 29
86 173 29
86 173 26
89 172 22
85 171 24
83 173 26
79 172 25
75 171 24
73 167 25
70 166 29
73 162 29
77 162 26
81 159 24
78 155 23
74 159 20
74 161 17
71 159 16
69 163 15
71 161 15
74 163 19
77 163 15
81 161 16
84 160 16
86 163 13
82 164 10
79 163 11
76 162 12
79 166 14
82 169 16
78 165 18
82 162 14
79 163 13
81 161 14
78 159 12
80 163 13
83 164 10
85 168 12
82 164 8
86 168 12
88 168 15
87 171 13
86 169 9
87 165 5
88 163 7
88 160 9
89 157 11
88 154 11
91 150 15
94 153 19
93 155 21
95 158 17
94 161 14
91 162 16
92 161 15
95 165 17
95 162 21
93 162 17
92 159 19
89 163 16
85 167 14
89 170 17
91 169 21
95 173 19
92 173 17
93 173 14
96 175 13
97 176 17
94 179 16
90 179 18
90 176 21
93 174 23
90 175 23
91 175 26
87 174 30
91 172 29
92 169 26
92 166 25
96 164 21
98 161 21
100 161 25
99 165 27
102 161 28
99 164 26
99 164 30
100 165 27
99 168 28
95 170 27
95 169 25
94 173 22
90 170 26
92 172 23
92 171 26
94 174 24
93 175 25
93 176 25
95 180 25
97 180 23
97 179 21
94 175 19
93 175 22
95 176 25
92 177 25
93 179 28
92 181 24
95 181 26
98 178 24
97 174 24
101 178 21
102 181 22
99 177 22
99 181 21
99 178 18
100 179 15
103 181 16
104 182 18
104 179 21
107 178 19
105 177 17
105 179 20
107 177 19
106 177 19
110 179 22
108 179 26
112 183 22
115 183 26
119 179 22
116 177 22
119 178 24
117 181 22
120 177 18
123 179 14
124 183 15
125 180 18
127 177 15
131 180 13
133 176 15
136 178 16
139 180 12
143 181 13
147 183 14
151 179 15
155 175 12
154 174 9
154 174 5
150 174 9
150 173 10
152 173 13
152 170 10
155 170 11
151 168 11
151 170 13
155 171 15
154 167 12
152 163 10
155 165 7
155 163 9
159 163 8
156 159 10
159 162 7
163 159 11
167 162 13
171 158 12
167 159 8
170 162 10
168 163 12
171 166 16
174 168 20
175 166 17
177 167 15
177 164 12
177 163 15
181 164 17
180 160 19
178 156 20
178 157 16
174 154 20
171 158 19
169 155 18
170 156 22
166 153 26
168 152 24
167 155 20
167 156 19
169 156 15
169 153 12
165 152 10
166 152 13
164 152 12
165 150 10
162 154 8
158 155 6
161 152 4
160 153 3
159 152 7
158 151 4
161 152 1
160 154 2
158 155 2
157 154 6
160 153 8
158 150 10
161 149 12
157 151 12
160 152 16
163 150 15
167 150 17
168 148 20
167 147 20
170 151 21
171 153 24
168 156 23
164 160 27
160 156 27
160 157 26
158 154 26
162 157 26
158 153 23
161 157 26
165 158 25
166 158 29
167 155 30
165 158 28
163 155 27
166 154 28
170 150 24
171 154 20
171 150 18
170 150 16
171 148 16
171 146 15
175 150 19
177 153 22
176 152 24
175 154 26
172 152 29
168 151 25
166 151 24
168 155 26
172 156 25
172 156 27
175 154 23
178 157 26
182 155 26
184 152 29
188 149 29
185 152 26
186 152 26
187 150 25
186 149 23
190 148 26
192 147 29
188 150 29
190 154 30
188 153 33
187 151 36
183 147 37
185 151 41
184 152 41
180 150 44
184 153 40
185 155 42
182 158 45
178 156 48
177 158 44
180 154 42
181 156 42
181 153 44
179 154 45
177 155 43
180 159 42
177 156 44
180 159 40
176 155 37
178 156 37
180 153 35
183 156 36
186 152 36
187 148 39
184 144 38
184 141 40
180 141 40
176 143 36
175 147 35
173 146 33
172 145 30
168 149 28
171 146 26
174 150 30
174 152 34
175 151 31
173 154 30
175 157 28
179 158 31
177 158 27
178 156 24
179 156 26
176 158 24
177 154 22
173 155 25
172 153 28
176 150 24
175 151 20
177 147 24
181 148 20
183 148 23
183 148 25
187 145 22
184 149 25
180 147 26
176 145 24
178 146 21
181 150 17
180 146 18
180 147 16
182 145 19
181 143 17
180 144 14
179 146 18
182 144 17
183 143 19
186 146 20
190 142 19
189 142 18
186 145 21
189 148 19
190 151 17
194 155 17
198 159 15
201 161 16
205 165 19
206 165 19
207 169 16
207 169 12
206 168 13
202 171 15
199 167 17
195 168 17
197 166 16
197 164 17
200 163 17
197 162 18
196 160 14
198 158 16
194 156 15
192 155 18
188 154 20
190 158 17
189 157 15
188 159 16
189 155 18
186 153 17
187 153 13
184 149 12
183 151 15
181 153 14
181 151 16
183 152 16
186 149 15
189 152 14
193 153 11
197 155 7
198 152 7
200 152 8
197 149 6
200 145 3
197 148 1
195 150 5
196 149 8
195 153 9
198 156 11
198 153 7
197 152 11
200 155 7
200 157 4
202 161 3
199 163 0
195 159 4
199 161 1
199 160 2
199 156 6
197 154 5
194 153 9
198 153 5
196 150 6
193 146 6
189 150 10
188 149 8
186 153 10
185 151 14
185 147 11
188 143 9
188 147 12
189 151 11
187 150 10
191 151 9
193 152 9
195 155 5
192 156 4
191 160 6
193 160 2
196 159 3
193 160 1
194 159 2
192 160 3
193 160 4
190 162 2
189 166 6
189 170 5
186 173 8
182 171 6
186 170 3
183 173 2
181 175 0
180 174 2
184 178 0
187 182 4
187 181 7
183 182 9
181 178 6
178 177 6
176 176 7
174 172 8
172 168 10
176 172 13
180 171 17
181 172 14
183 171 11
181 168 8
179 167 12
175 169 12
173 170 13
173 171 9
173 167 7
176 165 9
177 165 10
176 165 11
174 169 8
175 167 6
179 163 3
181 162 4
182 160 6
182 158 6
184 160 10
184 162 8
181 160 8
180 158 8
182 156 11
179 152 7
181 153 6
183 156 6
187 155 5
185 155 4
184 153 8
188 155 7
189 158 7
191 154 8
191 153 12
190 157 8
188 155 6
185 157 2
188 156 6
188 160 8
186 159 4
186 155 5
182 153 4
179 155 2
176 157 5
173 160 4
170 162 3
169 165 6
172 168 3
176 167 2
180 163 4
176 160 3
175 164 2
178 161 6
178 159 2
180 162 2
182 162 0
185 162 3
183 158 3
186 160 7
185 156 3
187 155 2
185 152 3
184 156 1
181 157 1
179 156 4
176 154 1
173 155 3
170 159 0
172 162 2
175 164 4
177 166 5
180 167 3
182 164 3
181 164 3
185 165 2
183 163 3
182 165 7
186 165 6
189 164 4
193 168 4
196 164 3
197 168 4
200 164 7
203 168 11
204 164 9
206 163 11
202 160 11
198 163 15
195 167 12
195 168 12
198 171 8
200 173 10
198 174 14
202 173 14
200 169 11
196 172 10
198 173 9
197 170 11
194 174 7
195 178 5
196 176 8
193 172 5
191 176 2
195 178 6
193 176 5
190 177 8
194 176 10
193 172 6
191 169 3
187 165 1
186 164 2
187 165 5
188 163 5
187 159 5
183 159 8
181 161 9
182 157 11
186 158 7
183 155 7
181 159 6
180 159 10
178 160 14
182 158 18
186 159 17
182 163 15
184 161 13
183 163 13
185 162 15
187 159 14
185 156 11
183 156 15
