35 50 35
32 48 38
34 47 35
38 44 32
41 41 30
39 37 31
37 40 35
35 38 35
32 38 35
33 42 33
29 38 31
33 36 29
36 36 26
38 34 29
38 37 29
41 39 29
38 43 26
37 41 23
36 38 23
36 38 26
39 34 22
38 34 18
36 34 19
36 34 23
37 33 20
36 37 24
36 41 26
32 45 30
32 43 29
30 47 33
34 43 31
38 45 29
36 49 31
39 51 27
41 52 25
38 55 27
42 54 27
42 54 27
44 58 31
44 62 27
42 60 26
44 58 30
47 56 33
43 55 29
46 58 25
47 58 28
46 62 26
49 61 30
49 62 29
48 65 29
52 68 30
53 70 32
55 70 33
59 71 37
55 68 39
59 66 36
56 69 37
55 72 39
52 76 36
56 74 35
58 72 38
61 75 41
58 74 44
54 74 44
58 70 48
54 69 47
52 73 44
48 69 48
47 71 51
46 74 49
47 74 46
49 72 42
47 76 43
48 74 46
44 71 46
40 70 50
42 72 46
39 74 48
36 74 44
38 71 43
35 71 43
39 71 45
42 72 48
45 69 48
47 72 44
43 71 44
40 74 45
36 70 47
34 68 49
38 67 49
40 65 52
39 61 50
43 62 52
40 61 50
38 57 51
42 57 55
39 56 54
40 58 52
44 61 52
48 63 49
48 60 46
51 59 42
49 62 40
49 66 37
49 66 40
46 70 42
45 70 38
44 69 41
43 73 38
40 72 35
41 68 39
45 65 36
48 64 39
46 62 41
45 66 42
44 69 40
40 66 39
42 67 38
45 66 35
48 64 38
52 66 39
54 63 39
54 64 38
58 68 41
57 67 38
60 69 42
64 66 43
60 66 44
62 67 48
62 67 45
64 71 49
63 72 49
63 69 53
62 70 54
61 66 56
61 62 57
57 60 58
58 62 61
60 64 58
63 67 61
63 68 65
62 65 65
64 66 69
61 68 70
62 69 67
60 69 70
61 73 72
57 73 69
56 75 69
55 74 70
53 71 72
52 68 71
55 66 67
51 70 67
55 74 66
51 76 63
55 75 67
57 75 69
59 78 67
56 82 68
60 84 65
60 80 64
58 77 65
56 78 62
52 81 60
56 80 56
52 76 59
48 76 55
45 77 53
43 76 55
42 74 54
40 76 58
36 78 54
33 74 55
29 72 54
30 71 52
32 73 51
29 74 51
33 76 51
32 76 51
36 72 47
37 71 45
33 70 42
36 68 38
36 64 42
36 61 43
39 64 42
39 67 45
35 70 41
31 72 45
30 74 44
26 71 46
28 75 46
28 71 45
32 72 44
29 75 40
28 73 40
31 77 36
29 73 35
30 71 36
34 74 38
33 71 39
31 74 39
27 74 38
25 76 36
25 75 36
22 79 38
24 81 38
23 78 37
19 76 39
19 74 37
22 73 34
22 72 35
19 76 36
18 76 39
19 72 40
18 71 37
21 72 40
25 68 41
28 64 45
31 65 45
32 67 44
30 64 40
32 60 39
28 58 42
25 54 46
27 52 45
27 52 43
27 54 46
31 55 50
33 55 49
34 57 47
30 54 51
30 57 49
32 55 48
29 54 52
30 53 56
30 56 57
26 54 58
23 58 61
27 55 58
24 51 58
23 49 60
20 52 61
17 56 61
17 53 62
19 50 60
15 53 56
17 52 54
21 50 51
17 47 55
14 47 51
12 48 55
8 51 55
5 52 51
2 48 55
2 47 52
2 45 54
6 49 56
6 45 58
8 49 56
11 46 56
11 48 52
7 48 54
7 52 53
8 53 57
4 54 54
2 55 52
1 53 55
2 49 59
2 50 61
0 52 65
2 48 65
3 46 64
4 49 64
6 51 60
2 51 61
1 55 59
2 58 60
1 55 58
2 59 54
3 56 57
5 58 54
6 54 52
10 50 56
6 54 59
6 56 59
10 57 63
13 57 66
17 60 66
18 60 65
18 60 62
20 58 59
17 57 57
15 55 53
18 55 55
17 51 59
14 48 62
12 50 63
12 48 62
9 44 66
13 46 67
15 48 64
13 45 60
11 42 61
15 46 63
13 47 59
12 43 57
9 39 61
13 38 58
15 36 60
11 35 60
12 39 60
9 42 60
12 45 62
15 49 63
19 49 63
17 53 62
21 55 62
21 51 59
22 51 63
20 48 60
22 46 59
18 49 58
19 49 61
20 45 62
17 49 65
13 49 62
10 48 63
11 49 67
10 51 64
9 51 67
10 53 63
13 57 66
11 58 62
10 58 58
14 58 57
13 60 60
15 57 62
16 61 64
19 58 65
19 61 69
21 63 68
21 59 65
25 56 61
23 53 58
22 50 61
22 48 63
23 48 60
23 48 59
27 45 57
31 47 61
35 44 62
37 42 62
37 39 62
36 39 62
35 43 65
35 41 61
39 42 65
36 44 64
37 42 65
39 46 64
37 47 64
38 46 64
36 49 68
37 50 72
37 50 72
41 54 73
39 50 76
41 53 74
42 57 77
38 57 77
34 53 79
31 55 81
34 54 79
35 53 82
32 51 79
31 52 78
27 51 79
28 48 77
26 47 74
28 50 73
30 52 74
27 53 73
30 50 71
31 53 73
28 57 72
31 60 76
35 62 73
33 66 70
36 67 69
33 66 65
31 63 66
29 66 68
31 63 72
28 64 75
31 66 78
30 63 82
26 60 80
30 61 83
27 58 86
23 62 86
22 64 89
23 65 85
23 66 84
24 65 81
22 63 85
26 62 82
22 64 78
23 64 82
22 66 86
20 66 84
21 65 81
23 64 82
20 68 85
16 64 81
19 61 80
16 65 83
19 66 83
16 69 86
16 66 83
12 69 82
11 65 86
15 65 89
11 61 93
11 60 91
7 58 95
11 55 96
8 52 93
7 50 94
3 54 93
4 56 93
4 56 92
7 56 93
9 57 92
10 58 95
10 54 95
14 52 93
12 49 93
14 52 89
16 48 90
14 50 88
16 46 90
14 42 89
11 38 88
15 35 92
16 37 94
12 37 91
16 33 87
15 30 88
13 26 84
15 22 82
12 26 84
14 24 84
16 20 82
18 21 83
14 19 83
18 15 80
17 11 79
19 11 76
22 12 76
25 12 77
23 10 73
26 10 71
24 13 73
21 9 71
24 6 69
23 2 69
26 3 68
25 6 72
29 6 74
31 3 74
32 3 73
36 6 74
40 6 76
38 7 75
40 4 79
37 5 75
40 1 74
44 2 76
48 4 80
51 3 81
51 1 83
52 2 79
55 2 75
57 0 73
53 2 76
51 2 72
52 3 68
56 6 72
55 2 73
54 1 77
56 2 73
56 1 70
59 2 70
56 2 71
53 5 70
54 7 73
55 4 75
54 4 71
54 1 67
56 4 70
59 8 66
55 5 63
59 8 63
58 11 65
57 9 69
53 7 72
50 6 69
48 10 68
52 10 68
49 12 64
46 15 61
42 18 64
43 20 67
47 17 65
50 19 63
49 22 60
52 25 63
51 25 67
55 22 68
52 22 69
55 26 65
58 25 61
61 24 59
65 28 57
65 27 61
63 26 63
67 27 62
64 23 62
66 20 60
64 16 59
63 12 59
65 12 62
68 15 62
65 15 64
66 15 68
69 13 72
68 15 74
68 11 78
71 7 79
70 10 80
72 7 76
71 11 78
75 13 75
76 11 71
78 10 72
76 12 75
72 11 72
74 9 76
71 5 74
72 7 72
70 10 69
71 13 67
68 15 67
65 17 64
68 19 67
69 21 65
66 22 65
69 24 66
72 24 66
73 21 64
72 23 61
73 21 63
74 19 59
75 20 61
76 17 57
76 13 56
75 10 55
71 11 53
73 14 52
71 10 55
70 11 54
66 10 54
70 9 51
68 7 48
65 8 49
64 8 46
67 6 46
65 2 47
63 2 43
65 2 42
69 5 45
70 1 49
66 1 53
70 2 55
67 2 52
71 3 48
72 7 46
74 8 46
73 4 49
73 5 49
74 9 51
72 8 53
72 5 54
69 3 56
67 5 52
63 4 51
67 8 54
64 7 52
63 11 50
63 9 51
65 13 54
66 12 57
70 12 60
66 9 64
64 9 62
66 6 62
62 10 58
62 9 60
61 5 57
61 9 58
57 12 57
54 10 58
55 9 61
59 5 63
58 8 64
57 12 64
59 10 60
56 14 56
54 11 53
53 7 50
57 10 52
60 6 55
57 4 52
60 7 53
59 10 56
55 14 56
55 14 55
54 18 55
54 14 53
55 10 55
55 13 59
58 17 59
59 21 59
63 20 59
65 21 57
62 25 61
60 21 58
62 20 56
62 23 54
63 22 53
64 23 55
62 22 54
65 21 52
69 25 49
70 24 46
71 25 43
75 21 44
76 20 48
72 18 46
75 20 47
75 17 43
74 16 46
74 19 46
78 20 47
80 18 51
78 22 47
77 22 44
75 25 45
75 25 47
77 24 46
74 20 48
75 23 47
79 25 50
75 23 51
75 26 52
72 22 52
71 22 51
75 21 50
74 19 49
75 16 53
78 18 52
80 15 49
84 13 52
83 9 51
80 9 54
82 13 50
82 15 50
86 15 49
85 12 45
87 12 43
85 10 42
81 10 39
79 7 43
82 5 44
82 7 48
82 11 52
86 10 54
82 13 50
80 9 49
79 11 46
83 13 46
79 15 50
81 17 53
79 18 57
77 17 61
74 20 58
76 17 61
79 17 57
78 17 60
75 17 63
75 13 63
73 11 61
74 15 59
77 16 56
74 18 60
70 21 57
68 24 61
69 20 57
72 22 57
75 21 54
72 25 54
68 27 50
72 24 49
75 21 51
76 22 51
73 21 47
75 18 50
72 19 50
68 18 54
72 17 51
73 14 49
75 13 52
73 15 50
74 17 50
75 16 48
71 14 44
71 13 43
71 9 43
70 7 43
71 5 42
73 6 43
72 7 39
72 11 36
70 11 33
68 15 37
67 18 38
64 15 34
65 16 38
61 15 38
63 11 37
59 14 34
56 13 34
53 13 30
51 9 26
48 6 24
45 10 23
46 9 27
44 5 25
41 1 21
37 1 23
38 0 22
34 2 22
33 1 19
36 2 22
39 5 20
36 9 16
32 11 19
35 7 16
32 5 12
32 7 11
30 4 9
26 1 5
22 1 2
20 5 2
23 6 1
19 8 5
17 5 8
18 9 11
18 13 9
14 12 11
16 12 8
13 14 8
16 10 12
14 7 14
13 3 17
13 3 18
10 6 22
8 7 20
9 3 18
11 3 17
12 0 15
9 2 13
9 4 17
8 7 15
6 7 18
6 4 21
8 2 24
7 3 28
9 2 26
9 2 22
6 5 24
5 4 27
3 8 28
6 4 27
8 5 26
6 9 29
7 13 27
4 16 24
1 15 22
2 15 20
2 12 21
1 14 25
2 12 23
6 16 21
3 18 19
2 17 22
5 21 18
1 24 20
2 28 21
2 25 17
0 29 14
2 28 11
2 30 8
6 26 11
10 24 15
6 22 19
8 22 15
10 25 14
14 29 11
18 25 11
17 25 15
13 29 11
10 30 13
7 27 9
4 26 7
7 30 4
4 28 2
1 31 2
5 31 3
3 28 2
6 28 6
10 29 2
13 29 6
12 31 3
15 33 7
19 29 3
20 29 3
18 33 3
20 32 2
22 35 2
21 37 0
20 35 2
16 37 5
15 38 5
17 39 5
15 39 9
18 38 9
14 35 5
11 38 8
8 39 8
11 40 10
9 40 14
8 41 16
6 38 20
6 42 22
5 46 19
3 47 19
2 48 22
0 45 22
2 47 18
0 49 22
4 52 21
8 50 20
5 50 16
1 52 14
1 50 13
2 54 9
2 51 10
0 51 9
2 48 13
2 49 13
6 52 13
7 55 9
3 57 6
2 54 10
2 53 14
5 52 18
7 56 19
7 60 19
8 59 19
8 59 15
10 57 18
6 61 21
5 60 22
9 56 24
5 60 26
7 56 24
6 58 28
3 57 24
5 57 27
9 61 25
11 61 25
12 64 26
16 65 23
14 68 19
10 71 16
8 70 15
8 69 19
9 69 17
5 65 16
8 66 13
4 66 15
4 65 13
4 66 10
6 66 7
10 65 6
11 63 10
14 62 9
10 62 5
13 66 9
13 64 10
11 63 7
14 60 3
10 56 0
7 55 0
5 51 3
9 52 5
7 48 1
4 46 3
1 46 6
2 45 5
5 49 8
3 46 9
0 46 9
2 49 6
4 47 9
0 47 13
2 51 15
5 53 15
3 55 13
2 59 11
2 62 11
3 64 7
1 60 6
1 61 3
2 57 2
2 57 2
2 61 2
6 61 1
7 60 5
3 63 6
7 64 3
11 66 6
10 68 10
11 72 13
7 76 15
6 73 11
10 72 15
6 74 17
7 72 18
4 68 16
8 72 20
9 70 18
7 71 21
3 72 17
6 76 17
4 72 16
5 72 19
8 69 19
5 71 15
1 72 16
5 68 15
3 69 16
7 72 20
5 76 24
9 74 22
5 75 22
2 76 25
1 79 22
3 80 25
7 81 24
9 83 24
10 79 21
14 83 19
18 80 17
17 82 17
19 80 16
19 78 18
19 76 21
15 73 18
17 72 21
20 76 21
23 80 24
19 80 27
19 81 27
15 82 23
18 82 22
19 86 18
23 87 14
24 91 12
26 88 12
28 89 16
28 87 20
29 89 24
28 91 28
27 88 30
26 85 31
27 86 33
24 85 35
27 87 34
29 84 32
25 83 31
24 86 32
23 85 29
25 83 25
26 84 26
23 85 29
25 84 33
29 83 29
27 86 26
26 89 26
24 86 29
28 84 28
29 86 29
29 90 27
25 92 31
22 92 27
25 89 29
22 92 30
18 94 32
17 97 33
15 100 32
12 96 31
14 94 32
12 95 36
9 95 38
11 91 42
13 93 41
9 95 37
8 93 36
4 91 32
8 94 28
5 95 32
9 96 33
5 94 36
7 96 37
7 92 38
3 88 41
3 86 38
2 90 39
2 89 43
5 86 41
9 86 44
12 89 41
8 87 43
6 83 47
7 80 48
8 83 50
4 83 46
7 81 42
3 85 39
7 85 43
10 86 40
7 87 38
5 85 38
6 87 41
8 87 42
5 85 38
6 85 39
4 83 39
2 86 38
2 82 34
1 83 33
2 82 33
2 82 35
2 82 32
6 78 32
8 78 29
8 74 32
4 76 35
2 76 39
2 80 42
3 82 42
0 86 43
2 87 40
2 89 37
4 93 40
8 96 39
7 96 40
5 99 41
2 97 42
2 97 43
5 98 41
5 95 39
1 98 38
0 96 42
1 96 39
2 100 42
6 97 39
6 96 39
8 93 42
9 96 42
9 100 40
9 100 38
13 103 38
17 107 37
13 109 33
10 108 30
8 112 32
5 115 33
3 111 30
0 110 28
2 107 24
6 107 24
9 110 27
13 111 25
12 112 27
13 110 27
13 107 27
13 103 23
13 103 22
16 105 25
13 107 29
17 108 28
13 112 30
14 114 30
16 114 32
13 115 36
9 117 40
13 113 40
12 116 38
8 120 39
12 122 37
14 124 35
10 122 31
14 126 29
11 129 28
8 130 30
10 126 26
13 130 24
10 133 27
8 135 30
6 131 34
7 131 33
8 131 35
8 128 37
11 131 37
12 133 35
10 133 34
10 132 33
10 135 34
13 135 38
17 137 42
18 140 39
16 138 38
18 137 39
17 135 40
21 132 38
20 130 38
18 127 35
14 123 39
12 127 37
10 130 41
7 127 44
4 124 46
0 127 46
3 128 48
4 129 52
5 131 50
5 130 48
1 131 51
2 127 53
1 130 54
1 130 55
2 132 51
2 133 55
0 132 55
0 136 58
1 139 60
2 136 64
2 140 64
0 136 63
2 134 62
6 130 64
5 132 67
5 132 68
8 135 65
11 137 63
15 139 66
17 140 69
14 143 66
12 139 62
13 138 58
12 139 59
14 143 58
17 147 55
18 147 51
22 151 54
22 150 55
19 152 57
18 154 54
21 154 55
21 158 51
19 155 47
15 154 51
19 150 49
15 147 52
15 146 56
15 143 54
11 139 50
15 135 52
11 138 54
10 136 58
8 138 61
4 137 64
6 136 64
2 139 65
4 138 61
5 140 60
3 138 62
1 142 59
2 139 55
1 139 51
1 136 51
2 134 51
5 131 47
2 132 50
4 133 46
6 136 43
7 140 45
10 141 49
9 137 49
13 135 45
14 138 42
10 142 44
7 144 40
11 146 44
7 143 44
5 143 41
2 147 41
1 147 45
1 148 47
0 150 43
3 154 42
7 156 46
7 155 46
7 156 42
7 155 42
4 158 45
3 157 42
4 156 41
2 160 40
5 158 40
7 158 40
3 161 44
7 161 41
10 163 40
6 163 44
9 164 45
8 168 43
6 170 45
7 171 47
10 174 45
11 177 44
9 177 40
13 174 37
9 174 33
8 173 35
11 173 35
12 172 39
11 172 41
10 171 37
6 169 33
6 170 30
4 171 33
8 175 32
11 171 28
9 175 31
7 178 30
7 180 34
10 176 38
13 175 42
16 174 44
17 177 48
20 180 49
18 176 45
14 178 48
18 181 49
14 180 45
12 181 48
10 179 51
11 181 47
7 179 44
4 181 46
4 180 42
4 176 38
8 178 41
10 175 40
11 176 37
8 177 34
7 174 37
6 177 41
7 177 44
3 177 48
0 176 45
2 174 43
2 171 45
6 171 42
4 171 42
5 173 38
9 173 37
5 176 36
5 177 38
1 181 39
5 181 39
7 181 43
7 181 40
4 185 36
1 187 37
4 190 34
8 192 31
6 188 31
9 185 29
12 181 30
16 182 32
17 180 35
20 181 35
17 185 31
21 184 35
22 183 34
22 179 33
22 181 35
26 179 37
26 180 35
28 178 39
24 175 36
21 178 40
20 180 39
16 182 43
18 185 41
17 183 38
20 183 34
24 184 35
27 186 34
27 184 31
31 187 34
35 187 30
39 188 31
42 191 30
41 188 33
38 190 31
41 193 29
39 194 33
35 193 29
39 190 31
37 186 29
36 185 32
38 182 28
37 184 28
38 184 25
37 186 26
36 184 29
40 186 29
38 189 28
40 189 30
40 192 29
36 188 25
36 187 23
33 187 20
34 185 20
35 184 17
31 180 18
31 178 21
32 182 22
35 181 21
39 177 20
43 174 16
39 170 17
43 169 14
45 170 10
45 170 12
46 174 8
48 178 11
47 180 12
43 181 13
42 184 17
43 187 19
43 186 20
45 189 24
41 191 28
43 194 31
43 196 30
39 195 33
43 197 37
44 198 35
48 196 35
44 200 39
41 196 35
39 193 35
43 196 33
40 197 29
38 201 32
36 198 35
32 194 39
33 195 35
29 198 37
26 194 38
26 193 34
26 192 35
27 188 36
23 186 37
23 189 35
24 188 36
21 185 39
23 184 38
24 188 40
21 184 44
17 184 47
17 184 44
17 181 42
16 181 46
15 180 44
13 183 40
10 183 39
7 183 35
5 187 34
3 187 33
2 188 31
5 192 35
8 194 35
9 191 33
9 189 29
10 190 30
11 190 30
15 194 32
16 193 30
18 189 34
15 185 33
17 187 30
18 189 29
20 190 31
19 189 32
16 192 29
15 190 32
16 194 30
16 198 30
12 195 30
11 196 33
9 195 31
6 196 31
8 192 29
12 194 32
11 196 35
11 192 36
15 191 39
15 189 38
11 186 35
14 189 31
18 185 32
22 183 31
22 182 35
24 180 39
20 178 37
24 174 37
22 172 35
19 171 38
20 169 41
19 170 42
23 174 40
26 174 42
26 175 44
28 175 48
29 179 48
31 177 48
33 176 46
31 178 50
27 179 51
26 179 48
27 175 45
29 173 49
27 169 45
29 172 45
27 170 49
31 167 51
34 166 49
32 166 46
33 162 48
35 163 52
34 159 56
38 162 55
37 162 56
39 165 57
40 167 54
41 170 55
42 167 51
45 171 50
42 170 46
38 166 44
35 166 48
31 164 45
29 167 45
25 164 49
23 163 48
24 167 50
28 165 50
27 169 50
29 165 50
25 164 54
21 165 52
23 166 51
26 168 49
26 170 45
30 172 41
27 173 42
24 177 44
25 173 46
21 172 50
25 172 52
21 172 49
22 169 47
20 167 45
20 170 48
17 170 49
14 166 53
12 166 54
10 163 51
12 159 47
15 157 48
12 157 46
12 160 42
11 160 42
7 159 44
4 157 47
0 159 48
2 159 47
2 159 49
5 162 47
1 166 50
2 169 50
3 173 50
2 172 47
2 170 45
5 166 47
1 167 46
2 165 42
2 161 42
2 165 38
2 162 40
2 166 44
0 165 41
0 163 43
3 161 39
5 165 38
8 168 41
7 166 37
7 165 41
7 166 43
10 164 47
9 168 47
6 165 50
6 167 50
9 163 46
11 164 46
15 167 44
12 164 40
15 167 39
15 165 37
14 161 39
17 162 41
16 159 39
19 161 42
17 163 45
20 160 47
24 159 46
26 155 42
26 154 46
22 152 49
23 154 50
19 158 49
15 160 53
12 163 50
14 167 51
11 171 48
14 174 48
17 170 50
19 174 52
18 175 50
18 175 49
22 173 45
24 176 45
26 178 42
24 178 39
22 181 42
22 184 38
21 183 42
21 186 40
19 184 42
20 187 40
21 190 44
18 194 46
16 196 45
14 199 48
14 199 45
15 197 49
15 201 53
13 200 53
17 199 52
20 201 56
19 199 52
22 202 50
25 200 50
27 199 52
24 200 49
25 196 47
21 197 47
19 195 45
17 196 41
15 192 40
11 192 37
9 194 39
11 191 41
11 187 38
9 190 40
12 186 44
12 188 47
10 188 47
14 189 48
14 189 50
17 190 46
15 190 49
19 187 51
22 188 52
26 188 53
28 191 53
29 190 52
30 186 52
29 187 49
27 185 53
29 186 52
28 190 54
32 188 54
32 191 58
29 194 56
26 197 53
22 198 50
22 195 54
20 194 55
16 190 54
16 187 56
16 190 52
18 193 51
18 191 49
17 187 53
21 188 53
25 184 49
27 185 45
25 189 43
22 187 46
26 191 50
28 194 46
29 195 48
32 196 45
31 197 45
33 199 48
29 202 52
26 202 48
27 205 45
25 204 46
25 202 49
25 202 51
24 200 48
21 199 50
17 202 46
13 199 42
16 200 44
15 200 45
14 201 41
17 204 39
19 202 42
16 199 45
16 197 42
13 200 42
11 199 46
13 203 43
17 200 41
17 198 41
17 196 41
13 196 39
10 195 43
10 195 43
6 193 47
8 189 45
9 188 45
13 192 47
15 191 45
17 194 42
14 195 46
15 198 43
11 199 47
13 200 45
11 202 43
14 200 47
11 201 47
15 200 43
14 197 44
17 198 41
16 194 45
20 192 49
16 196 47
17 193 47
19 191 43
23 190 43
22 194 40
20 193 37
18 191 41
20 193 40
17 194 38
15 194 41
17 191 41
16 187 45
13 183 41
14 187 45
17 191 44
19 194 41
19 194 37
22 197 38
25 197 34
24 195 31
24 192 29
26 190 32
24 193 33
24 191 31
22 190 27
20 194 27
18 197 30
22 193 28
22 189 27
21 192 23
17 196 21
14 197 24
10 193 24
12 192 25
10 195 23
7 191 20
4 189 22
2 186 24
3 186 28
3 186 30
3 190 31
2 190 30
1 191 29
5 191 27
4 188 30
8 187 32
5 188 34
4 191 31
1 195 35
2 196 34
5 199 35
6 196 33
10 194 32
11 194 34
14 190 37
12 192 40
16 195 37
19 199 38
20 200 38
17 200 38
15 201 38
19 200 34
17 199 34
14 196 37
11 195 38
8 199 38
6 198 37
6 194 34
7 195 34
5 194 32
4 193 34
8 189 34
11 191 34
10 193 38
11 194 39
11 192 43
7 195 47
4 192 46
6 189 44
10 186 43
8 188 44
5 192 40
6 188 39
9 190 38
6 192 37
10 188 40
14 187 38
15 191 37
18 193 38
17 191 34
14 194 34
12 196 31
12 199 27
13 203 30
11 200 29
11 201 32
9 202 29
8 203 31
11 200 27
11 200 29
7 202 28
11 200 30
10 201 34
9 204 32
11 207 28
7 208 26
4 206 26
7 208 29
9 205 32
5 207 34
5 206 30
4 209 26
0 212 30
2 212 26
6 212 30
2 215 29
3 211 28
0 208 27
3 208 31
4 209 31
8 207 33
10 211 34
10 210 31
6 209 27
10 208 27
14 204 28
16 200 30
14 203 29
18 202 32
21 202 35
18 204 31
14 206 34
10 209 32
10 207 33
13 211 37
14 212 39
18 213 39
15 209 43
19 206 45
17 209 43
17 213 42
21 210 46
17 209 50
18 210 49
17 214 51
18 214 54
18 215 52
14 217 53
16 217 57
20 213 56
22 216 58
19 215 54
23 218 56
21 220 59
18 219 57
17 221 55
19 223 52
16 220 50
17 216 54
17 218 52
17 222 53
21 220 50
24 216 46
28 214 42
30 213 45
31 213 43
29 212 44
32 209 41
28 211 39
30 212 39
26 214 36
24 214 39
26 213 38
29 217 36
33 213 35
31 210 36
35 207 34
37 203 31
39 205 28
43 206 31
40 202 27
39 201 28
38 198 26
42 198 30
41 195 31
41 191 31
42 194 27
39 193 23
42 190 23
38 193 21
37 189 17
35 187 14
33 186 11
33 188 12
35 189 13
36 188 12
40 192 12
43 191 9
45 193 11
43 189 12
45 188 14
41 192 16
37 192 13
40 195 13
40 197 11
40 193 15
40 193 17
36 190 20
40 189 18
44 189 20
46 189 22
44 192 22
45 188 21
49 192 24
52 189 24
52 190 22
50 188 21
50 191 23
51 192 21
50 190 17
46 188 14
50 185 15
46 188 19
43 187 16
45 183 16
45 187 19
45 185 19
49 185 16
51 182 16
54 186 19
54 184 23
57 183 26
56 182 29
58 181 33
57 178 30
54 176 26
53 180 27
52 183 30
48 180 33
45 182 30
49 179 30
53 179 33
57 179 30
55 175 26
54 177 28
56 176 24
53 178 20
50 178 16
50 178 12
52 180 9
50 181 13
53 185 13
57 186 14
54 186 18
50 183 19
48 187 15
51 189 11
53 190 9
49 190 9
45 193 7
43 191 8
39 191 4
39 191 6
37 195 2
33 192 0
35 194 0
32 197 2
32 197 3
31 201 3
32 201 6
32 204 2
29 207 1
29 205 2
28 208 2
28 206 3
29 208 0
26 205 2
24 209 0
23 206 2
22 210 2
24 214 2
28 215 1
27 219 2
24 223 5
23 225 1
26 229 5
28 225 1
27 229 3
25 232 2
28 232 6
25 229 9
29 225 11
25 222 14
25 219 15
24 222 12
27 221 8
24 221 8
28 221 4
31 221 7
35 218 5
38 216 2
42 214 1
45 210 2
47 210 2
46 213 1
45 213 5
47 217 6
45 213 5
44 209 2
40 212 5
37 214 3
35 215 6
33 215 2
37 213 0
33 216 4
33 219 7
34 216 3
33 214 2
35 211 2
38 215 2
34 219 3
35 223 4
36 222 3
39 222 7
35 223 8
35 224 4
39 223 3
42 227 5
41 224 7
45 223 4
48 219 1
46 219 1
49 221 2
47 220 6
48 220 3
47 219 5
50 215 9
49 215 7
45 217 4
49 219 6
46 222 7
43 223 7
42 223 10
43 226 10
45 222 13
42 218 14
44 216 18
41 215 22
42 218 20
44 221 22
47 225 20
45 227 20
46 227 22
48 224 23
47 222 26
45 223 23
45 226 25
43 223 28
44 226 28
47 223 27
49 225 29
50 221 28
54 221 25
54 224 22
50 228 25
52 224 27
55 224 29
59 228 32
60 232 34
56 229 34
53 233 33
54 234 34
54 231 38
57 229 41
58 226 41
58 230 44
61 228 40
57 225 40
57 226 40
59 228 39
56 227 42
55 225 39
58 221 41
57 220 40
58 222 40
56 226 42
60 222 41
58 220 43
62 222 42
60 223 39
63 224 41
62 220 37
60 216 40
61 219 39
60 217 35
61 220 35
60 218 35
57 219 36
54 217 34
55 218 34
52 220 31
55 216 33
51 220 32
49 222 36
53 225 38
53 227 40
50 228 36
46 225 36
44 224 37
42 221 33
45 217 37
48 215 39
51 213 42
50 215 38
52 213 42
53 213 45
50 215 43
53 211 43
56 214 47
59 217 47
59 215 49
59 218 48
57 217 50
54 219 47
56 218 47
58 215 51
61 214 54
65 216 53
69 217 53
66 214 49
68 217 52
66 218 53
68 220 56
72 222 60
74 226 62
71 225 61
75 223 58
77 226 58
75 229 62
73 232 64
71 230 66
75 232 62
76 230 65
79 234 61
79 230 58
76 227 57
72 224 58
76 222 58
79 218 59
77 221 62
75 221 61
76 219 65
76 221 69
72 223 72
73 219 70
69 223 74
68 225 73
71 226 70
69 226 74
72 228 77
68 227 76
71 224 76
70 224 76
74 221 73
73 219 75
73 220 76
70 222 80
71 222 76
72 223 75
72 224 77
68 223 79
67 225 78
69 222 74
65 218 77
69 214 81
72 213 79
75 213 82
76 214 80
73 218 84
72 214 88
69 214 91
66 211 94
69 209 92
67 210 96
71 209 98
72 207 101
76 203 99
73 205 101
75 205 100
71 201 98
73 202 94
69 198 92
71 198 95
69 194 92
65 191 91
64 194 92
63 198 89
61 194 87
58 190 87
55 186 89
55 184 85
54 187 82
56 191 83
54 191 83
57 192 87
61 192 85
62 188 89
62 185 86
60 182 83
64 183 85
63 187 86
67 183 90
66 187 88
65 190 90
61 186 86
62 188 87
62 189 90
61 185 91
57 184 93
61 186 95
59 188 97
60 189 97
61 185 96
62 184 92
64 180 91
68 178 93
68 182 94
68 181 94
66 181 94
64 178 96
68 175 95
69 173 94
72 169 91
70 170 88
72 170 92
73 167 92
72 165 92
76 168 89
73 169 92
73 173 93
77 176 96
78 179 92
74 177 92
74 176 92
75 173 93
72 171 96
73 173 93
74 173 97
70 169 101
69 172 100
70 168 99
69 167 100
68 171 96
64 168 95
68 164 92
66 168 94
68 170 90
71 166 87
72 167 88
73 169 86
72 168 88
70 166 91
68 162 94
64 165 97
64 166 100
68 165 102
72 167 105
69 169 103
71 169 104
70 172 106
66 175 109
67 171 110
68 173 114
65 174 115
61 178 114
63 181 113
60 178 116
58 174 116
55 171 112
58 167 112
57 169 110
53 170 107
57 170 103
57 170 100
61 170 96
65 167 96
68 169 93
67 171 97
71 168 95
72 168 91
69 169 89
68 169 91
67 170 90
68 173 89
72 176 86
73 176 89
74 178 92
72 174 95
72 177 99
71 177 96
67 175 98
68 171 95
70 173 93
73 169 95
76 168 94
78 171 94
74 174 91
78 171 95
78 169 94
79 169 91
81 166 91
85 168 92
83 164 96
84 164 96
84 163 94
87 160 93
90 159 92
90 160 89
90 161 92
90 157 88
92 153 90
96 150 92
94 148 92
90 149 90
90 147 91
90 148 88
92 147 91
96 146 91
93 150 90
96 151 87
92 152 88
88 155 88
88 154 88
85 150 91
82 148 87
81 152 86
81 154 84
84 150 80
83 152 81
80 150 81
80 148 82
84 149 81
85 145 83
89 145 81
87 143 77
85 144 76
85 141 79
88 141 78
86 143 77
82 147 73
85 145 76
82 142 78
81 143 80
82 145 78
86 144 74
83 148 70
87 145 71
87 143 69
84 147 71
87 145 75
87 144 72
88 147 69
84 147 67
87 144 64
87 148 60
84 144 58
88 144 62
85 142 63
85 143 66
81 143 70
79 139 71
83 139 67
82 137 67
81 139 70
82 140 74
82 142 75
82 140 75
79 137 76
82 141 76
86 142 74
83 142 74
84 140 70
82 140 73
85 136 70
86 136 74
85 138 72
85 141 69
85 142 72
82 144 73
85 145 75
81 144 78
84 148 79
84 150 79
87 148 81
86 146 78
86 147 74
84 148 73
81 146 77
85 148 80
87 152 78
84 155 77
87 156 81
89 160 77
89 157 78
91 158 78
87 157 78
86 161 81
87 157 78
89 155 76
93 156 76
93 153 76
97 155 73
96 152 69
99 151 66
98 152 69
97 154 70
94 158 72
93 158 71
96 161 69
94 157 67
95 158 64
93 154 60
96 155 56
96 153 60
92 156 57
93 157 59
97 156 61
95 155 62
91 156 61
90 160 59
87 159 55
84 158 53
88 157 56
91 159 52
92 162 51
92 163 48
96 165 49
97 162 47
99 165 49
101 169 48
100 173 51
96 176 51
94 177 55
90 175 59
92 175 61
90 171 63
86 169 63
90 167 62
90 166 61
86 169 60
85 171 62
88 171 58
84 172 56
84 172 52
83 175 51
80 176 54
79 174 56
79 176 56
78 174 53
80 172 50
84 175 52
85 176 54
87 174 56
91 175 56
90 174 53
90 176 55
86 179 56
82 180 57
81 178 54
83 182 56
86 178 60
85 180 63
81 177 65
78 176 69
79 174 73
76 175 76
75 171 76
74 173 76
78 172 73
81 172 71
83 175 68
81 173 72
80 176 69
76 173 72
78 177 72
77 176 71
73 172 70
75 170 71
79 167 67
78 169 68
76 166 64
75 164 68
76 160 70
72 159 74
69 155 71
71 151 68
67 153 70
65 152 71
62 149 75
58 152 74
56 156 77
58 156 78
59 152 82
59 152 84
58 155 82
62 151 82
62 147 84
61 146 86
62 146 88
66 149 90
69 146 92
65 145 89
62 147 91
58 147 90
61 143 88
59 143 92
60 142 92
64 141 94
66 145 90
68 148 86
65 146 86
69 146 83
71 143 84
70 142 80
74 143 80
73 143 83
72 141 80
75 140 78
71 137 74
72 134 73
74 135 69
71 132 65
73 136 62
76 135 61
78 134 61
77 136 62
76 134 60
79 135 57
80 133 57
80 129 59
78 133 56
81 133 60
79 137 56
83 137 54
87 138 57
87 136 57
90 137 56
91 140 56
90 143 52
94 142 55
93 141 53
89 144 54
89 140 53
85 139 54
83 141 57
80 142 58
80 145 59
77 142 58
77 139 59
77 143 60
78 146 63
77 144 59
79 148 60
75 151 64
75 155 67
76 157 69
75 161 65
71 162 63
67 159 64
71 161 64
73 163 67
74 165 68
74 166 71
77 169 71
75 167 70
77 171 70
75 170 67
78 173 66
77 169 68
76 173 69
74 176 73
74 174 75
78 170 75
79 170 73
81 169 76
81 172 72
78 176 74
82 174 71
80 174 70
83 177 73
85 180 69
89 184 68
92 187 65
90 188 66
88 186 62
85 187 60
89 190 64
87 190 64
91 186 65
93 188 63
93 192 60
95 196 59
93 193 58
95 189 60
94 187 57
96 185 60
97 183 58
94 179 61
93 175 65
92 171 66
92 170 65
95 170 62
94 170 64
91 174 66
89 170 65
91 171 65
88 172 66
91 168 63
92 167 60
90 165 60
92 165 58
94 163 60
95 159 58
95 159 60
93 160 58
92 164 57
88 162 59
88 164 61
88 161 63
90 164 61
89 162 59
88 159 59
87 157 56
86 154 54
90 150 51
86 154 50
89 150 53
89 154 55
87 151 59
86 155 59
88 153 62
88 155 66
88 156 63
91 153 64
88 155 66
91 156 65
92 158 65
90 158 63
94 160 67
97 159 67
100 162 64
101 165 62
100 162 64
96 166 60
94 170 61
94 167 64
92 168 68
89 169 70
85 173 69
87 176 72
84 174 73
82 177 69
81 176 67
77 177 70
73 180 69
72 177 69
75 178 73
72 182 76
73 181 76
73 181 74
72 183 70
76 180 74
75 177 71
73 175 73
74 172 72
77 172 75
76 175 79
72 179 82
71 176 78
68 179 82
72 181 82
75 185 81
76 186 77
74 190 81
78 186 77
76 185 80
72 189 80
68 187 81
72 188 85
74 185 88
75 184 90
72 186 89
69 186 91
70 190 93
67 190 89
70 186 92
66 188 96
63 190 97
65 186 99
68 190 102
68 193 105
71 189 101
75 190 102
76 194 101
80 192 104
82 196 101
78 196 101
76 198 101
77 194 102
78 190 99
74 187 102
75 190 104
78 191 102
74 191 101
77 190 101
74 189 100
71 193 100
73 197 102
76 193 98
79 197 94
76 198 96
79 200 98
81 197 97
85 199 99
88 200 97
85 201 99
88 200 96
87 196 98
84 192 95
80 192 94
77 189 94
79 188 90
75 190 88
75 192 92
71 189 91
74 186 90
77 188 88
81 184 90
78 184 90
81 182 86
83 185 82
86 182 82
84 179 78
82 177 77
84 174 80
87 176 83
83 172 87
81 168 86
78 165 83
77 165 84
79 163 81
77 163 79
78 165 80
77 169 78
78 171 78
80 167 82
76 170 83
74 167 79
76 171 79
73 169 77
76 169 81
72 172 84
72 169 82
75 166 80
79 166 78
75 167 75
74 166 76
78 165 76
82 164 77
79 161 79
80 163 78
76 165 78
80 161 77
79 160 80
75 164 80
71 162 81
74 166 77
77 168 78
77 167 81
78 167 77
79 165 78
75 168 80
78 170 84
79 172 80
75 171 76
74 172 79
72 176 83
74 176 87
78 176 87
74 177 90
78 176 90
80 177 94
76 173 91
77 171 92
79 169 93
82 165 97
86 161 93
89 159 97
89 162 100
86 162 98
87 165 101
88 161 104
86 157 103
89 155 104
91 156 103
91 153 107
87 151 110
88 149 108
88 147 111
91 148 110
92 151 110
95 155 106
99 151 108
98 147 108
99 150 104
99 149 103
101 149 106
99 151 105
99 150 104
95 149 103
98 153 100
99 151 98
103 154 102
106 157 103
104 155 107
106 156 105
107 159 103
104 156 105
103 156 103
106 152 102
106 153 104
108 156 108
110 152 111
108 156 113
104 155 113
101 151 114
103 155 111
103 151 111
99 150 113
95 151 117
91 148 120
93 145 119
97 143 121
96 142 124
100 140 127
97 141 126
99 143 126
96 143 122
97 141 123
96 140 119
96 141 121
92 137 122
92 136 122
89 135 118
92 137 115
88 136 114
86 135 116
88 134 117
88 130 120
90 129 123
86 128 120
86 128 124
90 125 123
88 128 124
85 124 123
89 124 127
90 123 124
93 127 128
92 129 125
88 133 121
91 136 119
88 138 123
89 140 126
86 136 126
88 137 125
89 141 121
88 145 122
87 142 120
85 140 120
81 137 116
85 140 114
87 144 117
84 142 117
88 139 113
92 135 109
92 134 109
94 135 111
93 137 115
94 138 119
95 140 116
97 137 113
95 140 111
96 138 110
98 138 113
95 141 116
95 141 120
93 142 118
94 138 114
93 140 110
92 141 107
89 145 103
90 144 106
94 148 108
96 147 109
96 148 110
97 147 107
100 148 109
100 151 111
99 151 114
97 154 118
98 158 118
102 154 121
106 150 122
102 146 118
100 146 117
96 146 113
96 143 112
93 145 114
95 143 110
94 141 110
97 145 111
93 143 110
94 146 113
95 147 115
91 149 118
88 152 116
87 151 112
88 147 115
85 143 119
83 140 121
80 139 119
84 136 117
84 132 121
82 130 125
85 130 121
82 127 125
83 129 128
83 132 126
87 130 129
83 133 129
85 132 127
83 130 125
79 126 126
76 125 122
75 122 121
71 125 122
70 125 118
70 129 114
69 133 115
71 135 111
72 134 107
76 134 110
80 135 112
83 134 114
84 131 112
88 132 116
92 131 113
88 131 117
85 127 114
87 130 110
89 131 109
93 131 111
93 129 113
92 125 112
94 125 108
94 122 109
93 119 105
92 121 105
95 118 102
95 114 99
91 115 99
91 112 100
92 115 102
90 113 103
86 112 107
87 109 103
89 108 105
90 107 101
93 108 100
93 111 103
94 109 101
90 111 101
91 115 102
93 114 101
94 111 102
91 113 100
94 110 102
90 106 103
91 107 101
92 106 104
91 105 102
90 104 103
88 107 104
87 111 104
87 113 107
90 117 110
91 118 111
95 116 107
99 117 111
98 113 110
96 114 110
100 115 110
103 117 113
104 116 111
102 117 114
104 113 115
103 112 115
103 115 114
102 119 114
102 119 111
106 117 114
110 120 110
109 122 113
111 119 111
112 121 108
116 122 112
116 119 116
115 118 113
114 121 117
110 123 116
109 124 117
107 127 117
105 129 114
102 125 115
102 126 119
106 128 123
107 126 127
107 129 129
107 131 130
109 128 130
109 131 128
113 133 124
112 130 120
116 130 122
116 130 123
116 133 125
114 134 128
110 136 125
106 136 123
102 137 121
102 135 124
99 133 126
99 132 128
100 132 125
98 128 127
94 124 129
95 120 126
92 116 128
96 115 128
92 111 132
88 115 128
89 117 127
91 118 130
88 115 133
91 117 132
92 115 134
95 117 134
94 114 135
90 118 137
92 117 135
93 119 135
95 121 135
99 124 138
102 121 138
103 122 134
105 120 132
101 123 128
104 125 132
101 126 129
97 126 128
94 125 132
90 125 135
94 121 133
98 124 132
97 127 129
99 127 130
95 128 134
93 124 134
91 120 138
94 119 138
91 117 142
91 118 142
89 120 146
85 123 147
88 121 151
92 118 150
88 119 147
87 121 149
90 122 151
90 125 155
90 128 155
93 125 151
93 127 154
94 123 154
91 126 156
92 128 157
95 124 153
94 127 150
92 128 148
92 128 148
90 130 148
93 132 146
92 129 145
89 130 148
88 132 149
85 129 153
87 127 157
91 128 154
95 130 155
97 127 156
94 127 155
93 129 152
93 133 152
95 135 154
94 136 157
97 132 155
94 128 157
98 128 161
102 127 163
102 131 161
101 135 158
104 136 159
101 135 159
99 134 157
95 132 157
98 128 158
102 126 158
98 123 156
99 120 155
100 118 158
103 116 155
101 114 157
98 116 158
95 113 154
94 116 152
90 117 149
87 116 152
91 120 150
88 120 147
89 120 144
88 118 142
90 118 138
91 119 135
91 118 137
92 117 141
94 114 145
91 117 148
88 120 149
91 116 149
94 114 145
97 113 146
99 117 147
102 114 151
100 113 153
96 112 151
92 116 148
93 119 146
92 122 147
93 125 147
97 122 147
99 123 143
97 119 141
101 117 139
98 120 135
99 122 134
95 124 136
98 125 140
96 121 136
99 123 132
100 127 132
99 123 135
96 119 137
93 116 141
94 112 139
96 110 139
93 109 140
93 110 138
89 112 138
86 116 139
85 120 135
82 119 131
78 122 134
74 119 130
70 115 131
70 112 135
69 116 134
69 118 138
73 115 139
75 112 140
71 110 137
67 108 137
69 111 138
72 113 137
69 114 136
70 113 137
68 110 133
70 114 136
73 113 135
73 114 136
77 117 135
74 115 131
74 118 130
72 117 127
69 115 129
70 113 125
68 115 124
66 119 121
64 116 120
67 112 117
65 111 113
66 115 113
63 113 117
65 111 114
67 107 110
70 106 107
70 109 103
68 112 103
71 112 99
71 109 98
72 112 100
72 114 102
76 118 106
72 120 108
73 119 107
76 116 110
73 112 106
71 111 108
72 108 105
69 112 108
73 113 111
70 117 109
70 119 112
71 123 110
71 125 113
69 127 115
72 130 118
72 132 119
68 131 123
66 132 126
64 134 124
64 138 122
62 136 119
63 138 116
62 140 116
62 144 112
60 140 109
59 139 106
59 141 103
55 139 106
52 137 103
53 136 99
51 133 101
47 133 102
47 136 101
50 137 100
48 140 96
44 142 96
41 145 96
41 142 95
44 142 94
48 143 94
45 140 97
47 142 94
47 141 93
45 139 96
49 135 97
53 136 94
50 135 96
53 138 99
55 134 97
58 130 95
60 134 92
57 130 95
57 128 96
60 129 94
62 126 93
59 130 92
55 129 95
53 128 94
49 128 93
46 126 93
48 130 89
46 133 88
46 136 89
44 136 93
48 139 93
50 141 97
50 139 94
48 141 96
52 137 94
52 138 94
50 134 92
54 132 88
53 132 84
53 133 83
52 131 83
54 127 85
50 130 87
50 126 87
52 124 85
52 123 81
53 121 85
49 123 81
50 124 85
46 124 83
44 121 79
48 119 83
45 120 87
45 124 89
49 124 90
50 122 89
46 124 85
42 128 87
41 130 85
43 132 88
44 128 91
40 124 95
42 123 97
46 125 97
46 128 95
46 126 99
49 127 95
49 130 97
53 129 99
53 133 96
52 137 97
51 136 93
55 138 92
54 135 92
51 139 91
52 140 91
53 138 92
52 141 90
51 138 91
53 138 93
53 135 93
52 132 90
52 135 92
52 138 94
53 135 96
57 139 93
53 142 92
52 146 91
50 148 94
49 146 98
45 150 101
47 147 97
45 144 96
49 148 95
47 152 99
47 154 103
48 154 99
50 152 102
49 151 98
50 153 102
50 152 100
54 148 97
53 146 99
53 142 103
49 143 105
46 143 105
50 145 106
47 149 110
44 153 113
41 152 117
37 154 121
37 150 125
40 154 124
41 158 128
43 155 132
42 156 129
42 156 126
38 157 127
35 157 128
36 161 129
34 161 127
35 160 124
39 161 128
37 163 128
39 165 130
42 164 130
40 161 133
37 163 132
39 167 132
42 164 136
39 168 138
39 165 139
41 168 141
38 165 143
35 164 140
32 163 138
29 162 138
26 162 142
27 162 141
26 159 143
26 163 140
24 162 139
27 166 141
27 163 143
25 161 140
22 157 138
21 153 140
18 151 136
15 152 139
14 150 143
10 150 141
8 149 138
7 146 137
11 150 137
7 154 139
9 151 142
6 154 144
6 153 146
9 153 147
11 150 148
11 147 150
8 150 153
5 153 151
4 155 153
4 155 155
2 157 151
2 154 153
2 158 155
0 159 152
2 157 149
0 159 145
2 159 144
5 162 148
7 160 145
7 164 144
8 166 144
10 168 144
11 166 145
9 165 143
12 165 147
9 165 146
8 169 146
4 171 145
1 174 148
4 174 144
3 174 143
5 178 143
2 177 147
2 179 145
2 176 146
6 180 148
6 179 144
9 176 146
13 178 142
15 175 138
11 178 140
12 181 141
12 182 142
13 186 143
14 188 141
10 190 144
14 186 142
10 186 140
13 182 141
11 183 144
14 187 140
12 190 143
16 194 141
19 198 137
17 196 139
14 196 139
14 197 137
14 196 138
14 194 135
14 193 132
14 193 134
14 197 134
17 195 132
15 191 129
16 194 128
18 196 132
21 197 136
17 199 134
18 202 137
16 204 135
17 200 132
15 204 130
19 201 128
23 203 125
23 204 129
23 208 133
20 212 130
22 215 130
25 215 127
25 211 130
26 210 134
25 214 130
28 218 130
31 218 132
30 219 128
31 220 132
32 224 133
30 220 137
32 222 133
36 220 133
33 221 129
31 218 129
28 217 131
30 219 132
33 221 131
37 225 134
36 225 133
35 223 133
32 223 136
33 227 132
35 227 133
39 226 130
41 229 127
39 231 131
40 230 134
39 226 137
40 228 135
37 225 131
37 226 134
34 230 137
38 228 133
40 232 134
40 235 138
40 235 137
41 233 133
44 230 137
43 226 137
41 229 133
38 226 131
41 223 133
42 226 131
45 223 133
41 221 129
38 218 126
38 215 124
39 212 124
41 213 121
39 209 117
42 205 113
38 204 111
40 208 111
43 211 111
40 212 109
37 211 110
33 207 109
33 203 109
31 204 107
32 206 106
35 207 107
37 209 106
36 213 105
36 216 103
39 217 99
41 214 99
45 217 100
49 221 96
48 222 100
45 224 99
44 223 102
46 223 105
45 220 107
47 220 107
49 219 104
46 223 102
49 221 100
45 225 99
45 221 96
45 219 99
48 218 103
50 215 103
51 215 105
47 216 101
43 213 105
47 217 109
43 214 108
39 210 107
39 210 105
43 211 101
45 215 102
49 214 99
46 211 95
50 212 98
53 208 97
50 208 96
50 208 96
53 206 94
52 202 95
48 205 97
47 205 101
47 201 98
50 201 96
49 203 92
50 203 92
48 201 89
45 198 90
42 199 93
43 195 95
44 196 96
42 200 95
42 196 91
