48 42 38
51 43 40
51 42 39
51 46 39
48 43 36
49 40 33
45 42 31
44 45 34
48 44 30
44 42 26
44 38 29
48 37 25
46 35 21
43 38 18
44 40 14
43 36 16
42 32 18
43 32 22
44 31 26
44 33 23
44 31 26
42 28 27
41 26 30
41 27 31
39 23 33
40 20 34
40 23 33
42 19 31
40 23 28
44 20 28
45 24 30
42 21 34
45 25 30
47 27 26
49 25 30
52 26 31
48 22 29
52 26 29
54 22 26
54 22 29
58 25 32
54 27 30
54 26 34
54 30 33
50 31 35
50 32 36
52 31 40
53 31 39
56 27 40
54 27 38
51 27 37
54 31 41
51 30 44
52 34 42
48 31 39
48 33 39
50 31 40
48 28 39
46 32 39
43 28 35
40 27 34
36 28 30
36 24 26
35 24 25
35 26 22
31 23 25
32 22 28
32 22 25
29 18 21
28 20 18
25 24 15
29 20 11
28 24 15
26 24 16
24 20 19
28 22 20
29 25 22
27 23 19
27 22 16
29 18 14
33 20 12
35 24 12
37 26 15
37 30 17
33 27 19
30 29 20
30 33 20
32 29 19
35 31 21
33 28 22
32 29 18
31 28 16
33 32 12
36 32 9
38 34 11
34 32 14
30 34 12
31 38 9
33 37 6
32 36 6
29 32 5
30 31 9
27 32 5
23 32 8
19 31 7
15 30 4
16 30 7
19 27 9
15 31 7
12 31 9
9 30 6
9 26 6
5 22 2
8 18 5
5 20 1
7 23 2
10 27 1
8 26 2
7 24 6
8 24 8
8 25 6
12 28 4
11 27 3
7 30 3
5 29 7
6 33 4
3 32 1
2 31 4
6 32 6
8 36 8
5 38 6
4 42 5
2 42 4
2 46 2
2 42 6
1 44 6
2 43 3
5 41 3
9 37 3
13 41 2
16 43 3
13 47 0
9 50 2
9 53 1
8 52 2
9 49 5
12 52 7
10 55 3
8 56 1
6 55 3
3 59 7
5 57 9
2 54 11
2 55 14
5 55 11
1 53 10
1 50 10
4 48 7
5 52 9
1 55 10
0 56 11
2 56 9
2 58 13
6 56 12
2 53 13
0 57 15
2 59 16
3 57 17
3 58 19
1 55 20
2 53 23
4 52 22
5 54 23
9 54 19
8 52 16
8 48 12
5 44 13
9 41 11
12 43 7
15 41 9
14 42 8
15 41 5
12 43 1
9 45 2
6 46 2
6 50 2
3 51 2
3 55 0
1 59 2
5 61 5
4 60 1
8 61 2
11 59 6
10 63 9
14 64 13
17 60 13
13 56 12
10 52 12
10 55 15
8 59 18
7 60 14
3 58 11
5 54 7
8 52 6
10 50 3
10 54 4
10 58 1
7 62 1
7 60 2
4 59 0
7 58 4
11 58 4
10 62 6
13 64 10
14 65 9
16 65 11
14 64 15
11 66 19
15 66 20
17 70 20
14 71 19
18 68 18
14 69 17
11 65 19
9 67 15
8 67 16
10 71 16
8 73 12
11 76 15
12 76 11
13 79 13
15 80 12
16 77 10
18 79 7
17 76 9
16 73 8
13 76 4
16 75 3
14 77 4
18 81 4
15 80 7
15 81 3
12 85 2
9 89 3
7 86 7
3 85 5
6 81 5
2 83 9
5 87 13
9 86 14
10 89 14
11 90 12
12 90 14
11 90 15
15 87 11
15 86 15
19 87 16
21 86 19
22 85 19
22 84 18
21 83 14
17 85 10
20 82 14
23 84 10
21 86 11
21 85 9
18 86 11
22 89 7
26 92 3
22 91 6
18 90 10
16 88 9
15 88 12
19 89 14
20 89 18
22 87 16
19 83 13
21 79 15
25 79 15
28 75 15
27 77 11
30 79 12
29 81 11
26 81 12
26 81 9
26 79 9
28 79 5
27 82 3
29 82 2
27 86 2
26 86 2
27 90 4
30 94 6
31 97 3
28 99 6
24 103 8
28 100 6
30 96 2
34 96 5
30 94 9
32 97 10
36 94 11
34 96 10
33 93 14
31 95 11
35 94 13
38 93 16
35 97 18
37 99 15
36 103 15
36 104 17
34 107 21
38 106 18
36 102 14
35 98 14
36 101 11
39 105 11
42 103 13
45 104 12
43 103 11
47 100 9
46 101 11
44 105 8
45 109 5
44 106 3
40 102 3
37 104 7
33 104 9
29 104 9
32 107 6
35 103 2
39 103 5
41 105 5
43 107 7
39 111 8
37 111 6
38 113 2
40 113 5
42 117 8
45 120 10
44 124 7
46 122 8
46 124 7
43 126 3
44 122 2
41 125 5
37 122 2
40 123 3
38 121 2
37 117 6
41 116 5
45 116 2
43 116 3
42 117 1
38 120 4
41 123 8
40 120 4
42 122 2
42 126 2
41 125 2
39 126 5
36 125 9
33 121 13
36 125 15
33 128 14
36 126 16
35 128 13
33 124 16
29 123 14
32 123 13
28 125 9
26 126 8
29 127 12
27 131 9
23 132 6
19 136 3
23 138 2
25 138 6
23 141 7
20 137 5
18 134 7
20 130 7
18 131 3
19 132 6
20 128 2
17 127 2
14 129 2
16 128 4
16 125 5
19 124 9
20 125 10
16 122 7
15 122 7
16 118 3
16 122 3
15 123 7
11 120 7
14 123 3
12 122 2
15 118 2
17 122 2
17 125 6
17 126 5
17 122 9
17 124 8
13 123 6
14 124 8
18 121 12
20 125 11
17 128 7
21 124 9
25 123 9
24 121 7
24 121 10
26 118 7
29 121 11
27 123 10
26 119 10
22 121 7
23 122 7
24 126 9
23 125 5
27 121 1
27 125 2
23 127 3
22 128 5
20 126 9
16 122 12
12 125 10
8 128 11
9 124 14
13 123 11
14 127 11
18 127 12
22 124 13
24 120 13
28 124 10
29 126 8
32 126 11
32 122 15
33 121 12
33 122 11
35 126 12
35 126 13
36 124 16
40 120 16
38 123 18
38 119 20
34 121 18
37 120 14
37 120 12
35 117 15
39 117 18
37 115 17
41 112 14
38 113 12
39 115 13
35 112 17
32 108 20
31 104 24
34 101 20
31 98 20
28 101 20
27 98 22
30 97 21
32 93 22
28 95 26
31 92 28
29 90 27
27 94 25
25 93 26
29 91 25
29 88 27
28 90 27
30 91 24
32 88 20
34 84 23
33 87 26
37 91 22
36 90 21
32 94 17
34 91 13
31 94 9
34 95 5
37 92 4
34 91 4
36 88 5
33 88 9
32 88 8
31 92 11
28 90 8
32 90 5
28 86 8
24 88 8
24 87 10
27 86 9
29 88 9
27 90 7
26 87 4
22 84 7
22 82 11
20 85 15
16 86 14
15 82 11
11 85 9
11 83 6
9 83 5
12 81 9
9 82 8
8 86 10
7 87 11
10 91 7
13 93 6
9 95 5
6 95 1
5 95 2
3 92 0
6 96 1
7 100 2
4 101 0
8 100 2
8 101 5
4 97 4
8 99 4
7 96 1
9 94 3
12 90 2
14 92 2
13 94 2
12 92 2
14 90 4
17 89 2
17 91 2
13 94 6
15 95 3
18 96 2
20 94 3
17 92 6
17 95 4
20 92 7
24 90 10
21 86 14
17 88 14
14 91 12
14 90 13
13 86 11
17 83 14
19 80 17
19 81 18
19 84 17
15 87 13
15 90 16
14 90 12
15 91 12
11 94 12
9 96 8
11 95 5
13 94 7
11 94 8
14 95 10
17 96 11
15 99 8
11 95 9
11 99 5
15 101 6
11 103 10
7 105 10
9 108 6
6 108 7
5 111 9
3 108 13
2 112 15
4 113 14
3 110 15
7 108 11
8 112 14
11 109 12
12 107 10
10 105 9
10 105 11
10 101 9
13 98 8
12 97 8
14 94 7
14 90 7
18 94 4
16 96 1
14 94 2
14 91 2
16 93 3
12 96 2
16 93 4
15 95 1
15 99 5
19 96 6
19 96 2
16 92 3
12 94 0
16 91 2
16 93 2
14 95 0
18 94 2
20 96 2
18 94 4
15 91 1
16 94 2
14 92 6
13 92 6
11 92 7
9 93 5
10 94 4
6 96 6
6 92 3
8 96 2
4 92 2
0 91 6
2 90 5
1 88 1
5 91 3
7 91 2
9 93 3
9 90 1
10 92 4
7 91 2
3 88 4
3 85 1
2 87 2
2 89 0
0 92 2
3 95 2
6 93 6
5 89 4
5 92 7
4 89 9
8 92 5
9 95 4
8 98 5
6 96 1
10 95 1
12 92 4
12 95 5
14 93 4
17 95 3
21 97 2
22 94 0
21 97 2
22 97 2
26 95 1
29 97 3
27 95 5
28 91 7
32 87 10
35 87 14
38 89 10
39 86 10
38 84 12
37 83 8
38 82 7
38 83 9
40 87 13
38 88 16
42 85 12
46 85 8
50 83 6
52 87 3
54 83 4
57 86 2
59 89 0
55 87 2
58 91 2
62 92 3
60 94 5
64 93 2
65 96 5
65 98 5
63 98 7
63 94 3
67 91 6
69 92 10
70 89 8
71 92 11
70 90 11
71 92 14
68 94 16
64 95 14
65 98 16
67 97 15
70 101 13
67 98 12
64 100 14
61 100 17
58 103 16
55 101 18
57 103 14
55 106 14
59 108 18
58 106 20
59 106 16
57 102 12
55 105 8
59 104 4
58 101 0
59 97 2
56 101 3
55 98 7
58 102 3
58 104 0
58 104 0
62 103 0
65 104 4
61 105 7
65 101 6
69 99 6
72 96 8
70 98 8
66 96 5
68 92 6
66 92 3
63 96 4
63 98 8
66 95 9
69 99 9
66 102 5
69 106 3
70 105 4
70 102 0
69 99 2
65 100 1
63 102 2
64 102 2
62 106 0
60 103 2
63 105 0
65 103 4
62 100 1
58 101 2
59 103 0
61 101 1
57 104 2
60 108 0
61 106 2
65 108 2
61 108 2
64 107 2
62 106 1
61 110 3
61 107 4
61 103 0
58 99 2
60 95 0
57 91 2
56 95 0
52 95 4
50 95 7
48 97 11
47 97 15
49 96 16
49 98 15
52 100 15
53 104 17
57 103 14
56 101 18
52 100 20
55 97 19
58 94 15
56 97 18
56 100 16
60 98 16
60 101 19
60 104 22
63 105 18
59 105 18
63 109 18
62 107 22
63 110 18
64 111 16
63 107 20
64 105 16
60 101 14
64 99 18
61 99 19
62 100 20
63 99 22
63 99 20
64 95 22
60 92 26
57 92 24
55 93 25
56 90 21
56 87 22
58 91 19
56 88 21
53 86 24
52 82 27
53 81 24
57 77 26
61 73 28
59 69 24
62 72 26
63 75 24
66 75 28
63 75 24
63 76 25
67 79 24
71 76 21
75 80 22
78 79 19
81 80 21
83 76 22
80 80 21
84 80 17
86 84 14
83 86 10
80 85 12
78 88 12
75 88 12
77 86 13
75 86 16
79 87 20
78 83 23
74 84 22
71 87 24
72 89 22
75 86 23
73 85 23
76 88 19
77 86 19
80 85 22
82 86 24
82 86 21
83 89 19
83 89 17
86 85 15
84 81 12
88 82 9
87 82 6
86 85 9
89 84 8
85 86 12
85 88 8
85 86 4
85 83 6
88 80 3
86 76 0
87 74 2
91 75 0
87 71 2
86 72 1
87 68 1
88 69 1
92 69 2
93 71 2
97 73 1
95 75 0
96 79 3
99 81 2
98 84 2
98 85 5
101 81 1
105 82 2
109 81 2
110 82 2
113 84 3
117 88 7
121 90 9
125 90 9
125 87 11
129 87 15
131 91 14
134 95 11
132 95 7
128 98 4
127 102 6
126 106 3
125 107 4
127 106 0
131 106 2
135 102 5
131 103 6
130 102 2
133 103 2
133 102 3
131 100 3
134 104 2
135 104 6
135 104 8
136 101 9
138 104 6
137 100 6
135 97 7
136 97 6
137 101 10
141 98 9
143 101 13
140 103 9
138 99 9
135 101 7
135 105 10
136 105 14
139 107 10
137 106 13
135 107 15
134 111 13
138 112 14
138 115 13
142 111 11
145 114 15
146 115 17
149 116 19
145 113 15
144 110 16
144 111 18
142 109 21
139 109 19
136 106 16
138 105 19
141 107 17
143 105 17
139 109 17
138 106 13
138 110 11
142 112 9
146 116 5
147 116 3
149 113 4
148 111 6
150 109 7
149 108 5
147 104 8
151 104 8
150 108 7
146 108 5
147 107 9
147 109 13
144 111 16
143 111 17
146 110 19
144 112 18
142 112 19
146 112 19
147 111 23
149 115 26
152 118 29
156 114 26
160 112 24
158 112 24
155 116 27
159 118 25
159 119 27
163 116 28
160 116 32
163 116 34
166 114 35
170 116 35
166 114 36
166 117 34
164 120 30
164 116 32
164 114 30
160 117 27
158 115 24
154 112 26
151 108 28
150 109 28
147 113 28
146 111 29
146 112 30
142 108 29
140 105 33
138 106 35
134 108 36
135 110 38
136 114 35
137 116 39
139 116 38
135 119 37
132 117 39
130 113 39
127 110 42
128 113 46
126 112 48
129 116 45
126 117 41
124 118 44
126 116 41
127 118 42
124 116 42
127 113 45
131 113 42
128 109 43
130 110 42
126 113 42
123 112 45
124 108 44
120 104 40
117 101 41
115 100 39
114 104 42
116 104 38
116 107 37
114 103 36
112 106 39
108 105 39
112 101 36
111 98 35
109 97 31
109 93 27
105 90 28
108 93 27
105 89 26
109 93 24
113 89 23
110 91 24
111 89 21
115 86 18
118 86 22
121 90 26
120 88 24
124 92 20
122 95 18
124 97 19
126 101 15
122 100 17
124 104 16
125 103 20
122 100 16
119 104 13
118 102 17
120 102 18
117 106 15
113 108 12
113 108 10
111 104 9
112 106 12
108 108 10
107 106 9
104 110 10
102 107 8
103 104 9
106 100 8
104 100 12
108 99 9
108 101 11
105 103 15
105 100 14
103 100 18
106 104 14
106 101 18
108 98 19
106 95 17
104 92 19
100 93 20
104 97 22
103 95 23
105 96 26
105 96 26
108 95 27
104 99 23
107 96 26
108 92 25
105 93 25
107 93 27
110 94 27
110 95 25
108 97 21
108 101 23
109 103 26
112 102 28
108 102 30
110 103 34
107 101 38
105 99 36
103 99 37
102 99 37
103 101 38
101 102 38
103 98 40
106 98 42
103 100 46
99 101 47
99 105 45
97 106 47
95 103 49
95 106 51
98 108 50
102 108 47
103 108 44
103 108 47
104 106 43
100 108 40
103 109 40
99 110 36
96 111 32
100 111 29
103 110 25
100 109 23
96 105 20
99 101 24
99 100 21
96 99 20
99 101 22
98 104 24
96 107 25
98 110 25
98 112 28
97 112 25
94 115 29
90 119 32
91 115 29
88 114 27
92 112 31
89 109 28
90 107 24
92 107 26
95 103 22
97 99 24
95 96 27
92 96 27
94 93 25
96 89 21
95 88 23
94 90 21
93 86 17
94 86 13
95 86 10
93 82 6
95 82 10
96 79 14
94 79 10
92 79 12
95 78 8
95 79 10
93 82 13
92 86 14
91 85 11
94 86 12
93 83 16
91 79 16
95 77 14
95 73 17
97 70 20
99 70 23
100 71 26
97 69 28
99 65 28
99 62 28
103 59 28
107 57 24
110 60 25
107 60 28
103 62 30
105 62 32
106 60 33
105 60 31
107 64 32
104 64 28
102 67 24
98 64 27
102 67 28
103 70 30
100 70 32
104 66 33
101 67 30
105 66 28
107 67 31
109 64 31
113 66 31
115 67 35
116 65 36
116 68 34
116 64 30
113 68 34
117 64 35
119 68 31
116 65 27
119 67 31
120 65 34
123 64 30
120 67 31
120 64 31
117 66 30
118 65 30
117 61 32
115 57 31
118 54 30
117 57 32
113 58 33
117 57 29
115 58 32
113 54 32
115 56 30
114 54 34
113 58 35
112 54 32
111 55 34
107 52 37
103 55 34
106 59 33
105 57 33
101 57 34
99 60 36
99 58 34
100 56 36
102 53 40
103 55 37
99 53 40
97 51 38
101 47 40
105 50 39
108 47 42
104 49 38
105 47 40
106 46 41
103 43 37
100 42 36
102 46 35
98 50 32
95 52 28
91 51 24
88 52 22
87 55 22
88 54 19
90 50 23
90 48 27
87 49 30
83 49 32
81 53 36
81 52 37
77 55 37
75 53 37
77 57 34
77 55 37
79 55 36
78 53 38
78 56 37
76 53 33
73 51 33
75 49 37
74 46 40
72 44 39
75 42 41
72 42 41
76 42 44
77 46 46
77 50 45
75 54 41
75 53 39
76 50 36
76 49 35
76 48 36
73 46 39
71 50 36
69 46 34
71 42 33
70 43 31
66 43 33
69 40 29
68 44 25
70 47 29
66 48 27
67 51 31
64 48 27
66 47 29
65 43 31
62 40 31
64 43 28
62 41 32
66 45 31
66 43 35
65 41 32
64 42 30
65 42 27
65 46 24
62 45 27
64 49 29
65 51 29
67 49 33
68 50 36
66 53 40
63 53 38
62 50 38
66 53 39
65 53 43
62 51 39
64 52 42
60 50 43
59 46 47
58 45 50
62 42 54
65 41 52
64 37 48
61 36 47
64 36 51
64 38 54
65 39 55
69 37 51
69 34 52
71 34 53
74 35 56
77 32 55
76 29 55
76 26 56
80 23 60
80 23 59
80 25 60
83 27 59
86 30 60
89 31 64
93 33 60
90 34 62
86 32 60
85 31 62
83 32 65
85 32 68
87 30 71
91 27 71
94 26 73
95 28 73
96 27 71
95 27 70
96 31 70
94 28 73
97 32 75
94 34 75
91 31 73
93 28 75
96 29 71
96 32 75
95 32 72
99 32 69
103 29 73
101 33 74
97 36 73
95 35 74
93 31 75
96 35 79
94 36 80
90 40 80
93 40 84
94 42 84
96 43 84
100 47 87
98 50 89
100 53 88
102 56 91
104 59 89
101 56 92
100 56 95
101 59 92
100 63 89
97 64 93
98 65 93
97 63 91
99 60 92
97 61 91
94 62 91
93 61 89
91 59 88
88 61 91
84 64 93
85 63 90
86 63 86
87 66 88
89 62 87
85 66 90
88 70 93
86 66 89
83 67 88
86 70 92
88 71 91
88 75 94
92 72 98
96 76 98
96 78 97
99 79 99
101 83 95
104 85 97
101 81 99
102 82 97
106 86 95
106 84 99
109 87 95
108 89 92
109 87 88
110 84 85
113 82 82
109 81 85
108 80 89
107 81 92
106 82 89
105 78 86
108 79 87
110 82 90
107 79 93
107 77 95
104 76 92
100 80 95
98 79 96
100 83 96
100 86 98
101 89 100
98 91 101
97 93 98
93 97 98
94 97 99
91 97 101
88 97 105
92 100 102
88 97 100
84 98 96
84 101 96
84 105 95
86 102 97
89 102 93
87 103 94
89 105 96
93 105 98
97 102 95
100 106 98
103 105 98
101 109 97
100 107 101
101 109 98
97 113 96
94 112 92
92 108 89
89 108 85
91 106 88
87 103 91
89 101 90
85 103 86
89 104 89
85 107 89
87 107 86
85 107 89
86 106 89
82 110 90
80 106 91
77 106 95
77 104 98
74 101 98
74 97 98
76 100 97
78 101 96
74 104 93
77 103 92
79 102 91
76 98 88
77 102 85
73 105 85
73 104 85
69 104 83
66 108 80
65 109 78
66 113 79
70 116 79
74 116 82
73 117 85
77 119 81
76 123 83
72 119 87
76 117 83
74 114 83
72 115 79
76 112 81
73 113 82
72 109 78
70 113 74
72 117 74
68 114 77
67 113 79
70 112 78
72 113 78
75 109 78
75 109 74
77 112 77
76 114 78
80 111 79
81 115 82
79 114 81
79 118 77
79 115 75
81 115 78
81 111 74
82 113 75
84 110 73
83 106 72
86 107 73
84 110 71
83 107 74
86 108 77
85 105 73
82 107 73
80 104 75
79 101 79
75 97 77
71 99 75
73 101 71
77 104 67
73 107 65
77 111 63
81 109 62
82 108 62
81 108 65
80 106 67
82 105 65
78 107 66
75 109 70
79 113 66
77 112 69
76 110 66
78 112 69
74 115 68
75 118 71
78 120 74
80 122 78
78 125 80
78 126 76
81 129 77
78 131 80
82 132 80
84 136 77
84 139 78
86 143 78
88 143 79
86 146 81
84 145 81
85 144 81
89 141 85
85 138 82
85 142 81
84 142 80
88 146 80
92 148 80
91 149 80
87 149 79
89 151 80
91 152 77
95 155 77
97 157 81
101 160 77
100 164 78
104 161 79
103 159 81
102 155 77
103 152 80
99 156 79
99 154 75
96 156 73
97 152 70
96 148 72
98 150 69
101 149 72
100 145 75
99 149 73
102 147 77
100 146 79
102 150 80
105 153 79
104 152 83
107 150 84
103 153 85
99 155 81
96 153 83
98 149 86
98 152 84
102 150 86
105 146 82
104 143 79
100 144 79
101 148 80
104 152 76
103 154 74
104 154 78
105 157 82
101 159 85
103 158 87
102 156 83
103 152 83
101 153 85
98 154 82
95 150 85
91 149 83
91 153 85
92 156 81
91 158 84
91 160 83
89 157 86
92 161 87
95 162 83
92 164 83
93 166 81
91 164 85
94 168 81
96 168 78
93 171 75
90 173 76
88 171 76
87 168 73
86 165 70
86 163 74
84 167 70
83 169 74
87 166 73
86 170 71
88 168 68
91 167 68
95 168 72
95 165 75
99 168 74
97 169 71
96 166 69
98 162 69
102 163 73
105 159 72
105 160 73
102 162 77
105 162 74
106 163 72
110 166 74
110 164 77
110 160 78
110 160 76
108 157 77
111 153 79
107 155 75
106 158 71
105 158 72
102 154 73
103 156 77
104 158 81
108 157 78
112 160 78
109 157 77
111 161 76
110 162 73
114 166 76
114 162 78
110 161 79
110 164 76
108 164 72
107 162 72
105 161 75
101 164 73
97 166 76
96 167 78
98 165 80
94 164 77
98 160 80
94 162 84
92 166 81
89 163 83
93 164 80
94 162 80
96 164 83
96 163 84
93 160 83
94 156 84
90 157 83
93 153 87
92 155 85
90 159 85
93 158 86
93 160 85
89 164 89
92 164 91
92 166 92
88 164 94
89 166 91
93 169 92
93 167 92
94 171 96
93 173 97
94 173 93
93 172 94
97 170 97
93 170 100
94 170 102
91 168 99
89 169 101
91 165 102
91 167 102
94 166 103
95 164 99
99 165 97
99 169 95
97 173 92
101 171 90
97 172 86
93 169 89
91 173 93
93 171 97
89 167 97
85 169 96
84 173 96
85 176 99
87 179 96
91 182 95
93 183 92
96 186 90
99 186 88
98 186 86
101 186 82
100 190 84
99 191 82
102 195 80
100 191 80
101 187 78
99 189 79
100 188 76
99 186 77
96 186 79
92 190 79
94 193 83
92 195 84
96 192 87
94 191 84
93 189 86
89 193 90
91 192 94
87 195 91
89 192 91
89 190 92
92 192 88
96 195 89
95 197 88
97 199 92
98 201 90
102 204 94
105 206 96
106 207 92
103 205 89
104 209 91
101 211 89
103 215 87
99 215 85
99 213 81
103 209 79
104 212 77
107 210 80
111 214 78
109 211 77
112 213 80
114 216 84
117 215 82
118 218 79
118 219 82
120 216 86
122 219 84
122 216 81
119 218 84
117 214 83
114 212 81
115 216 85
118 220 81
116 223 82
117 221 80
121 225 77
120 225 81
119 228 83
116 227 80
116 228 78
112 225 77
116 225 73
120 221 76
120 223 76
120 225 78
117 228 75
119 232 79
121 228 82
122 229 81
123 232 78
127 234 79
128 238 83
127 239 81
124 243 81
125 245 85
122 246 88
125 242 85
127 239 83
125 237 84
123 239 83
125 237 83
127 239 83
130 239 87
133 240 88
136 237 88
136 241 87
139 237 89
141 236 88
142 239 86
139 235 87
142 238 85
140 242 88
138 245 91
142 244 88
142 241 88
142 242 88
146 245 88
145 243 86
145 247 87
149 243 89
146 244 87
144 245 86
141 248 83
144 246 86
146 244 84
147 244 87
148 248 84
152 244 81
153 247 85
156 244 86
155 241 83
155 244 87
151 246 88
150 246 90
152 245 88
152 245 90
152 249 92
155 249 88
159 252 85
159 252 82
159 255 85
158 252 82
158 256 79
154 252 75
150 252 74
149 249 73
147 246 70
147 242 72
146 241 75
149 242 78
146 244 82
147 241 78
147 238 77
150 239 77
149 236 75
150 238 77
148 237 75
148 236 77
150 240 79
153 237 83
153 241 81
157 244 80
160 246 78
161 247 74
158 248 78
158 246 82
155 245 78
153 249 74
149 253 72
147 253 70
144 253 71
146 253 74
144 253 76
148 255 79
149 256 77
148 252 77
147 253 81
144 249 85
145 251 87
145 254 87
148 254 89
147 254 89
148 251 93
144 247 92
142 245 94
144 244 91
146 245 91
143 248 90
146 245 93
149 246 97
150 243 100
149 241 96
146 238 96
148 239 99
147 240 103
151 239 102
149 235 101
150 239 98
152 242 97
155 238 93
151 234 95
154 232 94
158 228 92
160 232 92
157 232 89
156 230 90
156 228 87
154 230 85
151 227 84
149 228 88
149 224 89
148 228 90
152 225 94
153 222 91
149 225 94
147 227 91
148 225 90
146 228 90
145 226 88
141 223 91
143 220 87
146 216 83
143 220 79
147 216 76
144 215 78
142 215 80
138 218 77
137 222 81
137 219 84
138 215 80
135 218 83
136 216 82
132 220 79
128 221 80
124 220 78
121 223 75
123 222 78
122 222 80
118 226 78
120 228 76
122 230 78
118 232 75
118 228 73
120 229 73
122 229 71
124 230 73
120 228 75
119 229 74
120 227 76
117 227 79
121 223 79
122 225 81
124 229 79
124 227 75
121 227 78
124 225 80
120 223 79
119 219 75
121 217 77
125 217 76
126 219 80
125 217 79
122 217 76
124 214 73
122 215 77
121 217 77
117 215 81
121 216 78
120 216 74
119 218 71
118 218 72
121 214 71
119 216 71
119 213 68
120 213 70
119 217 69
120 213 67
122 217 68
121 213 64
125 215 65
125 219 69
121 218 70
125 222 74
124 225 74
120 221 78
119 219 77
118 222 73
114 226 73
112 229 69
109 232 72
105 234 74
109 233 74
106 232 74
109 234 75
108 231 71
108 233 68
109 235 64
106 235 62
107 235 61
103 238 64
100 242 60
98 240 56
98 238 53
98 236 55
97 236 54
93 233 52
91 236 52
90 240 55
90 239 57
94 237 58
96 233 58
94 235 55
90 239 58
86 237 61
85 240 60
89 242 62
85 243 66
82 244 64
85 241 60
81 240 60
82 242 56
85 242 57
84 243 53
80 247 53
77 251 53
80 248 57
79 244 56
79 248 53
77 245 52
80 241 49
80 243 53
83 239 51
81 236 55
84 234 56
81 234 56
83 238 57
86 241 58
85 243 57
85 247 59
87 248 62
91 248 60
90 245 58
89 248 56
87 250 54
85 251 50
86 252 49
87 251 51
89 250 52
90 254 50
88 258 53
84 256 52
80 255 54
77 255 55
74 259 55
77 256 52
79 256 56
83 252 60
84 256 64
84 257 61
86 257 63
90 260 64
87 256 68
86 259 71
87 255 71
91 256 69
92 257 68
92 260 68
95 258 69
92 257 67
92 255 69
90 256 73
88 259 71
88 261 72
88 265 76
87 263 77
89 266 77
86 267 80
87 268 76
85 268 74
85 268 77
86 272 75
83 270 79
81 266 78
80 267 75
83 264 78
87 265 76
85 261 73
88 263 73
89 263 74
92 265 78
88 262 80
86 262 78
83 258 75
86 259 72
85 257 68
84 254 71
85 258 74
87 262 76
84 259 74
81 263 72
80 265 75
78 261 78
79 264 78
80 265 76
83 263 74
81 259 72
81 261 74
85 264 70
82 267 70
86 267 72
90 266 73
93 264 73
93 263 77
97 263 76
97 260 75
95 264 72
99 264 76
97 268 73
95 269 76
99 269 76
101 266 72
101 265 75
102 267 71
99 265 74
102 269 71
102 272 73
102 272 73
100 272 76
99 276 75
96 275 72
100 272 70
104 274 73
100 274 77
102 275 80
103 277 83
102 275 82
106 278 83
104 274 86
100 271 90
97 269 88
99 268 84
96 269 82
100 266 83
98 262 83
97 261 82
101 257 78
105 261 82
105 261 78
105 263 75
108 260 72
105 259 70
109 255 72
108 251 68
109 251 71
112 250 74
116 251 71
114 249 70
113 247 72
111 247 69
107 246 72
107 247 68
104 246 72
103 247 70
103 250 68
100 252 71
100 256 75
99 253 74
95 257 73
94 258 74
91 256 73
92 256 72
94 258 76
91 262 72
89 264 70
87 263 69
90 263 73
91 266 75
88 262 75
87 262 71
85 263 72
82 264 69
84 265 73
84 264 75
83 261 76
82 265 80
82 262 82
81 266 79
79 263 82
75 263 79
71 266 78
75 267 81
72 271 78
76 269 80
76 267 82
78 271 86
75 271 84
71 271 82
75 274 78
75 277 77
76 281 81
78 279 84
80 279 82
77 276 78
81 272 74
84 274 72
81 270 74
82 272 71
86 271 70
82 271 72
83 275 68
80 274 66
78 271 67
78 270 70
78 273 70
79 275 74
79 271 72
77 269 76
81 270 79
80 269 80
76 265 81
75 267 84
73 268 82
76 270 78
79 272 76
79 274 80
76 275 79
75 277 79
71 280 76
73 278 75
76 277 78
76 279 74
73 275 70
75 275 68
79 274 69
79 277 68
79 279 67
78 283 66
77 286 70
77 284 70
73 286 67
70 282 64
74 284 66
77 286 63
81 288 66
79 288 64
80 291 68
83 288 68
82 288 71
83 288 74
79 284 71
83 280 70
83 279 73
85 283 69
88 284 68
86 282 71
82 284 70
78 287 72
82 287 72
81 286 70
79 285 73
83 285 77
86 282 74
89 285 71
93 288 68
92 286 66
89 288 65
86 285 67
89 282 68
91 283 64
88 280 68
91 282 69
93 284 65
91 287 64
92 286 66
96 283 64
92 279 64
96 281 60
99 282 63
96 282 64
92 285 63
95 281 66
97 280 69
98 279 65
94 282 69
93 278 68
95 281 65
98 280 67
100 276 70
103 277 66
103 279 65
100 277 67
96 274 63
97 270 61
100 272 62
100 269 62
99 268 65
97 272 61
101 276 64
105 280 64
107 276 65
103 274 65
99 278 65
101 278 67
97 278 64
99 281 66
103 280 67
101 284 64
105 285 66
102 282 68
99 285 67
97 285 70
97 282 69
93 284 70
94 285 66
95 284 66
95 284 64
92 280 62
95 277 58
95 279 55
99 279 59
102 278 59
101 280 60
98 281 59
99 285 61
95 286 62
94 290 63
98 287 64
97 286 67
100 289 63
97 290 59
97 292 56
97 294 54
101 297 56
101 298 53
105 297 54
107 294 55
110 295 58
113 295 61
109 292 58
106 291 57
109 292 58
106 292 56
104 296 55
108 292 56
108 292 59
108 289 56
107 293 59
107 294 61
111 290 58
108 286 57
107 288 60
107 286 59
108 282 56
105 283 58
103 282 60
101 280 58
102 280 55
103 280 52
107 278 50
104 275 51
104 276 50
107 275 52
109 276 53
108 280 54
111 282 58
108 278 56
109 278 54
110 280 57
106 284 61
105 287 61
107 286 61
104 284 58
106 287 54
107 288 50
110 286 53
112 283 54
110 282 55
113 280 58
110 281 57
113 279 53
109 275 52
113 278 55
114 277 53
116 279 50
114 281 46
111 284 46
108 285 44
106 284 42
103 285 45
99 288 45
97 286 47
96 290 43
95 287 40
94 290 36
90 286 36
87 287 32
86 283 31
82 285 35
78 283 38
75 280 42
74 278 46
78 278 43
75 281 39
77 283 43
74 279 47
75 283 50
77 280 53
79 282 56
75 281 53
78 279 55
75 275 56
74 271 55
73 267 53
71 265 50
74 264 54
77 263 53
78 262 49
74 259 47
70 255 45
70 257 41
66 253 45
65 253 44
69 255 48
72 258 44
69 260 46
70 264 42
70 268 44
71 271 46
74 275 45
77 271 44
78 270 46
77 268 50
78 271 47
74 274 51
75 278 48
72 278 44
71 281 42
72 278 44
74 277 45
75 281 44
73 283 40
73 286 42
71 282 39
71 281 43
68 277 47
68 276 49
67 275 46
66 275 47
69 276 43
73 279 39
76 283 37
73 287 37
69 289 38
65 291 34
69 293 37
66 293 39
68 294 37
68 293 35
64 293 38
67 297 34
64 301 35
64 303 37
62 302 39
59 301 36
59 300 35
55 300 39
57 298 43
60 301 44
61 300 41
65 298 45
63 294 47
59 292 48
55 296 49
59 300 48
63 296 45
66 296 44
65 293 41
62 297 45
60 293 47
61 290 51
65 294 54
65 294 54
69 298 53
66 298 54
62 298 56
60 301 54
60 304 51
57 308 55
60 310 52
63 309 51
59 309 54
57 305 50
57 302 47
59 298 48
57 298 48
53 299 50
54 296 53
52 297 56
55 300 54
53 301 51
50 302 54
53 301 55
54 304 51
50 307 51
49 309 48
48 310 51
50 310 49
53 309 48
53 311 47
50 309 45
47 306 49
47 306 50
44 310 49
44 314 45
44 310 42
48 311 44
52 310 40
52 307 42
48 309 39
45 309 35
47 308 33
49 311 32
48 313 35
48 309 32
49 312 35
45 312 31
41 314 27
43 313 29
46 312 25
45 310 28
42 311 31
42 311 33
38 313 30
35 309 34
32 306 38
34 304 39
38 304 38
35 308 42
33 309 41
33 310 42
29 307 45
25 303 44
25 300 40
22 304 39
18 303 37
17 301 35
18 299 35
22 295 33
23 297 30
19 298 34
20 299 34
17 303 34
18 307 38
19 303 36
18 305 40
18 304 36
19 305 37
16 308 40
20 306 42
16 307 42
15 308 41
16 308 45
20 305 44
18 303 42
20 301 44
22 300 47
18 296 50
15 293 54
13 289 51
14 291 48
15 290 48
19 286 46
16 284 48
18 280 52
17 280 49
13 280 51
11 283 55
14 285 52
12 285 50
8 284 47
4 285 49
5 283 50
6 280 54
4 279 58
0 280 60
2 282 61
4 279 57
2 278 60
6 282 61
4 279 57
3 281 59
0 283 60
2 286 61
5 285 62
2 281 58
6 279 57
7 282 55
6 280 51
5 276 49
7 272 45
7 270 48
6 273 44
10 275 46
13 279 49
13 276 46
11 280 47
14 281 50
11 281 54
14 282 54
18 280 58
22 281 56
23 285 53
23 281 56
20 278 54
22 275 58
18 275 54
14 275 51
12 277 54
10 278 56
9 277 58
11 280 62
9 280 58
6 280 59
10 278 55
13 274 57
11 277 54
13 274 54
14 274 52
14 275 49
16 271 53
17 274 57
13 278 60
13 274 60
9 277 58
9 274 61
13 271 64
9 269 61
12 266 60
11 263 60
7 261 62
7 261 60
7 263 62
6 261 64
8 262 62
4 262 62
6 265 62
5 266 65
2 269 68
2 266 69
2 270 68
5 271 72
8 272 76
5 271 74
8 270 74
10 269 73
12 272 70
16 276 73
20 275 73
19 276 71
18 275 71
22 276 68
22 273 72
18 271 74
21 267 71
19 263 71
18 260 71
15 260 72
11 257 74
13 259 74
14 258 73
12 256 69
10 252 72
7 256 72
9 252 72
10 255 75
12 252 78
11 249 79
11 251 82
15 252 79
15 255 78
19 257 77
22 257 79
18 257 78
15 260 82
11 258 86
11 258 84
10 256 87
7 252 87
10 250 83
11 251 85
13 248 82
12 245 80
13 249 77
12 245 78
16 241 82
14 243 82
11 239 86
8 238 84
9 236 83
13 234 84
13 235 81
10 235 81
10 239 80
11 239 83
11 235 79
9 232 75
5 229 75
4 227 76
0 225 76
2 223 80
0 219 79
2 222 81
0 220 77
0 223 76
2 225 72
5 223 71
4 222 69
4 222 72
2 222 73
0 224 73
4 222 69
2 225 73
3 228 69
0 226 66
2 225 67
2 228 71
6 228 70
10 225 68
14 221 71
14 220 72
13 222 72
14 220 75
15 220 72
12 222 68
9 223 66
8 226 69
8 224 73
4 227 72
2 224 76
6 225 79
6 224 79
10 227 77
8 230 80
10 229 77
10 227 76
12 230 79
14 232 78
18 230 74
15 230 70
15 234 70
14 230 66
12 231 68
11 229 64
8 226 65
11 229 63
9 231 59
12 235 57
12 237 59
8 240 55
7 242 52
8 243 54
11 243 54
14 243 56
12 242 56
13 241 56
16 242 56
19 245 55
15 249 54
15 253 58
11 257 57
15 255 56
13 253 55
17 254 54
19 250 52
20 254 54
20 258 55
17 260 58
13 264 58
12 260 55
11 258 57
13 258 60
17 254 57
17 251 58
18 254 61
18 256 62
15 260 59
19 256 56
23 260 60
26 263 59
24 267 57
21 263 56
23 265 57
27 266 53
29 262 57
28 262 59
27 258 61
27 262 62
23 263 60
22 262 59
21 266 62
17 266 59
16 263 62
15 264 64
11 262 68
7 263 65
11 267 62
8 263 62
9 261 60
6 262 56
5 263 55
5 264 57
8 264 53
11 261 50
11 264 49
11 264 48
15 268 47
11 269 49
12 269 51
11 271 48
8 271 50
9 268 53
9 270 56
13 273 59
13 276 63
17 275 59
13 273 63
13 270 64
10 271 62
11 267 62
10 271 58
12 275 61
13 276 63
11 278 63
15 281 65
12 284 64
12 284 60
16 285 57
16 281 53
13 285 50
16 287 51
20 287 47
20 289 43
16 293 40
17 297 41
13 300 40
10 300 40
11 298 37
10 298 40
14 298 42
18 300 39
14 300 35
18 297 39
17 301 35
15 302 32
13 301 29
14 299 27
12 300 27
8 296 27
6 293 28
8 293 25
4 289 29
7 291 25
6 287 24
6 287 25
3 285 29
2 282 30
2 282 30
0 285 34
3 284 33
0 287 36
3 289 36
2 285 37
0 283 34
2 279 35
1 281 39
5 283 37
5 280 34
5 276 34
2 274 37
4 272 38
2 270 40
2 271 40
0 274 40
2 271 42
0 275 38
2 272 36
2 270 37
2 266 40
2 264 36
2 266 37
3 265 40
0 269 42
3 273 38
7 277 36
9 278 36
12 282 40
10 281 36
11 281 35
13 280 35
14 277 33
13 280 31
9 276 27
5 278 23
4 278 23
6 282 22
3 284 23
6 282 22
5 286 26
3 282 24
4 279 21
3 283 24
2 283 24
6 283 20
7 286 24
9 283 27
7 280 26
8 276 24
11 276 27
14 274 30
13 272 34
13 271 32
16 275 28
17 276 24
20 272 26
20 269 25
24 269 29
20 273 25
19 269 27
23 271 26
24 273 29
23 273 33
22 276 33
23 280 31
19 282 33
20 278 31
22 279 33
26 275 35
26 278 36
22 278 39
23 282 42
25 282 42
28 283 43
32 285 41
32 282 45
35 286 46
34 286 43
31 286 41
34 288 40
36 286 41
33 288 39
36 289 36
37 289 38
38 288 38
38 285 38
42 285 41
43 289 42
46 287 40
44 285 44
46 289 42
46 286 43
43 286 42
44 286 46
42 288 43
46 288 47
43 287 44
40 285 43
40 284 39
41 285 43
37 281 47
36 277 43
40 274 39
41 275 36
37 275 37
38 274 38
41 272 39
40 273 40
40 270 41
40 273 44
36 274 48
38 273 51
35 276 49
39 274 48
43 272 51
47 275 47
49 273 43
49 271 42
50 271 40
54 268 43
57 264 45
54 263 41
50 261 43
53 262 43
50 265 47
52 263 44
50 261 46
54 259 47
51 257 48
54 256 48
57 256 49
60 258 50
57 256 52
55 256 55
53 259 51
55 258 49
56 256 46
56 260 42
53 257 46
55 260 42
53 259 39
55 259 40
59 258 37
62 259 39
63 255 35
60 253 31
62 255 34
66 257 36
66 253 39
69 257 41
66 259 39
70 259 43
71 262 43
67 265 43
68 269 45
69 267 45
65 271 43
63 270 39
65 272 39
67 270 37
67 274 33
63 273 32
60 270 36
62 269 39
63 269 37
62 270 40
62 266 44
63 264 48
64 262 50
68 261 51
67 260 47
63 261 49
60 261 51
58 264 53
61 268 54
63 264 55
65 267 51
66 266 47
63 264 48
62 261 45
64 265 48
60 263 47
64 261 44
65 260 40
64 258 40
68 260 44
64 262 46
60 258 47
60 255 43
62 251 44
60 247 40
60 251 40
60 255 37
63 254 37
66 256 33
67 257 29
63 260 30
60 264 30
60 268 31
63 265 34
64 262 32
62 266 35
64 268 33
63 266 29
67 267 29
63 271 25
60 274 25
61 274 21
60 274 18
61 274 15
57 271 11
53 275 10
54 276 11
50 272 11
52 273 9
56 269 10
55 272 6
51 268 6
49 266 4
45 267 4
48 271 3
48 272 5
52 270 4
52 269 8
53 271 6
54 275 4
55 279 6
59 275 5
55 272 9
54 269 5
52 273 1
52 273 2
50 275 2
48 279 2
46 280 2
46 283 5
43 283 7
46 279 11
49 276 11
53 277 11
56 275 8
52 279 5
51 275 3
49 279 0
46 276 2
50 276 3
49 276 1
53 274 2
57 273 2
57 270 4
55 269 8
58 267 10
58 270 10
59 270 14
59 271 12
58 272 12
55 271 10
51 271 8
54 269 8
56 266 9
57 262 8
56 258 11
57 259 15
57 256 15
54 259 15
56 256 12
59 252 16
60 250 16
64 252 18
66 249 21
69 248 24
68 250 28
66 254 28
69 256 28
70 254 32
68 258 35
71 255 38
74 255 42
72 254 42
73 254 41
73 253 43
76 256 41
73 258 40
70 258 40
73 259 38
72 263 42
68 259 41
67 261 43
65 263 44
66 261 42
62 262 46
60 261 48
63 261 52
63 259 48
61 262 47
61 262 50
63 261 46
59 258 46
58 254 46
56 252 49
59 250 47
56 248 50
59 245 52
61 243 52
62 242 48
60 238 44
57 234 43
60 236 41
62 232 44
63 235 45
65 234 46
61 234 47
61 237 44
64 240 46
63 239 49
65 242 48
62 244 50
64 247 48
68 247 45
67 246 43
65 242 45
64 244 47
66 240 44
68 238 41
69 237 41
68 239 41
71 237 38
69 239 39
69 240 40
73 242 39
75 238 42
71 238 45
69 238 41
66 242 38
67 238 38
70 238 39
74 238 42
71 239 38
71 241 41
69 243 39
67 239 41
63 238 40
62 239 37
66 241 35
66 239 36
63 241 39
62 242 35
59 246 33
63 243 29
67 245 27
67 248 31
66 248 29
64 251 30
68 252 27
67 253 29
71 253 30
73 254 33
75 251 36
76 252 37
80 251 33
84 255 36
83 253 36
80 252 36
83 256 40
79 259 42
79 259 40
80 255 42
80 259 40
84 259 38
82 255 38
79 256 41
80 257 45
76 260 41
77 256 39
80 252 38
77 249 40
74 248 39
70 246 42
68 250 43
70 252 47
70 255 46
74 257 45
71 261 46
70 264 48
71 265 47
74 267 44
70 271 40
68 270 40
69 270 37
69 267 39
68 271 42
68 268 44
68 266 42
65 264 43
67 260 45
64 260 44
67 263 40
68 259 38
66 258 37
70 254 37
68 250 33
64 250 32
60 250 31
58 246 34
58 247 31
59 246 30
63 248 29
66 245 32
66 241 34
66 242 30
70 238 34
73 240 35
76 239 35
78 236 31
78 239 30
79 240 33
79 242 36
77 242 40
81 238 44
79 236 42
78 233 43
76 229 39
74 228 38
73 231 41
71 235 43
74 231 40
71 229 41
69 229 37
65 226 37
63 224 39
60 221 38
60 225 39
56 227 36
60 228 33
61 228 29
65 225 28
68 222 32
72 219 33
75 222 33
71 224 31
67 222 28
64 219 27
67 219 30
67 221 30
66 221 28
67 218 27
71 219 31
72 217 28
72 214 25
68 216 29
64 216 29
63 215 25
61 215 22
63 213 21
59 211 18
58 215 20
56 219 17
60 219 13
58 223 15
60 221 11
58 225 7
54 226 10
57 230 7
54 227 10
53 228 8
49 232 11
51 229 14
54 230 13
54 230 13
51 226 10
50 230 11
48 234 13
48 238 16
47 238 20
51 236 17
53 238 20
55 236 16
53 236 17
57 234 15
55 232 16
52 231 14
51 231 18
52 235 22
55 238 26
57 242 29
54 238 27
53 235 24
55 232 25
57 233 25
60 232 27
64 235 29
67 234 29
65 232 32
62 233 28
65 231 31
68 231 29
69 227 32
66 228 30
68 227 33
72 225 35
71 221 33
74 221 35
70 220 34
67 219 36
68 215 34
65 211 37
62 210 36
65 207 38
69 211 34
67 210 35
64 209 38
67 209 37
66 206 36
70 210 33
71 206 31
75 204 29
78 204 33
75 206 32
77 207 32
80 207 28
82 211 30
83 212 34
83 208 30
87 209 33
90 212 33
90 210 34
92 207 35
88 210 36
86 214 37
86 213 41
86 215 40
86 212 39
86 216 42
86 212 40
82 210 42
83 212 44
81 213 42
79 214 44
83 214 42
82 212 43
82 210 39
83 212 36
82 210 35
79 214 35
82 210 38
86 214 40
86 215 39
84 217 39
87 217 37
88 219 40
84 218 42
87 219 43
91 217 41
90 219 44
89 222 44
88 221 40
86 224 40
86 228 40
83 230 39
86 229 40
88 232 36
90 236 32
89 234 33
90 238 34
94 235 31
98 236 35
98 235 34
101 234 37
97 237 39
99 233 40
97 237 42
101 240 44
103 242 43
100 240 41
104 239 42
104 236 39
104 240 39
104 242 35
105 245 34
108 244 36
106 244 39
105 244 35
103 240 32
103 244 35
104 246 32
107 250 29
110 250 33
109 250 33
111 249 31
110 253 28
112 249 26
116 252 30
120 248 29
121 246 31
117 244 33
113 245 31
113 248 33
112 247 35
110 251 36
109 248 39
105 252 43
104 256 44
108 257 47
112 254 43
108 250 46
110 248 42
113 247 38
109 245 34
109 249 31
111 252 32
112 249 33
108 250 37
107 253 36
103 252 36
99 251 32
100 250 32
97 253 34
94 251 32
96 253 31
95 253 33
91 257 32
92 255 34
89 254 30
87 252 26
88 248 27
88 246 25
92 243 22
94 247 23
98 244 23
97 241 24
95 244 26
96 247 30
93 244 29
92 242 33
92 244 37
89 243 41
88 243 42
90 242 40
89 239 38
85 235 38
89 234 37
87 234 41
90 238 44
90 240 42
91 237 46
92 237 47
91 233 49
92 231 53
93 231 55
91 228 59
91 225 55
88 221 53
85 223 52
88 222 53
85 220 49
85 219 47
81 219 50
82 216 48
83 217 46
80 219 48
78 217 49
78 218 46
74 219 44
72 222 44
69 223 44
73 224 47
75 228 51
74 228 54
71 231 53
68 232 57
64 236 54
65 233 54
62 236 54
66 234 52
64 236 51
66 234 47
66 236 50
67 233 46
65 234 46
63 238 48
65 239 49
61 241 49
57 242 48
59 239 45
57 238 47
56 234 50
58 231 54
62 234 50
61 236 54
57 235 51
55 238 50
57 237 47
59 240 44
61 241 43
64 240 41
62 244 43
61 245 42
57 248 39
53 249 42
56 251 41
52 255 43
51 253 47
52 257 49
50 257 46
47 255 47
50 258 43
46 257 42
42 260 43
40 262 39
37 258 37
34 255 41
38 255 45
37 256 47
37 256 48
37 255 44
35 251 46
37 248 42
36 246 41
35 244 39
32 244 38
29 242 39
30 242 40
27 242 40
26 243 39
28 240 36
25 239 36
29 236 34
25 235 32
26 234 31
24 234 30
20 230 30
20 227 28
22 229 25
19 233 24
18 229 27
15 225 27
13 222 26
10 222 22
13 218 18
11 218 18
7 220 16
9 217 20
12 217 20
15 213 17
15 210 14
14 207 13
10 208 12
11 209 11
13 211 14
16 207 11
