35 51 48
35 50 44
38 50 42
37 54 44
35 51 43
36 50 44
37 50 47
38 46 50
41 47 53
39 45 56
38 48 56
42 46 56
43 43 55
39 41 54
39 45 55
42 46 51
42 45 52
42 44 54
44 42 51
46 46 52
42 50 56
43 50 59
41 53 59
39 57 62
36 57 63
37 54 59
39 52 62
36 56 62
33 58 63
36 56 67
33 57 68
33 60 68
34 62 64
30 64 62
27 68 64
31 65 64
32 61 62
32 65 62
36 68 61
39 69 65
40 72 68
39 71 68
39 70 65
43 74 63
46 73 65
43 71 67
44 72 68
40 75 72
36 78 70
37 78 73
38 76 71
41 75 75
44 76 73
46 72 71
43 68 68
39 70 67
43 68 68
40 72 67
43 74 63
43 70 62
40 70 59
38 71 63
37 71 62
40 68 62
40 65 58
38 68 54
39 71 54
39 68 54
39 67 58
40 68 59
42 64 61
46 61 58
44 58 57
44 60 56
47 60 52
43 59 55
40 58 58
38 62 57
37 62 54
34 64 51
30 64 49
29 64 47
33 60 51
36 63 52
36 61 48
32 59 50
34 58 47
38 58 46
42 62 50
39 59 51
42 59 54
42 55 53
38 54 51
39 54 50
39 50 50
36 52 49
40 54 46
38 53 47
42 51 43
46 54 41
49 51 37
48 49 36
44 52 36
44 48 32
44 48 34
46 47 34
50 50 32
52 49 31
53 45 27
53 45 30
51 43 28
52 43 31
55 44 32
58 45 36
57 42 39
58 40 40
60 38 43
62 37 43
62 37 45
60 37 43
64 36 44
66 40 43
67 36 40
65 33 40
69 31 44
70 28 44
67 24 44
63 28 43
65 26 40
65 25 42
69 21 43
73 18 46
72 19 50
74 17 46
75 19 48
73 16 47
74 16 43
77 14 41
76 12 42
73 9 45
74 9 48
73 12 47
74 14 44
77 16 47
78 15 46
74 13 46
75 11 43
74 14 40
74 16 38
72 19 39
68 20 43
72 20 47
76 17 43
75 19 41
71 15 43
75 18 45
73 21 44
71 25 46
67 25 47
70 24 45
68 22 45
67 18 44
66 21 44
70 19 42
70 17 41
73 19 43
73 21 45
77 21 47
81 20 50
84 22 52
81 24 53
78 27 54
74 23 55
74 19 53
77 17 52
75 19 51
73 18 53
73 16 57
73 14 60
72 14 56
68 16 52
71 19 49
68 15 51
69 18 48
67 20 48
63 24 47
67 25 48
63 21 45
61 20 44
64 23 46
62 27 44
66 26 40
67 28 41
66 32 43
62 34 42
59 38 42
63 39 44
65 41 48
65 40 46
68 37 42
67 35 41
68 33 39
65 29 37
66 27 34
62 27 33
58 26 33
56 27 29
59 25 25
55 23 28
55 26 32
57 26 31
61 24 35
59 23 34
63 22 34
61 18 32
64 22 34
60 19 34
63 17 34
62 15 32
61 19 28
57 20 32
57 18 29
56 16 31
57 17 34
59 19 36
62 20 34
61 21 37
61 21 33
60 18 33
61 17 36
63 15 37
67 16 40
69 18 44
72 19 41
74 23 40
76 25 38
77 21 38
77 25 36
77 24 38
80 22 35
77 21 39
78 22 43
77 20 40
81 23 43
79 22 42
76 19 41
74 19 43
76 20 41
74 22 38
77 20 42
73 16 39
72 19 39
71 16 37
69 16 36
72 18 37
71 20 34
71 22 36
74 26 33
75 22 29
75 18 26
71 16 22
74 18 22
76 14 25
79 12 24
81 11 20
78 9 16
80 10 19
81 12 19
85 11 15
83 9 18
83 7 20
80 4 18
83 6 21
85 9 23
81 7 22
78 10 26
82 11 26
83 10 27
80 14 29
78 12 29
77 8 32
75 4 32
79 1 33
75 2 31
77 4 32
73 1 34
69 3 33
73 2 37
70 2 40
72 3 44
68 0 44
66 2 44
70 4 45
70 3 43
69 2 40
73 2 38
69 5 39
68 6 43
64 6 39
61 9 43
63 6 39
64 2 41
68 1 43
67 3 39
65 5 40
61 3 39
63 4 36
67 8 33
64 5 35
60 2 33
56 2 34
54 6 33
55 5 33
56 3 31
56 4 35
60 7 39
58 8 42
56 4 43
53 0 39
56 2 36
56 2 33
54 1 36
57 2 38
53 6 41
55 10 43
51 13 44
52 12 41
55 12 44
56 11 48
59 7 51
63 5 49
63 4 46
66 3 46
70 5 47
72 8 47
69 8 51
71 4 51
75 6 48
79 3 44
81 2 47
84 1 44
82 2 42
86 4 43
82 7 40
80 4 36
77 8 35
76 8 38
80 11 35
82 14 34
82 17 33
85 17 31
86 13 32
84 14 33
85 18 30
87 15 32
85 17 34
88 14 34
87 13 35
83 12 38
80 14 38
82 16 36
85 15 34
82 18 35
80 17 35
82 20 34
81 17 38
84 20 34
86 20 35
84 16 37
84 18 38
87 16 36
91 14 35
88 16 37
87 13 41
89 15 43
87 15 46
84 14 43
82 18 40
82 22 36
86 26 40
87 28 43
91 29 43
88 26 47
90 26 46
94 23 46
97 22 46
96 18 49
100 18 46
103 17 46
99 17 43
97 17 47
101 21 48
101 22 46
100 22 49
104 18 53
108 17 56
105 15 59
102 11 56
98 14 55
101 14 56
98 11 59
101 11 63
99 10 67
102 7 64
101 3 63
101 2 67
102 1 70
99 2 72
102 1 71
100 2 70
99 5 73
97 1 74
100 2 73
103 2 76
99 2 76
97 2 74
101 2 73
104 0 77
102 4 81
105 2 80
105 0 83
106 0 86
106 4 87
106 1 88
103 2 92
99 5 90
103 8 92
105 5 95
103 2 99
103 3 96
107 2 99
106 3 102
108 1 98
108 2 96
108 5 93
105 2 96
105 2 94
104 0 96
103 2 99
106 5 99
103 5 103
106 7 100
108 8 103
104 7 107
100 11 105
104 8 105
104 9 107
107 11 106
105 15 102
106 16 103
103 12 104
106 14 101
107 14 105
110 13 107
109 16 103
108 13 107
110 13 107
112 14 111
108 12 108
106 11 106
109 7 106
113 11 107
109 10 105
107 14 107
107 13 104
103 9 102
107 10 104
110 13 103
114 9 99
115 8 100
114 8 97
118 6 98
114 3 95
110 0 98
108 2 97
112 0 94
111 2 98
110 3 101
109 4 105
108 1 104
107 2 100
109 4 101
106 4 102
106 5 102
108 7 100
109 3 99
106 4 99
103 6 102
104 8 105
101 6 108
102 9 104
101 13 102
99 11 98
103 11 95
103 13 97
99 15 98
99 16 99
101 17 95
97 13 97
97 17 96
95 20 94
99 21 92
101 18 88
101 22 87
104 26 89
101 24 86
98 21 89
95 25 87
99 24 84
95 27 84
94 24 83
93 26 87
95 23 91
93 22 94
97 20 92
94 19 88
96 17 89
100 21 89
99 24 86
100 26 83
98 29 80
95 31 76
97 35 78
96 39 75
99 43 71
100 42 74
100 44 71
101 44 67
97 44 64
97 48 68
94 49 68
90 49 68
93 50 71
96 46 71
99 49 70
98 53 67
101 57 70
97 57 66
99 58 65
98 60 64
100 62 68
103 60 70
103 58 70
107 61 73
105 61 77
106 62 77
106 60 75
109 56 75
107 59 76
108 61 80
107 57 80
106 56 77
110 57 81
109 53 78
111 57 81
115 56 84
115 59 80
115 57 82
114 53 85
111 52 87
112 54 90
115 52 86
118 54 87
119 56 90
118 60 92
122 59 94
125 55 94
125 59 90
122 55 88
118 54 84
121 51 82
117 47 79
119 50 81
121 47 85
123 50 85
119 48 87
123 49 87
125 53 85
123 57 82
127 57 80
124 54 84
123 52 88
126 49 85
125 46 86
124 42 83
122 39 82
124 36 79
123 32 83
124 32 83
123 32 83
126 32 80
128 36 82
124 37 85
122 35 87
122 32 89
125 29 87
121 33 84
119 36 82
117 37 86
120 40 82
119 37 86
121 39 84
124 41 85
121 45 81
119 41 84
116 43 83
113 43 85
114 41 89
115 41 89
118 42 86
121 40 86
117 44 85
119 48 86
122 46 89
120 48 93
117 50 93
117 47 93
120 47 97
119 51 100
122 55 104
120 51 100
122 51 103
123 52 101
127 52 99
131 50 102
129 52 106
131 48 104
129 47 104
131 51 106
127 54 107
126 50 105
128 50 101
131 49 97
133 46 99
137 46 103
141 47 99
139 46 101
143 43 99
146 44 98
146 48 99
146 50 96
144 53 99
142 49 98
144 52 100
143 54 103
142 56 102
140 58 98
137 60 102
135 61 102
132 64 99
135 64 96
136 60 96
136 61 98
140 62 96
140 65 95
140 67 96
144 70 96
148 74 92
144 72 96
143 73 93
144 70 90
144 73 92
140 74 93
138 71 93
140 68 97
141 71 99
145 71 101
143 71 101
144 75 104
140 79 101
142 75 100
145 75 101
149 72 101
151 76 97
151 77 93
151 80 96
154 82 92
157 84 94
161 88 95
157 92 93
161 91 95
160 92 98
164 89 102
164 85 100
165 84 103
163 88 102
164 88 101
163 90 98
160 90 102
157 87 100
160 87 100
157 87 104
159 84 101
158 85 101
160 85 101
157 86 104
154 87 103
155 87 102
156 87 103
156 90 104
156 88 102
157 91 100
158 90 98
160 91 101
163 94 100
161 95 98
160 97 97
156 96 100
156 100 101
152 96 100
149 100 103
152 96 107
153 95 108
154 98 104
152 98 106
152 101 107
148 100 108
145 103 108
143 105 106
139 105 108
135 106 107
139 110 104
135 113 104
137 117 104
133 118 105
135 116 107
137 112 107
141 113 110
138 113 112
135 116 113
139 116 115
136 118 117
135 117 115
139 120 117
136 116 121
135 116 122
138 115 126
137 116 130
136 114 130
134 114 129
135 111 127
132 109 128
131 112 132
133 115 133
132 115 130
131 116 126
130 112 126
127 108 125
127 107 124
131 106 122
129 103 126
128 100 122
126 98 125
129 95 124
129 95 121
132 92 120
136 94 116
133 90 112
132 90 116
128 90 113
129 88 113
126 90 113
126 90 110
125 86 113
124 83 117
128 84 114
124 83 115
120 87 117
119 83 120
120 82 118
118 83 122
118 85 125
118 84 127
122 87 125
121 91 122
125 94 123
129 91 122
133 93 120
132 95 116
129 95 118
133 92 115
137 88 115
138 91 112
136 88 110
137 85 112
135 83 116
137 87 115
141 83 118
144 83 117
145 82 118
149 78 119
147 82 123
150 79 127
153 75 128
153 73 126
149 76 130
148 74 130
144 73 134
144 76 138
144 75 140
146 73 136
145 76 136
145 79 138
149 82 141
148 80 140
151 84 140
154 81 137
153 81 139
156 84 139
157 82 142
156 80 146
153 81 143
156 77 147
158 76 151
160 79 149
164 80 148
160 84 147
156 87 143
155 88 141
152 92 138
151 95 140
147 95 141
146 99 142
150 97 145
146 101 145
149 97 144
146 94 143
147 94 139
146 95 139
146 98 137
142 96 137
143 96 136
144 97 138
140 98 134
141 94 130
145 90 133
148 93 134
149 93 130
148 91 134
150 89 131
146 90 130
147 89 126
150 90 125
152 94 122
156 95 119
157 96 122
154 100 126
154 101 123
154 105 123
157 109 126
156 110 129
160 107 126
162 106 125
161 109 125
165 109 126
169 113 128
169 116 132
165 116 132
169 117 134
168 121 134
166 125 135
162 129 134
166 129 137
170 125 137
171 122 139
173 121 136
173 118 139
176 115 140
172 113 140
173 117 138
171 118 142
167 120 145
165 124 144
163 125 146
166 127 143
164 131 143
164 130 143
165 126 144
165 129 147
165 127 148
162 131 148
166 135 144
163 139 140
163 140 138
163 137 136
159 140 139
157 141 140
154 138 139
158 142 141
155 139 143
151 141 142
148 144 145
147 147 147
151 151 150
152 154 153
155 150 150
152 150 146
156 151 149
160 148 147
158 149 143
156 153 143
159 152 142
156 155 144
153 158 144
149 160 144
152 158 140
150 161 142
152 157 139
155 159 136
154 156 132
155 152 134
158 148 134
156 152 132
156 154 136
158 156 132
154 159 135
153 159 134
155 159 137
157 159 138
160 157 138
160 158 141
160 157 138
159 154 138
162 150 140
166 151 144
164 151 142
160 151 142
162 151 139
158 151 136
158 151 138
155 149 137
158 149 139
155 145 140
153 149 140
152 153 140
154 151 139
154 152 139
151 154 136
149 151 139
149 150 139
153 150 140
155 148 141
155 149 139
159 150 137
159 146 137
159 145 135
155 148 131
159 149 135
160 145 136
156 145 134
159 144 135
158 142 136
161 140 135
161 137 133
157 139 134
153 140 131
151 142 131
152 146 133
156 147 136
153 147 139
149 151 136
148 152 138
150 156 135
151 152 131
150 151 135
150 147 131
149 149 132
149 145 131
148 146 133
147 150 133
151 146 132
148 143 133
148 146 132
151 148 135
154 144 136
154 144 133
158 145 137
161 145 134
163 144 132
163 147 135
160 150 134
161 152 130
160 150 134
156 154 132
159 152 128
155 153 130
159 149 126
159 149 130
155 145 133
153 149 134
152 145 131
156 143 133
160 143 135
162 140 137
162 143 136
166 141 136
164 139 132
168 139 133
167 142 129
166 143 131
166 139 127
162 137 130
160 140 133
161 139 133
158 142 134
155 143 138
159 141 140
160 142 137
157 141 134
153 138 131
152 135 127
156 133 128
157 134 126
161 135 126
162 138 130
163 135 128
167 137 128
164 136 125
160 138 124
161 142 122
163 146 118
167 144 115
165 140 117
163 136 119
160 133 122
157 136 124
160 139 127
161 137 128
159 135 130
155 134 133
158 134 131
161 132 131
157 132 127
160 130 127
156 127 125
155 130 127
153 127 127
149 126 126
151 123 122
154 123 122
150 124 120
152 127 119
148 128 120
147 129 124
144 132 126
140 133 123
143 137 123
141 139 121
142 138 119
144 134 120
140 138 116
139 138 118
139 136 122
139 133 126
142 137 130
143 134 126
145 134 125
148 135 124
149 131 125
151 135 123
152 134 125
155 133 125
152 132 126
152 136 123
148 133 119
149 131 121
153 135 122
150 137 123
153 140 120
154 144 123
150 144 126
151 146 122
155 149 122
157 146 126
161 148 124
164 149 123
161 151 121
165 147 117
162 148 113
161 149 117
161 145 115
157 143 111
154 139 108
157 137 110
157 135 109
157 138 106
155 137 110
158 136 111
158 138 113
157 137 109
155 136 110
155 133 114
157 131 111
154 135 109
152 132 105
148 136 106
149 133 105
150 129 106
154 126 108
154 124 112
151 123 109
150 119 111
148 121 112
151 120 108
149 117 104
151 121 106
154 120 104
152 117 101
148 113 102
152 114 104
150 117 108
151 117 106
153 116 105
153 117 104
150 121 100
149 120 102
148 121 105
146 120 108
145 122 110
143 119 113
147 121 117
144 122 118
147 126 122
147 125 126
145 127 129
145 127 129
144 123 128
147 121 130
149 123 126
150 126 125
147 123 126
151 125 130
151 122 134
155 122 133
152 121 132
152 120 134
149 124 134
149 123 131
146 123 131
147 122 135
149 119 134
148 123 133
151 125 132
154 126 129
151 127 130
147 129 132
151 128 129
149 131 126
148 135 129
148 131 128
144 132 127
144 134 123
147 132 124
151 134 123
155 132 120
153 134 119
151 134 123
151 138 123
151 135 126
152 138 124
150 134 126
150 137 124
154 133 128
154 137 130
158 134 133
161 133 135
157 132 136
161 128 136
158 131 136
161 133 133
161 131 137
165 127 140
167 125 137
169 122 135
170 122 131
168 124 134
170 127 132
174 130 130
174 131 129
172 127 127
176 125 129
172 128 127
174 131 123
172 131 120
176 133 120
172 133 122
174 136 120
170 137 122
170 135 120
174 135 119
174 134 122
178 138 121
180 134 124
178 133 123
174 134 127
171 137 127
171 140 127
174 141 131
178 145 134
180 147 138
176 150 140
175 153 141
176 154 144
175 158 142
171 162 139
171 165 136
171 162 135
167 161 139
168 165 140
171 161 144
172 159 140
175 163 139
177 166 141
178 167 142
175 164 139
171 163 136
174 167 137
178 163 135
179 161 138
180 163 140
181 165 140
183 164 138
179 160 134
179 160 130
178 157 133
178 155 130
176 155 127
178 154 124
181 153 125
179 153 129
177 153 129
178 155 132
178 153 131
182 154 132
185 152 136
184 150 139
187 152 140
184 152 137
181 153 133
179 157 133
176 154 129
179 158 130
183 156 131
186 160 132
188 159 129
186 160 128
185 158 124
182 162 127
182 159 123
180 163 125
182 162 124
178 160 125
182 158 124
181 155 128
177 157 124
176 161 128
175 157 130
174 161 130
170 163 128
172 167 132
168 167 132
171 168 131
174 170 132
174 173 135
172 169 137
168 168 139
167 172 140
165 169 137
162 172 135
161 172 135
161 173 139
159 173 141
156 169 140
159 169 140
162 170 139
164 171 142
163 169 138
160 169 141
158 169 142
160 167 141
157 167 138
158 168 139
160 165 140
162 166 137
164 166 136
165 168 137
163 167 141
164 165 140
165 166 143
168 162 146
167 163 147
165 160 143
162 164 147
162 161 145
158 158 146
161 159 143
157 157 140
156 153 143
155 153 143
156 150 142
154 147 146
154 147 146
156 149 146
159 153 145
158 149 146
161 151 143
161 151 146
162 148 149
160 152 149
164 155 146
165 159 146
166 158 146
162 159 145
159 157 146
159 161 150
161 157 149
160 154 147
164 156 145
161 154 143
157 156 141
161 160 141
164 158 142
160 157 146
157 159 150
154 156 152
151 160 156
153 160 157
154 164 161
153 168 159
149 164 163
147 160 159
151 156 160
149 157 161
149 153 159
153 153 158
149 149 161
153 151 161
154 152 158
154 154 157
157 153 153
161 157 149
160 159 152
163 160 154
166 162 150
168 161 150
166 159 151
164 160 151
167 156 150
168 156 146
172 159 142
174 157 140
173 161 137
176 163 139
178 162 135
178 163 133
178 167 137
181 169 139
178 171 139
176 168 140
176 172 136
174 173 137
172 170 137
175 169 139
174 165 138
174 166 138
171 169 138
171 167 142
174 170 145
177 167 146
178 170 145
174 173 144
176 175 146
180 176 150
184 178 153
180 176 155
177 174 159
175 177 160
172 176 158
172 179 155
171 177 156
171 181 154
167 184 153
170 182 153
169 183 151
170 181 151
166 177 150
163 178 148
159 177 145
161 176 146
161 180 145
162 183 142
158 187 141
155 188 142
152 184 143
153 184 140
157 188 141
154 192 143
152 190 146
150 190 143
154 188 144
155 187 146
156 183 146
153 180 149
149 181 148
152 178 151
150 182 149
150 179 146
146 177 147
146 173 147
148 175 146
149 179 147
151 176 144
151 173 142
154 173 145
153 170 141
150 169 141
152 168 139
150 171 142
151 173 144
154 172 140
154 175 137
153 178 137
150 175 133
150 173 135
151 173 138
154 172 135
152 169 134
148 165 132
150 169 129
150 168 132
147 165 135
144 164 138
146 162 138
150 166 138
148 166 142
145 166 139
145 165 140
146 164 139
143 164 141
141 165 140
143 163 142
141 164 146
142 163 142
143 160 144
145 158 140
148 162 138
144 166 138
140 168 137
140 168 138
139 170 141
138 171 145
139 168 142
135 170 141
137 174 140
135 176 138
137 174 136
137 178 133
141 179 135
138 181 131
134 185 127
130 182 125
127 182 123
127 180 120
131 183 116
131 181 115
130 184 111
131 186 109
134 184 107
138 186 109
142 185 107
146 187 104
142 188 100
142 191 100
138 188 103
137 186 103
133 188 103
131 190 99
134 194 95
135 194 95
132 192 92
130 188 96
126 188 97
129 187 94
133 190 93
133 186 93
129 184 96
128 180 93
130 176 95
129 178 96
128 179 95
127 183 92
127 186 94
127 186 95
126 182 91
125 184 93
121 183 96
119 181 98
117 179 97
121 181 95
125 177 96
121 181 97
118 181 101
122 183 103
123 186 101
121 187 102
124 183 105
126 180 105
130 176 101
129 178 104
133 174 100
132 177 103
132 181 102
133 181 101
131 184 104
134 187 101
131 190 98
133 188 97
136 187 95
139 185 97
137 186 96
139 187 96
140 191 94
136 187 94
132 184 94
135 181 91
133 179 88
130 175 91
127 179 94
131 177 96
131 173 100
127 172 96
128 170 94
132 172 95
134 171 96
136 174 94
132 170 96
134 167 99
134 165 96
137 164 97
139 166 95
139 163 96
141 160 92
138 164 93
137 164 96
138 165 95
136 167 91
137 166 89
133 164 90
136 167 89
140 166 86
140 168 85
141 165 83
143 168 85
139 168 83
138 165 82
139 167 78
137 165 77
136 168 77
133 165 76
131 165 74
134 161 71
134 158 67
135 156 66
137 156 67
133 155 68
131 154 67
131 154 69
133 157 71
131 154 67
130 153 64
127 157 63
127 157 59
123 160 55
127 158 53
129 154 53
127 156 52
123 153 50
127 151 49
126 151 46
124 155 48
121 156 48
120 156 52
123 158 55
126 161 54
123 164 52
122 162 53
120 161 51
118 159 52
117 156 50
121 154 49
118 150 52
120 147 49
123 151 47
124 148 44
120 147 41
119 147 38
120 148 41
120 150 44
123 151 40
124 151 41
128 148 38
127 150 36
124 147 40
127 147 43
131 151 40
134 150 37
133 150 34
129 149 37
129 151 37
128 148 38
132 152 36
133 150 36
130 147 37
130 143 34
129 147 38
133 151 38
137 152 35
136 153 31
136 150 35
133 149 32
134 147 35
135 144 37
133 144 34
134 145 33
137 142 31
133 140 29
134 142 28
132 138 26
136 136 30
140 136 27
142 136 30
144 139 33
140 137 32
139 139 35
135 136 31
131 139 28
135 138 32
135 141 35
137 140 36
137 144 40
139 140 40
138 136 39
137 140 37
134 144 41
131 142 37
131 139 41
128 136 43
131 139 43
129 138 40
127 137 39
131 136 35
131 135 34
128 138 30
129 137 28
129 140 30
132 142 26
130 146 22
129 146 23
131 143 27
130 145 25
128 146 23
131 150 19
131 151 23
127 151 19
130 150 23
133 149 25
137 153 28
134 151 27
138 155 31
141 154 34
144 157 37
140 159 37
142 160 38
144 157 41
143 159 41
147 161 40
150 164 41
154 160 41
153 158 41
156 155 41
156 157 44
154 153 42
150 150 45
147 154 43
148 155 40
151 156 41
147 158 38
147 158 38
144 155 34
140 154 32
141 157 30
137 153 28
138 156 27
134 153 31
132 151 27
132 152 24
130 150 21
131 152 22
128 156 20
130 156 16
129 157 16
126 154 20
130 151 24
133 155 26
133 158 27
134 158 25
136 160 21
134 162 17
136 165 15
137 169 17
136 173 21
137 175 17
139 174 18
135 176 19
131 179 22
128 176 25
128 179 28
126 180 29
128 182 32
132 186 28
133 187 32
136 185 30
135 182 32
133 179 30
134 182 32
132 179 35
128 175 39
125 178 39
125 176 38
121 179 38
122 180 36
121 184 39
125 184 42
126 181 46
129 185 43
126 189 44
127 189 44
129 189 43
128 189 41
128 192 37
128 194 41
128 190 42
126 191 38
124 189 40
126 193 40
127 191 44
130 190 45
129 189 45
129 192 42
127 189 45
126 186 44
128 189 48
125 187 47
124 189 49
121 186 47
121 185 51
125 183 54
126 182 51
124 186 49
126 183 46
130 181 44
130 185 47
133 185 48
136 189 47
138 186 50
138 185 52
141 185 51
138 183 55
136 186 58
132 190 60
132 187 58
134 187 56
136 187 52
133 190 54
129 193 55
131 189 53
131 185 52
135 181 53
133 184 50
130 184 51
127 187 50
125 191 48
128 189 44
131 186 48
131 190 48
133 194 51
131 196 51
129 193 48
131 197 47
134 198 50
134 199 53
133 203 54
137 199 53
140 201 50
141 200 54
144 196 53
146 194 54
147 196 53
151 193 53
153 196 56
150 200 58
152 197 56
148 196 53
146 194 54
150 197 56
154 193 58
151 190 62
150 194 62
150 195 59
154 194 63
156 193 64
152 196 66
155 197 67
156 196 65
152 200 66
148 197 67
145 193 67
143 190 69
143 187 73
139 186 74
142 183 74
145 185 76
141 185 75
137 182 77
135 179 79
132 176 82
129 173 83
127 173 82
131 172 83
130 168 79
134 169 81
136 170 80
133 170 78
129 166 80
129 164 82
128 163 80
131 163 82
132 164 78
132 163 77
133 162 77
134 160 80
134 164 79
132 168 79
136 167 76
136 163 74
139 162 78
135 161 80
139 162 79
140 160 83
141 157 79
143 155 82
139 152 86
143 149 87
143 153 85
144 153 86
140 156 82
136 160 85
136 162 85
132 163 82
130 163 84
127 166 88
128 162 92
131 160 92
135 157 95
135 153 91
137 149 91
136 151 87
132 154 90
129 155 89
130 158 87
129 154 84
133 152 80
131 153 79
134 152 76
131 148 73
128 145 69
124 145 71
121 144 73
124 144 76
125 142 79
121 141 79
123 138 77
123 139 75
121 140 71
119 139 69
123 135 69
126 134 65
129 135 66
128 131 65
130 135 68
133 137 66
131 133 68
129 129 64
132 127 60
135 128 58
138 132 61
141 128 65
142 131 67
139 133 69
143 132 68
143 129 68
142 131 64
142 130 67
144 131 63
144 128 65
147 127 65
143 124 63
143 122 66
142 122 62
138 126 59
137 128 62
135 128 62
138 130 63
141 126 64
140 122 63
144 124 60
147 123 64
149 126 66
151 123 65
151 119 65
151 116 68
155 114 64
157 114 62
155 114 63
157 113 64
155 113 68
153 116 72
153 114 75
157 110 77
161 108 79
164 110 75
163 110 72
167 108 68
167 107 66
163 104 70
166 108 74
162 106 70
162 106 68
166 105 68
167 108 70
168 111 71
169 114 69
165 117 71
169 115 74
165 112 78
165 109 77
167 112 78
164 114 76
161 112 78
165 109 80
167 105 83
170 102 82
172 102 83
174 104 86
175 105 87
171 108 86
173 111 88
174 112 88
173 108 85
169 106 87
166 107 90
167 107 91
169 111 89
167 113 88
170 111 90
167 109 90
168 110 86
171 112 89
174 108 90
176 105 89
174 106 85
173 105 88
174 103 92
176 106 89
177 102 91
178 104 90
181 107 86
181 105 86
181 104 88
182 103 84
186 101 82
186 102 82
188 100 82
184 103 80
183 101 78
187 100 76
184 99 76
185 97 79
184 100 79
187 97 78
186 95 76
186 98 80
187 99 82
185 99 85
185 98 88
187 94 89
183 95 85
184 95 89
181 97 92
179 95 91
181 93 87
181 96 88
177 97 85
181 97 86
183 99 82
179 99 85
177 102 83
174 104 86
175 104 86
176 102 85
176 104 86
172 108 89
175 104 85
178 103 82
179 106 86
175 102 82
177 104 82
176 102 80
173 99 80
171 102 79
173 98 80
175 94 79
178 97 75
180 99 72
177 95 74
179 91 70
183 87 69
186 87 65
190 83 64
193 82 66
194 81 63
195 81 66
193 82 70
196 79 72
199 82 70
202 86 69
201 87 66
202 85 67
198 84 63
197 88 64
201 87 61
205 86 64
205 84 65
201 83 69
204 80 66
205 82 63
209 85 60
212 84 63
213 81 62
213 78 58
216 78 59
214 80 55
212 79 58
210 81 62
211 78 60
210 75 63
214 79 65
214 80 68
213 81 69
215 78 65
216 74 65
214 75 67
214 76 69
218 74 71
215 76 71
217 79 71
217 80 72
215 78 70
214 75 72
212 71 70
215 67 69
217 64 71
217 62 72
221 64 72
220 68 74
220 72 74
218 68 73
220 64 74
223 67 77
224 68 77
223 66 80
220 66 83
220 62 87
221 61 88
217 57 87
221 60 91
219 59 93
219 60 95
223 59 97
227 57 99
224 57 103
223 61 105
220 57 109
217 56 105
216 52 109
219 54 106
220 58 103
220 54 101
216 56 104
214 60 101
217 56 100
215 59 100
215 62 96
211 65 99
211 66 103
213 69 105
211 72 104
215 71 107
211 74 105
209 75 107
213 74 104
212 74 106
215 71 107
218 75 109
221 79 107
219 78 106
222 75 109
220 79 105
222 77 108
226 81 111
223 84 114
221 86 117
217 88 116
220 86 119
219 83 123
220 87 121
220 89 121
217 86 123
215 88 127
212 88 128
213 86 126
212 88 127
209 89 124
210 92 128
211 95 124
215 96 126
215 93 124
217 91 121
216 95 119
219 93 117
220 94 119
221 98 115
224 94 112
224 91 111
227 95 113
227 97 109
226 97 110
227 99 106
223 98 106
227 97 108
228 101 108
225 99 106
224 95 109
224 93 111
228 89 112
229 85 110
229 88 106
226 84 102
230 81 105
228 78 107
226 80 106
226 82 103
226 86 102
228 87 99
229 84 99
229 88 100
226 91 103
226 88 101
222 84 103
220 81 107
224 83 103
225 83 99
225 80 103
228 83 103
224 86 103
223 89 102
219 92 106
220 90 105
218 92 109
218 93 105
220 93 101
222 97 99
218 99 103
222 102 100
225 101 103
221 105 105
217 104 101
215 108 99
215 110 100
213 108 97
211 105 96
209 102 93
210 100 97
208 97 98
206 93 102
207 91 98
204 88 97
201 92 93
203 95 94
206 92 97
206 91 94
206 91 97
208 95 96
205 92 92
203 88 90
204 88 93
203 88 94
199 84 94
203 81 97
201 85 99
198 84 96
202 82 95
202 86 97
205 88 99
204 85 100
205 88 98
207 88 94
205 88 97
205 87 95
204 86 91
206 89 88
203 88 91
205 89 91
203 92 89
202 89 93
205 86 92
202 86 89
206 84 85
202 80 84
199 78 82
200 80 81
203 77 85
201 78 87
202 76 90
202 74 90
203 78 88
199 77 92
201 73 93
200 74 89
197 78 93
199 80 97
195 82 98
191 84 99
193 87 98
194 83 97
196 85 100
197 86 100
194 89 96
193 93 96
190 90 99
194 92 96
195 90 98
193 90 102
189 91 104
191 88 107
189 84 108
187 81 104
183 85 102
182 86 101
179 85 104
181 88 104
179 90 100
179 86 101
177 86 101
174 83 104
177 85 106
175 82 110
172 85 114
171 88 116
168 88 114
168 89 112
167 89 108
169 90 109
170 87 108
174 86 104
173 86 108
175 88 105
175 87 103
172 83 100
173 85 96
173 82 95
177 82 96
173 86 98
170 86 96
174 88 92
172 91 89
175 91 86
173 89 87
169 92 85
169 88 85
171 85 89
167 85 88
163 85 84
166 81 82
165 82 78
163 81 78
163 79 75
159 82 73
157 80 70
159 80 73
162 79 73
158 80 70
157 81 69
153 82 71
156 83 67
158 82 70
161 79 70
162 77 70
160 78 73
156 77 70
152 79 66
150 82 68
147 78 69
148 75 70
148 72 71
144 74 70
147 76 71
148 73 73
151 73 69
149 72 69
149 76 71
153 77 71
152 75 67
156 73 70
158 76 69
158 77 72
154 74 76
153 77 75
157 74 74
161 75 76
163 75 73
162 78 77
162 80 81
164 81 79
165 83 82
167 87 82
171 90 82
175 87 82
177 84 78
179 86 78
182 85 77
182 87 76
179 85 78
183 89 82
180 87 79
181 86 81
178 87 79
179 89 76
181 88 78
178 85 75
178 85 72
180 86 70
180 82 67
181 85 66
178 84 68
178 86 71
178 90 71
178 88 72
176 90 70
173 92 74
173 96 77
176 98 75
176 98 72
178 96 70
179 93 71
179 94 71
180 91 70
178 90 70
176 90 72
178 87 74
174 85 70
173 88 71
174 87 74
178 91 75
182 91 71
181 94 72
178 93 71
178 95 70
175 91 73
174 92 69
171 95 70
169 92 67
167 90 71
170 89 68
174 91 65
178 95 69
178 96 72
178 100 68
176 101 69
176 100 65
174 96 66
172 94 62
170 93 64
174 89 60
178 88 57
176 90 57
172 94 54
175 94 53
171 97 51
169 99 54
171 101 52
169 102 54
173 102 52
173 100 55
174 98 54
172 101 55
169 98 52
166 98 49
166 95 50
168 98 53
165 94 57
161 92 59
162 92 61
159 88 57
155 87 59
154 87 61
154 86 64
155 90 68
154 92 72
156 93 76
159 90 76
157 88 77
158 86 81
154 85 77
151 89 75
147 90 75
145 91 72
148 92 73
146 92 71
148 94 68
149 97 69
147 99 68
151 95 67
154 95 63
151 91 64
150 90 67
151 87 69
150 83 70
149 85 68
148 85 68
149 88 64
149 87 65
151 85 61
149 84 63
151 83 67
155 87 71
152 90 71
156 89 70
156 89 73
158 93 74
155 91 76
154 93 79
150 91 75
150 91 76
154 93 80
155 91 78
158 95 77
160 96 80
163 99 82
159 102 81
161 106 79
164 106 77
160 104 80
164 104 81
163 101 80
166 103 76
169 104 80
171 105 83
170 106 82
173 103 81
169 99 80
168 99 81
165 101 78
162 98 76
163 102 76
163 101 73
161 103 71
165 104 73
163 107 71
165 111 75
167 114 79
164 111 78
168 114 75
169 118 72
168 118 68
164 115 70
168 117 71
167 117 70
166 115 74
166 111 72
165 110 68
163 110 68
163 113 67
160 116 64
163 116 60
162 119 63
158 120 63
158 121 60
157 122 64
161 124 68
163 121 64
160 123 68
160 124 68
161 127 69
157 123 69
153 126 73
156 126 74
156 123 74
157 126 73
160 126 74
159 127 78
156 131 76
160 130 75
156 129 75
155 130 77
151 133 78
153 132 75
150 128 79
147 127 76
145 124 74
145 128 76
149 129 79
148 127 80
148 131 78
147 134 77
147 133 74
143 132 75
147 132 76
148 131 76
144 133 80
145 132 82
145 132 84
145 132 80
149 131 79
149 128 80
150 129 80
150 127 78
146 129 81
149 129 77
146 125 73
146 128 74
148 129 77
152 129 80
156 128 84
159 132 86
162 129 84
164 131 85
166 129 81
168 130 79
171 128 82
175 130 82
176 126 83
174 122 79
170 123 77
169 121 74
167 122 75
165 121 73
166 119 75
167 121 71
165 120 71
161 121 68
157 123 70
154 123 71
155 121 69
159 124 69
160 126 65
157 129 63
160 130 65
156 132 69
153 129 66
156 133 62
153 135 59
154 133 56
151 132 52
151 131 54
148 131 55
152 132 59
156 132 63
152 132 62
153 133 60
149 137 64
149 138 67
148 134 65
150 135 68
149 133 64
153 132 67
149 134 69
148 132 71
151 136 70
148 135 71
152 132 68
154 132 67
158 130 63
156 128 59
155 132 57
158 128 59
161 128 57
165 124 54
163 122 56
162 118 52
159 118 52
159 119 55
158 123 56
158 119 57
160 118 55
162 115 56
163 113 60
165 109 57
162 109 53
159 110 49
158 108 52
155 109 52
157 106 49
160 107 45
163 110 45
167 108 48
170 111 44
174 109 46
176 105 46
178 101 44
175 100 46
175 102 44
175 104 43
177 102 42
177 106 46
181 102 44
177 98 47
173 98 49
175 101 46
175 99 45
179 100 43
178 101 47
181 104 49
180 103 49
181 101 47
182 103 50
185 101 53
188 101 54
186 100 58
186 101 54
185 104 55
189 104 52
192 107 49
194 110 48
194 107 51
192 109 54
194 113 51
193 112 50
193 112 46
197 108 49
200 110 45
199 108 46
198 104 50
199 104 47
196 101 51
195 102 54
194 98 56
195 101 59
198 101 55
198 103 54
196 104 54
198 107 54
194 110 56
192 111 57
195 112 56
196 111 57
198 111 58
195 107 55
191 110 56
195 114 52
192 116 48
191 113 46
192 115 46
189 115 42
187 119 42
189 122 43
186 126 40
188 125 40
188 123 39
185 126 42
188 130 40
187 130 41
185 128 37
186 129 33
189 127 29
185 128 25
187 125 28
187 122 29
187 125 31
190 123 33
192 126 30
193 130 32
190 133 30
193 136 29
189 135 28
187 137 26
185 133 27
182 136 29
186 139 33
190 136 29
187 134 32
183 138 34
185 142 33
184 144 37
183 145 41
182 144 44
178 141 46
178 137 46
182 139 42
182 135 46
186 136 46
183 137 44
180 141 48
176 143 45
174 143 43
170 139 41
174 139 38
177 138 41
175 138 37
175 139 39
173 135 35
176 133 38
176 133 37
178 129 33
180 126 32
182 122 29
182 122 28
185 118 31
185 122 28
187 126 27
186 129 25
182 126 25
184 123 28
184 127 25
183 129 22
182 126 21
181 128 17
178 125 17
182 126 19
179 122 16
182 121 15
186 121 11
188 117 11
188 120 8
185 116 5
185 116 6
189 117 5
188 115 5
189 119 1
190 121 2
186 121 3
186 119 7
183 123 8
184 122 4
183 124 2
182 122 4
178 126 4
176 126 4
174 124 8
173 122 11
171 118 11
170 120 10
172 120 13
173 123 12
176 120 13
177 119 17
181 121 17
182 125 15
178 125 16
181 128 15
182 131 18
182 132 14
180 134 11
178 135 14
177 133 16
175 129 19
176 132 19
174 133 18
177 134 21
181 134 18
180 138 14
177 141 14
180 145 14
181 143 12
178 140 14
177 141 18
181 144 18
183 141 20
180 142 19
183 138 17
185 137 20
187 138 22
188 136 25
188 139 26
186 138 26
182 140 23
182 136 27
178 139 29
179 142 32
180 138 31
184 135 32
180 138 33
182 138 35
186 142 37
184 144 41
182 147 38
183 148 39
182 144 36
178 148 37
176 145 35
179 149 34
183 147 34
183 151 33
185 149 33
183 152 31
180 152 30
177 151 31
175 155 33
173 156 36
173 160 33
170 161 35
169 158 39
171 157 39
175 155 40
178 156 39
177 155 43
181 153 45
180 157 47
182 159 45
179 157 47
176 160 44
172 156 41
173 157 37
173 160 33
173 156 36
173 157 34
173 159 34
175 156 33
175 154 31
179 152 34
177 152 30
181 153 27
178 156 25
181 154 27
179 152 26
179 155 28
175 152 25
177 149 26
177 146 26
178 143 27
182 140 27
178 141 29
174 138 29
177 139 26
176 139 29
174 142 25
173 142 25
171 138 22
168 139 21
165 138 23
168 141 21
167 139 17
163 136 20
166 138 17
164 141 21
161 141 18
159 143 21
161 142 21
158 140 21
162 139 17
158 142 17
155 140 18
152 136 18
152 137 17
155 135 18
155 132 17
151 130 17
155 131 14
153 127 18
156 127 14
159 131 15
160 131 12
164 134 8
167 135 11
168 135 13
170 135 15
166 136 12
166 138 10
168 135 6
166 133 4
168 132 3
166 131 5
168 135 1
170 138 1
170 135 4
170 132 1
169 135 1
167 135 2
170 131 2
166 134 2
164 133 3
167 135 4
171 139 4
175 136 7
178 138 9
181 134 11
179 130 13
177 131 11
174 130 12
173 133 10
177 137 6
173 133 9
173 134 12
171 138 15
168 134 14
171 134 15
171 130 11
174 126 8
174 122 8
171 124 9
173 122 9
175 118 11
172 122 13
173 125 14
173 124 11
169 121 8
167 123 12
166 127 13
169 131 17
173 129 16
175 131 18
174 129 21
174 129 21
174 133 18
175 129 20
171 127 22
173 129 26
174 131 24
177 128 22
175 129 21
171 130 23
171 134 20
171 134 17
173 130 18
173 128 22
172 131 20
170 133 19
174 131 19
170 130 18
172 132 15
172 128 13
172 124 9
170 123 10
172 123 11
176 123 11
179 122 7
180 126 11
181 128 14
182 124 10
182 120 14
179 120 14
181 120 10
180 118 14
179 121 13
175 118 16
172 115 18
171 116 19
168 120 15
166 121 15
167 125 15
169 124 15
169 120 12
168 117 9
167 115 9
168 111 9
172 107 11
175 111 14
174 112 15
171 114 19
170 114 23
172 112 19
175 110 21
177 112 19
181 115 18
179 119 18
180 115 20
180 119 22
179 121 25
182 119 28
178 119 28
177 116 25
174 113 26
174 114 25
176 113 26
180 117 23
177 120 22
179 123 19
182 123 22
179 120 21
175 123 21
179 121 24
175 121 24
176 125 27
174 126 29
171 126 31
167 129 27
165 131 31
165 128 28
166 127 31
162 125 33
166 127 30
165 127 26
168 123 24
167 127 26
171 127 24
169 125 26
171 125 29
167 129 32
169 130 28
170 128 30
174 128 27
172 132 31
169 130 35
170 134 39
170 133 36
169 131 33
173 132 36
176 134 39
176 138 42
175 135 42
173 134 41
175 131 43
173 131 45
174 127 46
177 130 50
181 127 48
179 129 44
179 126 41
178 126 45
174 122 45
174 122 44
173 120 45
171 117 45
172 113 47
169 109 51
172 105 55
175 101 58
172 101 61
170 104 62
170 102 63
169 101 62
169 100 59
170 103 58
173 100 54
177 100 54
176 99 55
173 98 52
172 96 55
171 92 51
173 93 51
174 92 48
176 95 52
174 91 48
173 94 50
170 97 52
172 93 52
171 95 50
170 93 47
168 92 51
166 92 49
163 96 49
160 100 50
157 96 46
159 92 42
157 95 38
158 97 39
154 96 37
157 93 33
158 90 30
155 90 30
153 86 29
156 83 33
155 87 31
157 84 28
157 80 25
155 78 25
158 77 25
156 78 24
156 81 20
155 77 18
153 73 16
157 77 18
155 75 14
153 74 12
151 74 8
147 76 5
150 80 8
153 79 7
155 78 8
158 81 7
156 83 10
159 79 7
161 82 6
160 84 6
164 85 3
162 86 4
165 87 4
167 88 4
169 87 8
170 85 5
170 88 1
171 90 5
171 91 3
169 93 4
165 92 1
165 92 4
167 94 5
168 97 7
164 95 3
165 95 2
166 96 2
162 97 3
160 93 5
157 94 8
161 97 5
159 93 6
161 92 4
164 90 1
163 92 0
166 88 0
170 84 2
173 85 2
171 81 2
169 85 5
166 84 5
169 84 8
169 84 4
171 88 2
169 89 3
165 85 0
164 86 1
163 89 2
162 88 6
161 84 8
161 85 4
160 86 0
163 87 0
165 91 4
168 89 3
172 90 2
169 94 1
168 96 2
169 100 0
165 96 3
168 93 0
172 92 3
169 89 6
173 89 6
170 85 10
171 87 11
168 86 14
170 86 14
167 84 14
171 87 12
172 85 9
172 88 11
174 90 15
173 94 11
172 93 10
175 94 8
176 96 11
177 93 14
180 93 18
181 91 17
184 90 13
180 86 17
183 84 15
187 88 19
184 84 18
184 88 15
180 87 11
183 83 12
186 81 8
186 77 10
190 73 8
192 70 8
188 66 5
187 66 5
190 65 5
186 68 6
186 69 6
186 69 10
186 65 8
182 61 11
181 59 10
185 62 13
186 62 13
185 65 15
183 62 19
184 60 17
180 56 16
180 52 13
180 54 10
176 52 7
173 51 8
177 54 9
175 54 13
172 52 9
171 51 5
172 50 3
176 49 3
176 49 3
178 47 4
174 43 5
173 46 6
171 44 2
175 41 0
173 39 2
176 43 2
174 41 1
171 41 3
170 38 0
169 39 1
168 36 2
164 37 0
160 35 4
164 36 8
167 36 7
165 37 10
166 33 11
167 36 14
167 35 17
168 37 16
165 37 12
164 34 15
166 30 18
167 31 16
169 27 18
166 25 22
165 27 22
163 26 26
160 28 28
163 27 31
167 28 32
165 28 28
169 27 25
173 27 25
176 29 24
174 32 25
178 29 21
181 29 25
179 32 25
178 30 26
180 27 22
180 24 20
177 20 19
175 21 15
178 18 18
176 22 21
173 23 20
174 27 22
175 27 19
177 24 23
178 24 21
174 24 25
171 24 23
174 28 26
173 24 27
171 22 24
172 22 22
171 22 25
170 18 25
173 20 29
171 17 26
170 19 26
166 15 30
169 18 27
166 14 27
167 18 28
164 14 25
168 13 28
171 13 30
169 17 28
165 16 27
165 17 27
161 21 31
159 18 28
155 14 25
159 15 28
157 16 27
157 16 30
156 14 31
160 16 35
156 14 38
155 14 39
153 10 39
152 6 39
149 5 42
150 1 40
150 2 38
154 2 34
158 4 36
160 4 35
156 4 37
153 5 35
152 5 35
150 3 35
154 6 39
150 5 39
151 3 36
150 7 32
153 6 29
155 5 33
155 1 29
158 5 28
160 5 30
163 7 29
166 4 29
163 2 30
165 6 34
164 7 33
160 11 33
163 10 30
161 12 31
158 13 30
160 16 33
157 15 36
155 14 38
151 14 41
152 16 38
151 13 37
155 10 37
157 11 38
155 9 41
151 13 45
149 9 47
146 7 48
148 5 44
150 9 44
146 8 48
146 4 45
145 6 45
142 8 49
142 7 45
146 5 44
143 1 47
144 1 50
147 2 53
144 3 56
144 7 58
144 7 59
142 10 61
146 9 60
143 10 60
139 14 62
142 17 66
138 18 64
136 14 65
136 16 63
140 16 66
136 13 66
139 16 64
135 16 62
137 16 58
141 20 59
139 18 62
136 15 65
140 16 65
137 20 62
139 22 62
140 24 58
136 28 62
133 30 66
136 29 69
134 28 66
138 25 65
138 25 66
135 22 67
133 22 68
130 22 71
126 26 74
123 22 73
124 22 71
122 25 74
121 22 77
121 23 75
124 20 77
123 20 80
120 24 80
124 20 78
128 23 79
127 26 82
131 25 81
132 24 83
133 21 79
130 20 77
132 22 73
129 25 73
126 29 71
130 26 72
128 25 70
132 27 67
128 29 64
125 27 65
127 31 64
131 27 64
130 27 67
126 24 68
124 23 64
121 21 64
120 22 64
117 23 66
119 22 69
116 24 71
120 20 69
117 19 68
121 19 69
125 15 73
122 17 77
119 20 75
121 18 71
121 21 68
123 22 65
122 18 66
126 18 68
123 15 66
123 15 66
126 16 62
124 18 59
122 14 58
125 16 56
125 18 59
125 19 56
125 22 55
124 25 58
127 21 59
123 19 58
127 16 61
130 20 58
128 17 56
124 17 57
122 13 54
120 16 53
119 19 56
123 23 52
126 27 49
123 30 48
124 26 49
127 30 53
124 32 51
127 35 47
130 31 44
132 31 43
134 32 47
131 34 51
127 32 50
125 35 46
125 32 47
126 28 48
122 31 46
123 31 48
123 28 45
123 31 44
120 33 40
124 34 36
122 38 38
118 36 42
121 35 46
119 35 50
117 32 54
118 28 53
119 27 56
116 29 52
116 31 55
120 29 55
116 26 59
115 26 63
116 23 67
118 20 70
121 16 66
124 15 67
123 12 66
121 10 68
123 13 72
119 12 69
120 12 65
124 13 65
120 11 62
123 7 61
124 6 57
123 2 59
124 6 60
128 4 56
125 3 52
126 2 53
124 4 56
120 1 56
120 4 54
120 1 58
117 5 55
117 3 54
113 1 56
110 1 52
112 2 52
113 1 56
114 2 52
113 5 51
113 2 50
112 3 53
109 2 57
112 3 60
112 6 62
110 10 62
108 8 59
109 4 56
109 6 59
112 10 55
116 6 53
116 5 55
113 2 52
114 2 48
111 1 52
108 3 48
109 4 51
107 2 53
104 2 53
108 2 56
107 2 59
109 3 62
108 0 62
111 3 59
112 4 61
114 7 58
118 6 54
115 7 50
119 10 50
123 7 49
121 7 46
120 6 47
120 6 44
118 6 47
118 7 45
116 5 43
113 7 47
112 10 44
110 6 41
110 10 41
113 12 42
113 16 46
111 19 49
114 16 46
111 13 42
108 9 40
104 9 39
101 12 36
100 11 40
97 10 39
96 7 42
96 11 41
97 9 37
101 11 35
98 12 37
96 10 37
92 10 41
96 13 40
100 16 40
101 18 36
98 22 39
95 23 37
96 19 37
99 20 33
103 21 30
99 22 26
95 20 25
92 24 29
96 25 33
98 26 29
95 29 26
99 33 30
101 37 29
100 39 31
100 41 28
104 41 30
104 43 31
100 47 34
98 45 33
99 42 30
96 43 31
93 42 32
96 43 31
95 42 27
96 39 28
99 41 25
100 43 22
98 41 24
102 43 28
102 43 28
105 43 25
107 40 29
108 41 26
