39 30 36
35 30 36
31 26 33
30 22 36
31 26 36
35 28 36
37 26 36
40 28 34
36 26 33
32 22 32
29 22 30
33 20 28
37 18 25
35 22 25
31 24 26
31 28 25
33 24 21
35 27 22
37 29 20
40 25 19
37 21 23
38 19 19
38 19 17
41 21 19
43 17 16
43 18 17
44 20 13
44 22 14
45 22 12
43 19 16
44 22 20
44 26 24
45 27 22
49 26 23
52 28 21
53 32 18
57 28 19
54 28 23
57 28 21
53 24 20
55 23 22
57 23 23
60 25 27
62 26 25
61 30 25
57 27 29
53 23 26
49 21 25
48 18 25
52 18 23
54 18 27
51 19 29
50 21 29
50 23 32
48 25 33
51 27 29
51 29 31
47 28 35
51 30 31
52 33 27
55 36 26
57 39 27
55 42 24
53 38 21
50 41 20
47 40 20
46 38 24
43 34 24
46 35 23
48 39 20
46 38 21
45 39 20
45 43 18
41 47 17
39 50 13
38 51 14
34 52 12
30 50 16
30 52 12
32 54 10
32 50 7
28 51 8
28 48 8
27 52 12
31 50 16
29 47 14
25 46 10
22 47 8
18 47 8
21 46 10
17 42 9
16 43 13
19 44 10
19 43 8
22 43 11
23 41 12
25 37 8
26 33 10
28 31 11
31 28 7
31 25 5
34 21 1
38 19 2
37 23 5
36 23 3
32 26 4
35 27 3
34 30 6
34 34 4
38 35 8
37 39 12
41 37 14
42 36 11
39 40 9
38 39 7
42 38 7
46 39 8
48 43 8
46 39 8
43 43 5
41 42 8
38 46 6
35 44 3
38 47 6
34 49 5
33 45 4
32 45 8
31 47 11
34 48 11
35 49 7
35 49 6
33 52 4
34 56 0
33 52 0
32 54 2
31 54 2
28 50 2
28 49 2
26 53 2
30 52 4
28 53 0
30 56 3
33 58 2
29 58 6
28 57 6
28 57 7
25 59 5
25 61 3
26 64 3
22 62 0
25 65 4
26 63 1
24 67 2
28 66 5
27 66 3
24 65 5
20 61 7
16 62 10
20 66 10
21 70 6
23 66 5
27 63 9
27 66 11
26 65 14
24 65 12
21 66 9
17 65 9
18 69 9
21 70 7
22 67 8
22 65 12
19 63 8
18 59 6
21 57 4
22 61 1
19 65 0
17 68 3
18 72 2
16 76 1
13 73 2
16 76 2
14 79 2
10 83 3
11 87 0
11 83 2
9 79 4
11 80 1
8 76 5
9 79 4
11 78 2
9 77 3
12 81 5
10 80 1
12 82 2
9 78 2
13 81 2
13 81 0
12 78 3
13 74 4
11 77 6
10 77 5
6 75 6
5 79 8
3 83 9
3 86 9
4 83 5
0 87 5
0 88 8
1 86 4
3 84 4
7 86 1
6 87 2
7 87 0
3 84 1
4 83 4
2 82 0
3 85 4
0 89 1
2 93 2
4 94 3
4 93 0
7 89 2
3 92 4
6 96 6
9 98 9
13 95 12
16 92 11
13 89 12
13 88 9
14 90 7
10 93 8
12 91 11
11 90 7
8 94 9
11 91 11
8 90 12
9 90 12
13 92 15
12 88 12
11 91 10
13 93 14
12 90 18
12 88 14
12 84 10
8 85 12
11 88 12
8 90 11
12 90 8
13 89 4
15 86 1
12 87 3
10 90 4
13 88 1
17 86 0
13 83 3
17 85 0
18 82 3
15 82 7
18 80 10
17 78 12
15 77 13
15 81 15
17 85 13
21 85 11
21 85 8
18 85 7
15 82 5
19 84 3
19 81 2
15 82 2
11 78 3
12 79 7
9 81 9
12 80 9
11 81 8
7 79 11
6 78 14
2 76 14
2 80 17
3 83 18
6 79 19
6 77 18
7 73 22
10 70 20
10 70 23
14 72 27
12 76 30
16 78 34
15 77 38
12 76 35
11 80 32
14 82 34
14 86 37
16 87 40
15 85 40
14 88 36
12 85 39
9 81 40
13 85 36
13 81 39
11 80 42
13 82 44
9 79 43
9 82 46
9 82 47
5 80 46
9 84 47
9 85 45
8 89 41
5 91 45
4 91 49
7 89 49
8 92 47
9 91 43
5 91 45
8 91 47
6 92 50
4 94 49
5 92 48
6 88 52
4 86 52
6 88 54
8 88 53
10 89 57
11 89 60
11 92 61
9 88 57
7 89 54
7 89 51
6 93 51
2 93 55
0 92 55
3 91 51
7 91 50
5 91 50
5 91 52
2 88 55
4 88 56
8 87 58
6 84 59
4 88 56
0 84 52
2 88 54
2 89 53
2 85 55
2 87 55
5 88 52
1 85 54
2 84 51
6 83 47
2 86 49
1 90 45
2 87 44
5 88 43
9 86 41
6 82 44
8 83 46
9 83 46
5 83 42
2 80 44
0 77 44
4 73 43
3 72 40
2 73 36
5 76 39
8 74 37
12 71 41
11 67 39
10 67 37
11 71 41
7 69 40
10 70 40
6 68 42
3 70 43
1 70 45
2 69 48
2 69 50
1 69 50
2 66 52
4 66 49
6 65 45
7 69 44
4 67 43
0 67 42
2 71 44
2 72 44
2 71 48
4 75 51
8 76 47
4 75 48
3 76 49
0 73 46
4 69 49
6 67 52
5 68 54
3 65 54
0 65 57
4 64 61
4 65 60
4 66 63
4 65 59
2 62 56
0 62 55
2 58 54
5 60 50
3 64 52
4 61 49
0 64 51
1 65 53
2 63 53
2 59 51
0 61 50
2 63 52
2 60 54
0 63 54
1 65 56
1 69 55
1 70 55
1 67 56
1 69 57
3 72 59
5 74 59
7 75 60
8 71 62
10 74 66
6 70 68
10 73 71
12 71 71
8 67 73
7 70 76
10 73 73
8 71 74
4 70 72
2 72 69
2 73 70
6 69 68
8 71 67
7 74 71
10 76 72
14 76 69
11 73 72
11 71 68
10 74 69
8 78 70
7 81 68
9 83 70
9 85 69
10 84 73
9 82 76
10 82 73
7 83 71
8 84 70
12 82 67
13 86 64
11 82 66
10 81 70
12 84 73
14 83 75
12 80 72
13 76 71
15 79 67
13 75 64
11 79 67
13 75 66
9 77 64
6 75 64
7 73 63
11 71 64
15 72 61
15 70 60
19 69 59
18 70 62
16 67 64
14 63 63
13 66 63
17 63 63
14 59 60
17 63 58
19 61 55
18 57 53
22 56 55
20 57 54
16 61 50
16 64 46
18 64 50
18 68 46
16 65 47
17 69 46
19 69 43
21 67 47
21 66 47
19 64 48
19 63 47
19 65 43
18 66 42
19 63 40
18 65 38
18 67 38
20 64 38
17 64 42
18 60 41
20 61 41
17 57 42
17 56 38
14 56 36
11 54 37
10 52 41
6 56 37
3 54 37
0 57 34
0 53 35
2 49 39
2 47 37
3 50 33
6 51 30
10 48 31
13 51 33
17 50 32
17 52 32
16 52 33
18 51 29
15 49 26
16 52 24
14 53 27
10 57 27
8 55 26
12 56 27
8 55 30
4 59 31
2 56 31
0 52 31
1 48 28
1 45 32
1 44 31
2 40 32
4 43 31
4 40 27
0 39 26
1 42 29
3 45 30
5 47 34
9 47 35
11 50 33
13 47 29
9 45 26
7 46 29
8 48 28
8 45 26
9 44 22
6 44 26
5 43 28
5 42 24
1 41 21
3 42 22
2 40 22
2 40 18
4 36 17
0 32 17
2 33 14
2 33 10
2 34 9
5 34 10
7 30 14
10 31 16
8 33 19
9 30 19
8 26 18
8 24 16
8 21 20
9 20 23
8 17 25
6 15 22
5 13 25
3 15 22
2 17 20
6 20 19
5 23 19
2 19 17
2 15 13
2 17 9
0 16 9
2 14 5
4 11 6
4 9 7
7 11 3
7 12 6
5 13 5
2 14 8
1 18 7
0 22 11
2 25 13
4 28 17
0 29 17
2 28 15
3 32 16
7 31 19
10 28 23
8 28 25
10 27 29
12 31 27
15 32 23
15 33 23
16 37 19
16 40 18
12 40 22
15 40 21
13 38 20
15 38 20
14 41 16
17 41 20
18 38 22
16 41 18
13 39 17
17 39 20
19 40 17
18 40 21
16 37 17
20 38 16
19 34 12
23 33 15
23 33 17
19 37 18
19 38 21
18 34 18
17 36 20
21 40 21
17 43 22
14 46 23
12 45 22
14 42 21
13 42 25
9 44 28
13 48 29
14 44 26
18 41 29
19 44 29
23 44 30
22 47 34
22 43 31
18 39 31
22 38 33
25 38 34
27 42 37
27 44 41
28 48 45
26 47 46
27 44 47
31 45 51
33 45 48
35 46 44
35 42 47
38 43 47
40 39 49
43 42 45
45 45 47
47 47 45
51 45 44
47 45 47
44 43 46
46 43 44
48 47 45
45 44 49
48 43 48
46 45 51
42 42 52
45 39 51
43 42 52
43 44 52
41 44 48
45 48 50
48 45 46
44 45 46
48 42 45
52 40 46
53 43 48
57 47 51
56 47 49
52 46 47
49 42 47
50 42 46
50 40 50
52 43 54
49 44 55
46 42 58
43 41 55
44 41 59
40 38 56
38 37 56
38 33 55
38 36 59
34 39 60
30 35 61
27 31 65
25 32 66
24 31 67
27 29 64
27 27 62
24 30 61
20 28 61
18 31 63
22 28 67
20 27 64
21 27 60
23 24 64
22 26 61
23 23 61
24 25 59
20 29 56
23 25 53
24 26 57
22 27 57
23 31 54
20 30 54
23 26 53
24 30 55
23 33 55
23 32 59
20 29 61
19 33 60
20 29 59
21 32 57
19 30 60
21 28 60
19 28 57
23 28 61
24 32 57
25 28 56
26 27 59
25 24 57
26 20 58
24 23 61
24 23 62
28 25 62
24 22 58
22 21 60
25 23 60
28 24 57
28 22 56
29 24 52
30 24 51
28 27 52
32 23 48
31 27 52
34 27 53
30 31 54
32 32 53
33 33 52
33 32 50
33 32 49
36 33 46
33 37 46
36 34 46
34 33 45
30 32 45
28 29 45
29 32 44
29 31 48
27 33 47
31 34 51
34 34 53
30 34 53
28 35 54
24 38 52
28 40 52
27 44 56
27 42 60
27 40 58
25 38 57
23 39 54
24 43 58
27 43 58
26 43 58
25 40 62
23 38 64
21 38 60
20 35 61
17 38 65
18 36 61
14 36 60
10 38 61
7 36 59
9 32 55
11 28 55
7 31 55
7 31 52
6 31 56
5 30 59
1 33 59
0 37 61
2 39 61
2 35 65
2 35 68
1 31 69
5 32 71
5 33 69
7 32 71
4 30 75
6 26 79
2 28 80
0 26 77
2 29 76
6 26 80
4 26 83
7 23 80
9 20 79
8 23 80
11 23 81
10 26 80
9 26 76
6 24 77
9 28 78
6 26 82
6 22 78
6 22 77
7 22 80
7 26 82
3 24 83
7 21 79
11 18 79
15 15 79
16 19 81
18 18 85
21 21 86
17 20 89
15 20 92
15 22 94
17 23 97
14 26 99
12 26 103
8 24 106
10 22 109
7 24 106
9 27 109
13 28 111
16 25 110
17 23 108
16 26 112
14 26 112
10 28 108
13 29 111
10 28 109
6 26 108
8 24 108
4 26 107
1 26 106
1 24 107
2 24 107
3 21 108
0 22 105
2 23 104
1 20 107
2 21 105
2 20 106
2 24 110
6 28 113
3 32 112
4 36 116
4 37 112
3 33 114
4 36 113
0 38 112
2 39 110
2 40 110
6 37 111
4 40 113
2 44 113
3 40 112
2 43 116
0 47 118
4 48 115
2 47 118
2 50 116
2 48 114
4 52 113
4 53 116
2 57 114
3 53 115
2 55 111
5 59 107
9 61 104
6 62 101
4 60 102
4 56 104
1 55 108
2 55 108
1 58 112
2 56 113
6 56 112
8 54 108
6 54 112
4 57 113
1 54 114
4 58 118
8 58 121
4 60 125
0 64 123
2 62 123
6 64 126
3 64 124
6 66 123
6 68 125
8 69 125
12 71 125
15 68 127
11 67 125
12 63 129
14 65 128
11 64 129
13 60 129
15 62 128
13 63 128
11 67 131
13 64 129
13 63 129
13 65 126
15 62 122
16 60 124
15 61 128
18 58 124
17 58 128
15 54 126
13 52 123
9 50 124
12 54 122
16 58 122
20 62 123
19 65 127
23 65 130
23 68 134
21 72 132
25 75 129
22 78 125
18 75 127
19 72 128
15 71 131
12 73 131
8 70 132
12 72 129
14 74 128
15 76 129
12 79 125
12 80 122
12 76 125
13 78 121
10 78 124
7 81 123
6 78 126
6 75 128
4 78 126
1 77 123
1 80 123
3 82 126
7 80 129
4 82 132
0 84 133
1 83 137
0 84 136
3 88 137
2 91 134
3 93 133
2 97 130
5 97 127
2 94 129
6 97 133
10 96 135
14 96 132
11 92 136
10 92 139
10 93 140
14 93 138
17 96 137
20 99 137
18 98 138
14 98 134
15 99 133
15 102 134
13 100 133
15 97 132
14 97 131
18 97 128
15 99 124
18 99 126
19 96 122
20 98 126
16 94 128
15 90 127
18 87 124
16 90 122
16 86 126
16 86 127
12 88 123
12 90 120
14 87 122
18 84 124
15 83 127
14 84 125
11 83 125
13 84 121
14 87 125
13 88 124
12 91 120
8 92 119
5 91 118
8 91 114
5 89 118
3 92 119
4 90 119
6 94 118
9 90 114
8 92 115
10 89 113
6 93 112
5 96 111
2 93 109
6 96 105
8 97 103
4 100 102
4 96 105
2 92 106
0 95 102
0 98 101
4 101 101
6 98 98
9 100 100
9 99 102
11 98 98
14 101 99
14 105 102
17 102 99
21 104 103
18 106 104
22 104 100
20 102 96
23 103 96
26 103 97
28 106 93
32 105 90
32 102 91
31 105 89
35 105 93
36 101 95
34 102 92
35 100 96
38 104 97
40 104 94
41 101 91
38 104 95
39 105 91
38 104 87
38 106 89
34 109 88
33 110 86
36 106 87
32 104 91
33 102 93
30 99 89
31 101 92
32 101 93
32 100 90
29 102 87
26 101 87
28 104 83
27 107 83
25 109 83
23 112 85
24 108 87
22 105 90
19 103 94
19 99 97
17 103 99
18 101 103
17 99 105
13 103 102
10 100 101
10 99 98
14 98 99
12 95 96
10 94 95
13 96 98
11 99 99
14 95 103
10 94 102
6 98 99
4 100 101
6 101 100
7 105 99
10 102 96
11 99 100
10 95 99
9 95 99
10 91 100
13 91 102
12 87 106
13 91 104
15 94 102
13 95 103
15 93 107
17 89 105
21 88 101
19 85 102
15 85 105
18 83 109
16 80 113
19 79 111
20 75 109
22 77 113
26 76 116
28 77 114
30 76 115
30 76 118
26 76 117
26 75 119
30 72 117
34 71 114
33 75 114
36 71 113
40 67 114
37 69 110
35 71 108
37 71 112
41 69 108
41 72 105
42 73 104
39 77 107
36 79 110
35 75 107
36 74 107
35 77 106
34 76 103
33 76 101
37 79 101
39 78 102
35 80 106
36 83 103
39 86 103
41 83 107
39 81 109
40 78 110
36 78 114
32 82 112
30 83 108
28 86 108
29 90 109
25 91 112
24 88 110
24 86 112
23 86 110
19 85 107
20 84 104
18 88 102
21 85 100
24 83 97
24 87 95
25 86 94
24 82 97
25 82 96
28 82 98
27 85 101
23 89 103
23 88 106
20 92 106
18 90 105
17 90 103
20 94 100
17 98 96
18 101 92
14 100 93
13 103 89
11 107 87
12 111 89
9 112 86
7 110 83
10 113 84
13 116 83
15 114 86
11 114 87
9 110 89
6 106 86
8 104 86
5 105 85
5 109 85
3 107 82
4 108 78
6 104 75
4 106 73
8 107 77
7 104 79
9 102 82
10 105 82
6 103 83
7 105 84
5 109 86
5 108 84
5 106 84
6 108 81
5 110 81
5 114 85
1 112 84
5 110 84
1 108 88
2 104 89
1 104 89
2 107 89
5 109 85
7 106 82
8 105 79
6 103 78
5 103 80
3 106 84
4 110 83
3 111 79
0 107 79
2 106 79
6 105 81
5 104 77
3 104 73
0 103 70
4 104 69
3 100 71
5 101 67
1 103 63
4 103 60
5 102 62
2 106 61
2 104 60
1 108 56
1 106 54
4 108 52
8 112 49
7 113 51
10 115 55
6 117 54
4 113 52
1 113 53
3 114 49
5 110 45
1 108 43
4 112 39
6 116 36
5 116 34
8 118 33
6 115 35
2 113 32
2 112 33
4 115 33
3 118 36
5 119 37
7 115 39
3 114 40
5 110 42
6 114 43
9 112 46
9 115 46
12 111 47
16 109 49
15 111 51
18 112 51
18 114 51
18 113 50
18 109 46
16 106 49
17 104 53
20 107 51
19 111 47
18 112 43
20 116 40
24 114 37
27 115 34
28 115 33
32 114 37
36 112 33
39 108 36
43 109 40
42 108 43
42 105 44
40 102 43
37 103 45
40 107 46
36 110 46
33 109 49
32 113 48
34 117 45
33 116 45
32 118 41
34 121 45
38 122 49
42 123 47
42 125 43
46 124 41
50 120 39
49 121 35
52 122 38
50 119 38
46 119 40
43 121 40
39 119 36
39 116 34
42 117 37
42 116 37
45 113 41
41 111 39
43 111 35
39 111 36
35 109 35
35 113 32
39 115 32
41 112 34
45 114 37
47 111 40
51 107 37
53 107 36
52 104 37
55 107 37
51 104 37
55 100 36
54 99 34
55 101 37
58 100 41
62 101 37
60 98 35
59 100 35
63 102 34
65 101 33
62 100 35
59 98 37
59 95 34
57 92 32
53 88 34
51 84 30
48 83 34
45 83 33
46 82 32
47 84 31
47 84 34
43 86 34
41 82 32
41 78 32
40 82 34
44 84 38
44 87 37
43 86 40
42 85 43
46 85 44
49 83 43
50 80 41
49 80 45
47 84 42
48 81 39
44 81 42
41 82 46
40 80 48
37 82 50
41 86 46
45 90 50
42 86 50
44 88 47
48 87 49
44 89 53
40 93 49
38 91 49
34 94 45
37 93 46
38 89 50
38 91 50
38 91 48
39 88 52
43 88 52
40 85 52
38 81 48
34 78 47
38 81 45
35 80 41
34 80 45
33 84 47
37 80 50
41 84 46
44 83 49
45 82 48
42 81 50
42 82 52
38 81 55
41 77 55
43 80 52
40 84 52
40 87 51
43 85 53
39 89 51
38 88 47
42 89 48
44 92 52
44 89 53
41 86 57
44 84 53
41 85 49
37 89 49
34 92 47
38 93 51
39 94 50
39 96 48
39 94 52
41 95 55
42 98 53
44 100 49
47 97 53
51 96 52
49 96 55
46 95 57
48 91 55
52 87 55
54 86 55
52 84 53
56 86 55
52 83 51
51 84 50
55 85 54
51 82 51
53 81 55
55 83 54
53 86 56
56 83 58
54 80 57
57 84 54
53 87 57
54 87 59
52 85 60
51 82 59
51 78 60
47 79 58
49 76 62
51 74 63
52 78 62
50 81 62
46 77 65
42 76 61
38 76 62
35 72 59
37 69 62
36 71 62
36 68 65
35 69 64
34 71 63
35 72 61
35 68 58
38 70 54
40 68 56
41 65 53
40 62 57
41 60 58
41 60 54
45 58 53
45 57 54
46 58 56
44 56 54
41 55 58
43 52 58
43 53 55
41 55 53
39 56 51
42 58 54
45 62 51
49 63 54
51 64 58
53 64 58
57 65 60
58 61 57
58 57 60
56 60 57
55 63 60
55 64 57
57 64 55
58 62 58
55 59 54
59 61 58
55 57 54
53 61 50
56 64 51
58 61 49
58 59 50
59 57 46
56 55 50
58 52 50
56 49 54
53 52 53
50 48 57
46 44 57
47 40 60
44 41 60
41 40 61
42 40 60
45 36 62
47 33 60
46 31 58
45 29 58
48 27 62
45 26 59
42 30 57
43 27 53
44 30 54
46 30 53
43 32 54
39 34 53
37 32 51
40 31 48
39 27 52
41 29 49
39 28 50
40 24 53
42 25 52
43 24 49
45 22 48
47 20 45
45 16 49
41 17 53
39 13 57
41 11 53
43 10 54
43 14 51
45 18 49
42 15 52
39 14 55
35 11 53
33 14 51
34 13 47
35 10 44
36 7 42
32 10 40
33 9 37
30 10 40
31 13 44
29 15 43
25 14 44
21 14 48
23 17 50
24 14 46
28 10 47
31 14 50
28 12 54
31 16 56
35 16 58
35 16 58
37 20 58
41 19 57
39 17 59
37 20 62
33 23 58
32 23 61
31 27 65
33 31 62
35 27 61
35 29 61
37 33 58
37 36 62
35 37 66
38 40 70
42 36 70
44 35 66
44 37 70
44 39 74
41 41 77
41 43 74
42 41 78
44 37 81
42 38 80
43 37 80
39 37 81
41 37 78
38 34 75
42 32 77
38 34 74
37 30 73
35 29 74
36 32 71
37 32 74
34 36 76
36 38 79
32 42 76
29 44 80
29 48 76
29 44 77
27 43 79
30 41 82
27 37 79
23 34 77
25 30 80
25 29 80
27 26 82
23 29 83
24 30 79
20 29 83
18 31 82
20 32 85
22 30 89
19 27 88
15 29 85
13 26 83
12 27 82
14 29 86
11 32 82
15 31 85
17 31 89
16 27 87
20 27 89
21 29 85
18 29 89
19 26 92
19 24 91
17 23 88
21 25 87
23 28 83
22 24 81
20 26 83
20 29 86
20 28 85
22 28 82
18 25 78
22 21 82
26 21 82
29 17 82
27 14 80
27 18 79
29 20 76
25 16 77
29 17 79
29 17 79
33 21 76
30 20 78
32 16 78
35 14 82
33 17 86
34 21 85
31 24 83
33 21 87
30 20 85
26 16 89
25 16 92
29 12 91
32 13 89
35 12 87
35 11 87
32 15 83
29 16 81
29 20 82
27 22 84
30 21 88
31 23 92
27 24 89
24 23 91
28 27 90
32 24 87
34 27 87
33 25 86
35 22 87
34 24 85
36 21 87
38 18 85
37 14 88
37 16 85
37 15 82
38 15 85
39 16 85
41 13 89
45 16 93
47 16 94
48 19 94
45 22 96
42 25 98
46 26 97
48 28 100
50 25 104
50 27 100
54 24 99
53 24 100
49 27 98
47 24 101
45 21 104
46 24 108
42 28 112
46 29 116
47 26 118
51 24 120
51 20 121
49 22 119
47 21 117
43 19 114
41 15 114
41 11 114
41 13 117
43 17 119
47 19 118
50 18 119
53 18 121
51 22 121
50 20 123
50 16 120
52 13 119
49 16 117
48 13 117
50 14 121
49 18 124
51 21 126
47 25 122
49 27 125
50 29 125
53 25 122
51 23 125
48 20 127
45 21 129
43 20 129
39 18 127
35 20 127
37 19 124
40 16 122
37 12 120
41 15 118
43 13 120
45 11 122
48 10 122
44 8 125
47 12 122
43 8 118
44 12 122
47 13 118
49 9 121
50 8 125
54 5 124
54 3 124
58 0 122
61 0 125
65 1 122
67 5 123
69 8 121
72 6 125
68 2 125
69 2 129
72 2 132
69 0 135
72 2 136
69 5 138
68 4 140
72 7 142
70 9 144
74 11 146
71 12 144
71 10 141
71 10 137
75 13 139
74 10 136
70 9 137
66 13 139
64 10 141
66 7 143
66 8 143
63 8 145
59 5 141
61 8 139
57 4 137
53 8 134
57 12 138
60 13 138
58 10 141
62 14 138
60 10 136
63 10 135
62 8 139
61 12 136
60 15 132
62 13 134
63 14 135
67 17 135
70 15 136
70 19 140
67 17 144
65 20 148
67 21 149
64 25 150
66 28 147
67 26 147
68 26 148
66 29 152
68 31 148
72 33 149
69 31 153
65 34 151
66 33 151
70 34 148
68 34 145
65 33 144
63 30 144
60 28 146
61 26 142
63 26 144
67 23 144
70 23 148
74 19 147
74 22 145
71 18 144
74 21 146
70 19 146
72 17 149
71 16 151
75 12 151
76 14 149
80 10 152
76 7 155
78 11 159
82 14 158
79 12 158
81 11 156
84 12 154
80 16 155
83 20 152
87 17 148
86 15 146
82 13 150
83 14 147
87 18 143
85 20 146
86 20 145
85 17 148
87 15 146
89 16 146
90 12 150
94 9 153
98 8 155
99 6 157
98 10 155
94 8 154
98 11 158
99 12 162
96 8 166
100 11 168
102 14 166
100 18 167
99 16 168
98 17 166
96 20 167
99 17 165
98 20 166
102 18 162
102 18 161
104 22 160
104 26 158
100 25 161
102 28 161
104 25 162
103 22 159
99 25 161
95 21 162
94 24 161
93 26 160
90 25 160
94 21 157
98 21 155
95 21 159
96 25 160
95 28 156
98 32 157
99 36 157
102 40 157
101 41 154
104 40 150
108 38 149
111 39 150
115 42 151
114 43 152
115 45 153
111 48 155
109 45 152
106 48 152
104 47 150
100 50 151
99 46 151
98 42 151
100 42 148
104 45 151
100 46 148
101 50 144
98 46 143
97 49 144
101 53 141
103 52 142
99 52 143
98 55 146
102 55 142
102 57 142
103 53 140
106 50 139
107 49 135
107 50 139
110 46 139
112 45 139
110 41 140
108 41 141
108 42 141
108 40 143
111 40 144
114 43 141
116 40 143
112 40 147
113 43 143
114 42 144
116 40 144
114 37 146
117 39 145
118 43 147
114 40 144
118 37 144
121 34 145
124 31 146
126 33 149
125 36 153
129 34 157
127 30 155
125 26 152
128 30 156
126 33 158
123 36 162
124 32 164
123 35 164
127 38 165
124 41 168
121 39 165
122 41 167
122 44 171
119 40 173
116 36 175
115 36 178
116 37 180
117 34 178
121 34 176
123 30 176
119 34 178
119 30 174
122 33 174
118 29 172
121 27 170
121 23 170
118 21 167
115 21 169
116 22 172
114 18 168
118 16 164
122 12 163
126 9 160
124 12 163
123 8 160
125 5 159
127 9 158
129 12 160
132 14 159
134 18 161
137 19 162
140 22 161
144 23 158
145 22 160
147 21 156
150 18 153
154 16 149
153 17 150
153 16 153
153 14 149
151 10 149
147 13 147
149 13 151
147 11 154
143 12 153
142 16 149
138 13 146
134 12 144
130 16 145
128 12 149
131 12 152
132 15 148
131 12 151
129 9 154
128 8 157
132 5 159
128 1 161
129 2 157
128 1 160
128 2 164
126 2 168
130 2 168
126 5 171
130 4 167
132 2 163
132 4 166
130 1 163
134 2 166
131 0 165
128 2 168
127 2 171
131 2 168
131 0 171
133 2 172
136 4 168
133 8 166
135 7 164
137 10 161
133 6 158
133 4 157
135 6 157
139 4 156
139 2 159
140 3 158
137 4 161
141 1 158
141 4 158
137 2 156
135 5 158
132 4 158
129 7 157
125 4 158
122 0 161
120 2 162
117 1 162
121 3 158
122 6 157
121 5 160
123 6 157
125 3 155
127 3 155
126 6 158
125 4 154
122 1 158
121 4 162
120 7 166
123 4 165
120 4 168
116 4 172
115 1 172
119 3 174
117 3 172
116 1 168
112 2 169
108 2 170
109 6 167
108 2 166
111 2 162
113 0 158
115 4 157
117 8 153
115 7 149
113 4 152
117 5 154
121 4 155
124 7 156
128 11 156
126 8 160
130 9 164
131 9 161
134 13 159
130 10 155
133 7 157
135 9 158
135 13 161
137 15 164
140 13 167
137 15 165
137 18 168
141 22 168
141 19 172
145 23 175
143 26 173
144 24 170
144 23 171
147 21 168
151 23 172
151 22 173
153 20 171
149 16 173
149 15 171
145 17 172
144 18 176
142 22 178
146 21 174
146 17 173
148 20 176
145 23 173
142 21 171
144 19 172
148 20 174
146 22 177
150 24 178
146 27 178
143 28 176
144 25 174
143 21 174
141 20 170
138 23 170
142 25 168
138 28 169
136 24 168
137 28 165
137 27 165
134 24 165
134 25 164
132 28 162
132 31 162
128 30 160
128 33 156
126 35 156
126 33 158
127 30 156
125 31 158
126 29 160
126 29 157
124 25 156
125 23 153
121 25 154
117 22 156
114 18 155
117 22 158
121 22 157
123 21 156
120 18 154
118 19 150
121 18 147
118 16 145
122 14 146
120 11 150
121 13 146
124 14 150
121 10 147
123 12 148
127 14 145
130 15 142
130 17 138
129 21 138
125 18 136
123 19 134
125 23 133
128 19 132
126 23 133
130 25 129
131 21 131
133 21 135
131 17 137
129 20 139
125 20 138
129 20 141
129 22 144
128 21 144
127 18 144
128 15 143
129 18 142
128 15 143
132 13 145
135 11 143
138 15 146
134 13 146
132 13 142
135 13 146
135 9 150
134 8 146
133 10 146
129 11 148
126 13 148
129 11 151
127 9 153
126 13 155
124 14 154
124 14 157
121 15 156
125 19 153
128 23 155
128 20 157
130 21 160
133 24 156
134 22 155
135 26 155
138 22 152
142 23 148
142 25 151
142 28 154
143 32 150
141 33 149
143 32 145
144 29 141
141 27 141
144 27 144
143 31 145
141 31 147
143 33 150
147 35 151
147 36 149
150 40 149
146 43 148
149 40 149
153 38 148
156 39 144
158 41 145
155 37 149
154 38 147
153 38 147
149 42 143
151 39 145
148 39 148
144 41 150
145 45 146
142 43 143
144 47 144
144 49 141
145 52 142
143 56 146
140 52 146
138 54 146
136 57 142
139 58 138
143 61 136
139 58 132
138 54 130
136 58 131
138 58 128
141 57 127
139 58 123
143 57 119
147 54 123
148 53 123
150 50 122
154 51 123
158 47 122
160 48 119
162 50 116
158 51 114
161 53 111
157 49 113
160 50 116
156 53 114
160 53 113
160 57 110
163 55 114
160 56 111
161 54 109
163 56 105
165 52 103
161 55 100
158 58 98
160 59 96
161 55 98
165 59 94
162 57 94
160 53 90
158 55 87
156 54 83
155 56 87
159 60 85
162 61 83
163 58 87
166 55 85
162 54 89
160 52 87
157 52 91
159 52 94
158 55 92
158 52 93
155 56 95
157 53 97
156 56 94
157 54 90
155 53 93
159 57 95
160 60 93
162 60 91
158 64 95
162 61 97
158 57 93
159 56 90
160 58 89
159 61 90
157 60 86
161 64 87
158 61 91
155 60 90
157 59 86
159 58 88
159 59 84
160 63 85
164 66 89
163 70 88
165 67 91
163 68 91
159 69 91
156 67 94
156 68 94
155 71 91
157 74 88
160 76 85
161 72 82
158 74 85
162 73 88
162 69 86
160 67 85
163 71 87
160 70 87
159 68 87
160 71 87
157 68 89
155 71 85
152 68 87
154 70 87
153 67 90
151 65 91
154 66 87
158 70 91
156 74 90
160 70 94
156 69 92
155 73 89
158 74 89
156 71 89
154 74 88
155 78 88
155 82 92
158 79 93
159 80 91
156 83 91
153 81 91
153 78 95
151 78 91
151 76 87
149 78 86
153 75 85
153 77 84
152 73 83
152 71 87
150 74 84
146 78 87
147 79 84
144 77 81
143 75 80
141 78 82
140 81 80
142 78 80
141 76 79
142 74 82
142 71 78
143 72 82
144 69 82
143 73 80
145 74 83
148 75 80
146 73 78
144 74 78
145 70 80
144 67 84
144 69 81
148 72 77
144 74 81
146 70 78
144 67 74
146 64 76
150 62 80
152 62 79
154 61 78
152 57 81
151 58 81
147 55 79
149 56 77
146 59 78
146 58 82
146 57 82
146 56 81
150 52 80
151 56 84
147 56 87
151 53 89
153 51 92
156 50 93
160 47 96
158 49 96
161 50 93
163 53 90
161 57 87
159 58 84
162 57 85
160 61 87
158 57 90
155 61 94
155 58 93
156 56 89
154 59 89
157 62 90
155 64 94
153 68 90
150 72 91
150 75 93
154 78 95
156 82 96
157 85 95
158 82 91
155 83 89
157 82 92
158 82 92
159 83 95
159 85 96
157 88 98
156 91 97
156 88 93
158 92 94
156 89 96
158 86 95
160 89 92
162 85 95
164 82 95
162 83 98
158 80 95
162 79 94
161 79 95
163 83 98
165 83 102
167 86 99
163 85 95
166 88 97
166 92 98
168 94 98
168 93 96
166 91 96
168 94 93
166 95 91
169 98 95
168 99 99
164 96 98
168 94 94
165 93 91
165 96 94
169 92 98
170 95 98
173 94 94
169 97 92
167 96 92
170 97 94
167 97 90
167 98 93
164 97 96
166 97 93
164 98 94
160 100 96
162 101 98
158 98 98
156 102 101
155 99 103
154 95 100
151 91 101
150 92 101
151 95 105
155 91 103
151 88 99
148 87 99
150 83 98
147 83 95
148 85 93
151 89 97
152 90 94
149 90 95
149 92 99
148 89 103
148 88 104
152 85 103
151 82 102
155 84 100
154 85 100
151 88 99
153 92 98
152 91 97
148 89 93
152 88 97
154 85 96
157 85 99
155 86 99
152 89 103
149 89 105
145 93 109
147 93 108
148 92 110
150 90 111
149 89 111
153 91 110
151 94 109
151 90 113
151 87 109
153 86 113
154 86 116
154 82 120
158 82 122
158 84 123
160 80 126
164 81 125
168 85 123
172 81 125
175 83 124
174 83 124
174 82 126
174 82 125
175 80 124
173 80 123
176 83 126
178 81 125
181 84 121
179 83 117
179 79 118
178 79 114
180 76 113
176 78 111
177 80 111
180 84 110
178 85 109
175 87 107
179 90 104
176 94 105
177 91 109
173 90 111
173 92 110
176 93 112
174 96 113
176 98 110
179 97 113
177 93 109
175 94 111
177 98 113
179 96 115
176 98 114
178 99 111
179 99 109
178 97 107
178 101 105
174 105 107
170 109 110
174 113 109
177 111 106
181 114 106
181 112 104
185 114 105
187 117 102
183 113 106
183 111 108
184 115 105
187 116 103
186 117 99
182 115 103
183 119 107
180 120 106
178 121 106
180 123 102
183 122 106
186 120 107
183 119 106
187 122 108
184 121 111
182 124 108
186 122 104
186 119 102
187 120 105
187 119 104
183 123 108
179 125 111
179 124 112
182 125 116
181 129 114
185 129 112
188 125 110
189 123 111
189 126 107
188 129 108
184 125 107
184 128 105
180 124 109
180 127 111
182 128 108
180 127 111
179 126 108
180 124 106
183 123 104
182 120 100
179 122 100
178 118 99
176 117 97
179 117 100
175 120 99
173 122 97
169 123 100
166 123 102
168 124 102
164 124 98
167 125 95
167 128 92
163 130 93
165 130 93
167 127 95
163 127 97
165 124 93
162 121 95
166 120 95
165 123 94
169 120 94
172 120 95
168 124 93
164 122 96
162 126 93
165 122 91
168 122 95
165 123 94
167 120 94
171 123 90
170 120 94
173 116 96
171 116 99
171 117 100
168 121 96
166 123 100
164 125 101
163 126 101
167 125 99
168 124 96
169 122 93
173 119 92
175 119 93
176 122 95
173 125 95
174 129 99
174 132 97
173 130 98
173 127 100
177 129 99
175 129 103
177 132 106
179 129 105
181 128 108
179 124 110
179 125 114
181 129 114
182 130 112
178 132 109
179 132 106
183 128 110
187 132 114
191 136 118
195 135 115
196 137 113
195 136 115
194 140 119
194 138 123
194 136 125
195 137 129
193 139 126
194 136 122
193 139 119
193 143 118
192 143 118
194 146 117
195 144 116
193 147 112
196 150 111
194 148 111
190 150 115
186 152 111
183 156 112
187 160 111
187 160 114
188 156 117
190 158 114
193 162 114
196 165 116
192 168 118
194 171 116
196 168 114
195 169 118
196 169 120
194 170 122
192 169 119
188 170 116
187 172 119
186 170 115
189 170 118
189 167 121
192 166 123
190 162 122
188 163 119
184 164 122
187 160 118
188 162 118
188 158 119
184 156 122
187 154 124
183 152 124
180 153 123
179 155 127
176 151 130
172 152 130
168 153 131
170 155 127
169 154 124
170 155 123
169 156 124
172 156 128
173 158 124
172 156 127
173 157 125
173 154 124
170 151 120
171 150 119
172 153 123
176 149 119
174 151 122
178 155 123
176 152 123
176 156 127
180 155 125
180 155 123
176 156 125
179 155 128
183 153 128
186 151 124
186 148 122
188 147 121
189 146 122
190 146 121
194 142 120
196 140 120
195 144 124
195 143 128
193 140 131
197 140 128
193 143 132
192 140 134
188 143 136
188 144 137
192 142 141
189 141 141
189 144 142
191 144 138
188 147 134
188 149 136
187 148 137
190 146 133
187 143 133
184 146 129
185 144 126
188 142 130
188 146 127
190 147 126
193 146 128
195 142 132
199 138 130
202 142 129
199 146 133
201 149 131
199 149 134
203 151 136
199 151 132
197 151 129
196 155 125
194 154 127
190 152 127
189 151 130
188 152 133
189 148 137
191 152 133
191 151 132
192 148 131
188 147 130
186 149 134
189 150 133
185 154 133
181 155 130
185 155 127
183 157 127
187 161 125
188 163 125
185 163 126
182 163 129
183 159 126
181 161 128
179 162 125
177 159 125
175 159 127
175 161 126
175 158 122
176 158 119
179 161 118
177 163 119
179 163 115
176 164 117
177 164 117
174 168 117
178 166 113
176 170 109
178 166 113
178 168 113
177 171 117
180 167 117
176 163 114
178 165 113
176 161 117
178 159 118
176 158 118
180 159 119
179 157 122
175 156 120
171 155 118
175 158 118
176 160 120
175 164 118
177 167 119
178 169 118
174 172 116
178 174 112
180 176 115
177 178 111
181 174 108
184 178 106
188 180 102
184 176 98
180 176 101
183 172 102
185 169 104
187 172 104
183 172 107
180 169 107
179 165 106
183 161 104
183 165 102
179 163 105
177 162 108
180 164 111
183 160 113
184 158 114
180 158 118
176 162 115
173 160 116
175 162 119
175 165 119
175 168 120
176 172 122
180 169 125
184 165 124
188 164 126
186 166 123
186 164 120
189 160 124
191 158 122
189 154 123
191 155 127
192 152 126
194 149 127
196 151 126
192 153 128
196 151 127
193 150 123
196 146 119
194 147 116
193 148 119
194 145 122
194 143 118
192 145 122
189 142 120
191 138 119
195 135 118
195 138 115
197 136 112
194 140 114
190 140 111
193 138 107
194 141 111
196 145 113
199 146 109
200 147 107
196 145 107
196 142 109
198 146 110
201 143 107
200 144 109
197 147 106
195 149 103
195 147 99
192 150 98
188 148 95
185 147 96
189 149 99
188 153 97
188 156 93
187 159 92
187 157 90
190 159 94
190 156 91
186 155 87
189 154 85
188 155 87
188 151 88
190 148 87
187 147 88
184 145 90
188 145 93
184 149 93
188 153 95
184 149 92
186 147 90
189 143 88
192 139 86
194 141 85
190 140 81
193 140 77
190 137 78
192 137 81
192 134 81
196 134 78
192 137 76
191 137 76
187 138 73
189 137 75
188 141 74
189 142 75
193 144 76
193 148 74
190 148 72
193 149 68
191 150 64
188 152 67
186 150 66
188 146 64
187 147 62
190 147 62
189 149 66
186 150 70
186 152 73
190 156 72
187 154 76
189 150 72
189 149 76
186 147 73
189 147 75
192 143 77
196 146 79
194 149 80
190 146 80
191 148 81
193 146 81
195 148 79
198 147 82
195 143 86
192 147 86
195 147 85
193 148 89
193 144 90
192 147 90
196 148 87
200 148 87
204 149 86
202 153 82
198 151 86
201 152 84
198 155 85
197 156 88
193 152 87
190 153 91
188 153 94
192 156 95
194 152 96
197 149 99
200 148 97
198 147 94
194 150 90
196 146 93
198 143 96
195 140 99
195 138 103
192 142 101
189 146 104
187 143 107
188 140 104
187 141 107
184 138 106
181 136 103
183 140 101
181 143 100
182 144 101
182 148 102
184 145 106
185 145 106
185 144 108
186 142 111
186 144 114
185 143 116
189 139 113
188 138 116
186 142 117
185 145 120
185 141 120
185 143 122
189 143 125
186 143 127
182 141 129
181 140 125
183 141 123
187 144 120
183 143 123
183 143 126
186 141 126
188 145 128
188 142 126
184 144 130
182 143 128
182 147 131
185 149 129
183 152 132
187 148 136
187 148 139
188 146 138
190 147 137
194 147 133
197 144 131
196 148 130
198 145 133
199 146 129
198 147 126
195 149 123
197 151 121
199 154 119
200 154 121
203 157 118
199 158 116
200 156 116
198 160 114
202 164 116
202 164 115
200 168 116
197 169 115
193 171 113
194 169 112
191 171 112
192 170 108
191 173 107
187 176 107
184 175 106
183 179 108
184 181 112
183 183 110
185 181 107
185 182 107
182 180 110
186 184 109
188 181 107
190 180 108
188 178 109
192 174 108
191 175 111
191 179 107
189 179 110
191 178 110
190 175 111
186 179 110
189 181 110
188 183 112
192 184 114
196 183 114
197 182 118
200 186 117
201 189 119
205 187 116
209 190 113
212 194 113
208 191 112
208 191 113
210 190 116
206 194 114
208 195 118
207 191 114
206 192 113
202 190 114
206 187 111
202 183 108
206 180 104
207 183 100
207 182 97
206 178 98
209 177 98
212 174 101
213 173 98
210 173 101
206 172 100
205 176 103
209 176 106
205 174 109
204 176 109
202 174 112
205 171 115
206 171 119
205 174 116
204 176 116
207 180 116
207 178 116
211 182 113
212 182 111
215 179 114
213 179 110
215 181 112
219 183 109
219 184 111
221 182 111
221 186 108
221 189 112
218 187 112
221 186 109
217 187 109
218 187 106
219 189 107
219 190 105
215 187 108
211 187 111
211 188 114
215 188 110
219 185 106
215 183 107
215 187 106
216 186 103
219 182 103
217 185 106
218 183 106
214 183 107
216 187 103
212 186 100
214 185 96
211 187 97
215 186 95
216 187 96
219 189 95
221 191 99
223 192 102
221 191 106
221 190 107
224 194 111
221 196 111
219 198 109
216 198 106
214 196 108
216 194 111
217 193 114
213 191 111
211 195 115
215 193 115
212 192 113
216 192 109
217 190 113
221 194 111
222 193 112
222 192 109
226 194 111
224 195 108
222 196 108
225 192 106
221 191 103
222 194 100
218 193 100
217 196 101
216 196 104
220 198 104
224 200 100
222 204 97
223 208 95
227 205 92
225 201 91
226 199 93
222 196 91
221 193 88
220 190 85
224 188 82
227 192 81
225 190 83
229 192 83
226 189 84
229 187 85
233 189 81
233 191 85
235 194 87
236 195 91
239 196 91
235 200 88
236 196 89
238 192 86
238 192 89
235 192 92
237 195 91
241 192 89
237 195 91
238 198 91
237 198 95
233 201 92
236 203 93
238 204 89
237 204 90
241 206 90
237 209 89
241 213 90
237 216 89
235 213 89
239 211 86
238 209 82
240 212 83
238 211 82
237 208 80
237 209 81
233 212 84
237 215 88
235 218 87
239 214 90
243 214 88
247 218 86
243 217 82
242 218 79
238 222 81
242 218 83
245 215 80
246 213 77
245 214 78
248 216 74
244 220 72
248 221 68
245 222 70
242 218 74
246 217 71
245 214 74
246 215 72
249 211 76
245 210 72
244 211 76
245 211 75
242 210 79
244 213 77
242 211 75
239 210 79
235 206 78
233 205 80
229 207 81
232 210 78
233 212 82
236 212 85
238 208 83
241 204 86
238 204 82
234 207 84
234 211 85
233 212 87
232 211 90
232 209 94
236 210 95
235 213 94
231 210 94
229 210 95
227 214 95
225 216 92
226 213 94
229 217 97
228 216 101
224 218 104
226 214 100
225 216 98
226 215 98
228 215 99
225 214 103
222 213 102
226 217 106
227 217 108
226 216 107
224 215 103
221 217 99
225 220 100
225 220 100
229 224 98
232 228 101
233 225 98
229 228 97
230 227 96
227 224 96
224 228 94
226 228 96
223 230 96
222 232 97
220 229 93
222 232 91
219 233 88
217 233 92
218 233 88
218 232 87
218 231 85
218 233 82
220 233 82
219 232 81
223 236 79
222 238 76
218 237 78
222 237 80
225 238 77
223 239 78
226 238 80
225 235 76
226 231 75
228 232 74
232 229 74
232 229 76
232 231 77
233 235 75
234 239 73
232 238 72
234 235 75
237 238 79
240 237 78
236 235 82
235 238 80
236 240 78
236 239 76
234 241 73
232 245 75
230 241 77
227 240 77
223 236 76
225 237 73
223 241 76
225 238 74
222 240 70
220 236 70
223 239 74
224 241 78
224 245 74
221 245 72
219 244 72
221 243 72
223 245 76
221 249 74
218 251 75
222 251 77
221 255 73
222 255 74
221 258 73
219 258 70
215 257 71
211 256 67
215 258 68
215 256 67
217 259 67
214 260 69
214 259 67
218 260 71
220 257 74
219 259 71
219 259 72
218 259 75
218 262 71
216 264 71
218 267 70
218 270 68
216 270 68
213 269 69
216 266 73
214 270 75
211 272 78
211 275 82
213 277 82
210 273 78
214 271 82
217 269 82
221 265 84
222 267 82
220 268 85
220 269 82
219 271 84
219 273 85
217 274 86
217 276 90
220 275 93
223 271 93
222 271 89
223 271 93
222 273 97
219 271 93
221 273 89
224 274 92
226 274 93
224 272 94
226 274 94
225 270 96
227 274 93
230 272 92
230 268 96
232 268 95
229 267 92
230 264 91
227 266 90
231 270 94
234 266 96
234 265 95
230 264 98
232 265 102
232 261 104
233 261 100
236 263 100
233 263 101
230 259 105
232 255 109
228 253 110
229 255 114
225 254 110
228 255 106
224 255 105
220 257 104
220 254 104
221 255 107
220 253 108
224 250 105
226 251 104
225 248 102
221 251 98
219 248 100
223 247 100
226 251 102
225 250 104
229 253 102
232 254 106
233 254 106
233 253 109
236 250 109
237 252 107
240 250 103
239 253 106
235 250 104
238 252 105
234 254 109
233 257 112
230 253 111
233 251 109
233 252 112
230 249 112
230 246 112
234 246 114
231 243 111
234 241 107
236 244 105
236 247 108
232 247 110
234 247 113
231 251 117
229 255 115
225 251 114
223 252 111
226 254 115
226 255 116
222 258 115
218 254 115
217 258 117
216 258 113
216 259 114
212 257 118
211 256 120
209 255 123
211 251 126
212 249 125
211 253 121
215 253 122
215 255 123
215 252 127
217 253 128
213 252 127
215 249 130
211 246 132
207 247 128
206 251 128
202 255 130
198 258 130
199 257 127
199 255 129
201 253 133
202 253 129
206 250 127
209 248 126
207 251 125
206 252 125
205 254 126
201 253 127
204 256 129
201 253 132
203 250 128
205 250 125
203 250 121
206 252 122
209 256 121
206 259 123
210 257 122
208 256 125
211 252 129
214 248 132
210 248 134
208 250 137
205 249 139
201 253 135
201 249 136
199 252 140
197 254 144
200 254 142
197 257 139
197 255 142
201 258 140
200 261 139
204 259 138
205 255 137
209 256 141
211 252 139
209 254 135
213 253 134
215 249 138
211 246 139
212 246 143
213 250 140
212 251 136
212 253 134
215 257 136
215 261 135
217 257 134
213 261 130
210 258 129
208 262 130
208 259 134
210 255 130
210 251 134
210 251 132
211 249 136
208 249 133
212 248 137
208 250 138
209 252 141
212 252 143
215 255 141
213 253 145
214 254 146
218 256 143
218 260 140
222 257 144
219 258 144
220 257 140
216 260 143
216 262 147
220 265 150
224 266 152
224 270 153
227 273 156
224 270 156
222 268 159
221 267 158
221 270 161
218 274 162
222 275 163
226 276 162
222 273 159
226 269 156
228 268 152
224 268 150
226 266 154
228 265 155
224 263 153
227 260 152
231 256 149
228 255 150
226 254 146
229 257 144
231 257 144
228 254 145
227 252 143
228 253 147
228 257 146
231 261 145
233 263 142
237 263 141
239 267 137
236 268 136
233 271 140
234 268 140
236 271 141
235 271 143
231 270 146
227 272 150
231 272 148
234 271 152
236 268 152
238 270 153
238 272 153
242 269 150
240 265 151
240 264 151
240 260 149
239 263 148
241 264 152
240 264 154
243 266 151
240 267 151
240 264 153
237 267 150
240 267 147
237 265 146
239 266 148
237 263 147
233 259 145
234 262 142
