26 31 46
22 33 44
25 35 40
22 36 37
25 32 37
26 31 38
28 31 39
29 30 43
28 34 39
25 31 35
22 27 32
26 26 31
23 27 32
22 24 33
24 26 37
22 30 40
26 28 36
28 28 35
27 29 36
31 28 39
31 31 41
33 28 37
33 31 39
31 27 41
30 30 38
29 29 38
33 31 38
32 28 38
34 32 41
33 36 41
30 35 42
29 39 45
31 35 46
28 35 42
26 32 41
26 32 43
22 28 39
22 31 36
25 35 40
21 38 44
21 35 44
17 39 44
19 35 46
23 35 43
26 33 39
24 37 36
20 39 33
16 37 30
14 40 28
11 41 31
15 45 34
19 41 37
22 43 38
19 39 42
22 38 45
24 40 42
26 39 46
28 39 45
27 35 46
28 34 45
26 31 45
29 31 41
26 28 40
24 30 41
26 29 44
30 27 40
27 27 43
29 25 40
30 27 41
30 25 43
31 21 40
31 24 40
34 27 38
34 26 38
32 24 36
29 21 35
27 20 33
25 24 37
29 26 37
33 30 41
31 34 38
33 31 35
35 35 32
37 38 35
40 39 32
41 40 36
45 37 33
49 38 29
48 34 28
44 34 29
48 37 33
44 37 33
41 35 36
45 38 36
45 41 33
41 40 32
43 41 36
40 39 38
39 42 40
35 44 37
39 44 33
35 41 37
39 44 39
38 46 35
37 45 36
35 43 35
37 41 33
38 45 30
39 48 32
36 48 34
35 44 35
36 47 38
34 47 36
38 51 34
38 54 32
40 50 28
38 51 30
38 47 28
38 45 25
38 49 26
34 46 24
36 47 23
32 49 19
34 50 19
33 48 23
33 49 22
37 47 24
34 43 28
33 42 29
37 45 31
37 42 27
35 45 25
37 49 27
38 52 28
37 48 24
38 46 25
42 43 27
45 43 31
48 45 35
48 47 33
46 45 35
42 49 35
38 52 35
38 54 32
41 57 33
40 60 37
43 61 41
46 62 38
49 59 36
45 60 35
48 60 34
47 56 38
44 58 39
48 61 40
49 64 37
51 66 35
54 63 34
53 61 34
51 59 38
52 61 35
52 61 39
56 62 39
59 66 37
62 66 39
65 65 36
69 65 34
65 68 37
64 64 36
68 60 38
68 63 37
66 60 34
65 61 34
67 58 31
71 60 33
75 60 30
71 64 30
68 63 30
72 67 26
73 69 25
71 69 29
69 65 32
66 68 32
64 67 30
61 68 28
60 72 31
60 71 27
64 75 25
62 74 22
66 70 22
70 66 25
66 64 21
65 62 17
61 62 19
59 66 15
58 62 16
59 61 15
55 60 13
57 63 12
57 63 10
55 61 13
51 61 12
48 63 15
45 66 16
49 66 20
48 65 22
46 63 26
49 59 23
53 59 20
53 63 17
56 59 14
55 60 10
56 61 6
56 64 10
59 62 12
62 59 16
63 63 16
59 66 14
59 63 10
58 65 8
57 61 6
55 57 8
59 57 5
55 59 2
54 59 6
56 59 2
54 56 2
51 52 6
47 49 9
49 49 8
53 52 6
49 52 10
46 52 9
43 49 5
41 49 2
45 47 2
44 48 3
47 51 7
48 55 8
45 59 10
46 59 9
43 57 9
44 57 11
42 53 13
46 49 13
42 45 11
41 44 15
37 41 11
33 41 15
33 38 16
37 36 17
38 33 19
35 32 21
38 29 18
38 29 20
34 26 24
32 22 21
30 22 19
26 19 19
27 18 21
31 15 18
30 19 15
26 21 16
24 20 17
26 19 17
23 17 13
24 20 14
24 23 13
26 25 11
25 21 12
28 18 15
32 18 11
32 21 7
34 20 10
34 24 11
30 24 12
27 22 13
27 26 16
23 29 14
27 32 10
26 36 11
22 34 7
22 33 4
26 29 2
26 29 0
29 26 2
32 25 2
35 28 3
36 29 3
32 33 4
35 32 6
37 32 7
41 30 10
38 30 13
38 27 16
40 31 15
41 34 11
43 30 13
40 33 11
36 36 15
39 33 17
39 36 20
42 33 22
41 30 21
43 29 22
47 27 26
44 29 23
41 32 22
43 34 26
39 36 22
35 32 24
33 31 27
33 28 31
35 29 31
31 26 34
27 24 38
26 20 34
26 20 35
30 20 32
32 20 35
36 20 37
34 20 37
31 22 35
34 20 33
34 21 29
33 19 25
36 19 27
37 15 24
41 12 23
44 13 19
43 10 22
47 7 23
45 4 23
47 4 27
49 1 29
49 3 26
53 5 27
53 6 25
55 10 21
53 13 20
50 10 22
47 8 18
45 12 14
47 10 12
51 10 14
50 8 18
46 6 17
47 2 17
46 2 19
45 2 21
46 2 24
43 6 21
40 7 20
37 11 22
34 7 24
36 4 28
34 1 27
34 2 25
36 2 23
37 1 24
37 2 28
39 0 24
37 4 26
37 6 22
38 5 21
38 4 20
36 5 24
33 3 23
36 4 27
40 5 23
39 5 19
43 8 19
43 12 21
42 8 17
46 12 15
46 14 17
47 11 15
49 11 12
48 14 9
46 14 12
43 10 12
42 7 9
39 8 9
40 11 10
37 14 12
41 12 12
42 9 16
45 13 13
48 16 14
45 18 12
48 14 10
49 11 12
53 14 13
52 18 9
51 16 7
53 14 8
53 14 12
49 18 14
48 22 15
52 21 19
50 25 16
54 22 19
51 20 17
51 24 13
49 25 13
46 22 17
47 18 18
50 18 17
54 20 15
51 19 18
55 16 15
59 12 11
59 15 12
60 17 9
59 14 5
61 18 1
60 14 5
56 10 3
54 11 2
58 12 5
61 10 1
57 6 4
55 9 1
55 11 2
55 9 4
54 9 6
51 11 2
50 10 6
51 14 6
50 14 10
54 17 8
56 15 4
56 18 4
60 16 6
60 20 5
60 19 2
62 16 2
65 13 2
61 12 1
64 8 2
66 6 2
67 7 2
70 5 5
72 5 3
72 2 6
75 2 4
76 4 2
75 8 2
74 4 2
78 8 3
74 12 6
75 11 9
72 11 10
69 11 14
65 13 14
63 12 14
67 8 16
69 10 13
67 7 15
67 7 13
65 10 12
65 7 11
65 8 12
67 11 16
65 8 18
63 10 22
59 10 23
57 11 25
57 9 27
57 6 25
58 8 26
60 8 26
61 11 22
64 11 19
61 13 18
57 16 19
57 15 15
54 11 17
54 11 18
53 14 22
50 14 26
52 12 29
56 14 30
57 16 26
55 13 30
51 15 30
55 17 26
51 19 26
53 21 27
49 17 28
46 18 31
44 15 31
45 17 34
46 14 36
50 11 38
51 14 38
48 14 39
49 17 35
50 14 38
50 11 34
47 9 32
45 6 36
43 6 37
41 6 39
37 7 40
34 11 43
33 12 39
32 10 40
35 6 38
39 2 34
43 1 30
41 3 29
43 3 29
46 2 28
49 2 24
46 2 22
42 2 21
39 2 24
43 3 25
45 1 22
42 1 24
45 2 24
45 0 27
43 0 25
39 4 29
39 1 26
38 3 26
34 5 30
31 8 26
35 5 22
34 9 19
34 7 22
35 5 20
32 5 16
35 2 18
36 5 22
35 7 24
39 6 22
38 3 24
37 4 21
33 6 19
37 4 20
33 5 24
33 8 24
36 8 28
34 4 32
34 5 30
37 9 34
35 6 36
36 3 36
35 7 40
34 6 42
30 10 43
32 12 45
30 10 42
27 11 40
25 9 43
28 7 41
26 4 41
27 2 41
23 5 38
23 5 38
27 1 36
25 2 32
25 2 30
21 2 33
22 2 34
20 5 36
21 9 32
19 5 35
22 9 36
24 9 37
21 12 37
19 11 39
16 8 37
19 7 36
19 9 38
20 6 35
19 4 33
21 6 37
21 2 40
23 2 40
22 2 38
24 2 38
21 5 35
19 1 31
23 2 34
26 6 31
23 4 32
21 2 28
23 2 26
21 4 22
25 3 22
26 4 18
30 0 18
30 2 20
27 4 24
26 0 22
23 2 18
21 4 15
25 2 18
25 3 22
25 3 26
29 6 22
25 8 22
21 4 20
17 4 18
18 5 20
18 9 22
21 10 19
23 9 23
20 8 25
16 4 26
16 7 22
12 9 26
14 8 26
11 5 27
13 1 23
15 2 23
13 2 27
12 2 26
13 3 30
16 3 26
15 1 28
17 3 25
18 2 25
22 2 23
20 5 20
22 4 19
20 0 16
20 3 18
24 6 16
22 6 18
24 5 16
24 6 17
23 10 20
21 8 24
19 9 20
19 6 21
17 2 19
17 3 15
20 7 18
19 11 15
19 13 12
19 14 14
15 16 15
15 12 11
14 8 11
17 10 13
18 10 14
21 13 13
22 16 9
20 18 6
16 16 5
20 13 8
21 10 8
24 13 8
23 16 9
26 15 5
22 15 2
21 19 2
24 23 4
27 24 5
28 26 6
32 24 5
32 21 6
36 19 9
37 19 8
35 16 5
32 20 2
33 23 6
31 25 3
27 27 2
29 29 2
27 30 1
30 28 2
33 29 2
37 33 0
34 33 2
38 31 2
37 30 3
33 32 0
33 35 2
32 33 0
30 33 2
29 33 2
32 31 2
30 28 5
27 32 5
25 35 7
23 38 5
21 41 6
23 42 2
19 40 2
19 44 1
16 47 2
16 43 2
13 39 4
13 40 6
16 36 9
14 34 11
11 36 10
8 37 13
11 37 9
9 36 9
6 33 10
10 33 13
13 31 16
11 28 12
12 27 11
16 23 15
18 24 13
18 28 11
21 25 14
25 25 15
23 21 11
21 21 14
18 22 11
20 23 13
18 25 11
14 21 10
12 17 10
9 14 7
7 12 8
6 10 7
8 14 10
8 16 13
4 20 16
4 24 15
6 22 12
10 24 15
13 28 18
15 31 16
14 27 20
17 31 18
17 33 14
19 37 15
18 33 12
20 35 14
18 31 11
22 31 9
19 27 9
16 26 12
18 27 9
16 28 13
14 27 10
18 30 11
14 33 11
17 31 7
19 27 9
18 27 9
17 24 5
15 25 1
11 27 0
12 29 2
12 31 2
15 32 4
18 30 8
18 26 11
19 22 12
18 18 10
15 19 11
14 18 15
16 16 18
18 18 17
14 21 18
11 21 16
8 24 12
9 21 9
13 22 8
13 24 9
9 22 7
12 22 5
13 26 9
12 26 7
14 26 8
17 24 8
18 27 9
15 25 5
16 27 8
16 29 6
17 29 7
15 30 3
14 30 4
17 32 5
13 30 3
17 32 6
13 30 4
14 31 2
17 28 6
15 28 9
16 29 5
19 33 8
17 36 6
14 38 7
13 37 9
17 39 11
16 38 7
16 38 11
13 40 13
16 42 14
17 38 12
14 40 10
16 40 10
13 40 8
9 44 12
9 42 16
6 41 15
2 38 18
3 39 16
3 40 15
0 43 15
1 39 11
2 35 8
0 36 5
4 39 2
7 38 2
7 39 3
7 40 7
9 43 9
13 39 6
9 43 8
10 39 5
7 41 5
10 42 6
8 40 9
5 38 6
6 40 7
6 36 9
7 40 7
8 38 10
6 34 12
6 38 10
10 37 11
12 36 12
12 36 16
11 37 17
15 35 20
15 36 22
12 37 22
15 39 25
18 35 27
17 39 30
21 35 32
22 33 34
21 30 37
25 29 36
29 30 35
28 31 37
28 28 34
27 29 32
28 29 30
32 26 32
28 25 33
28 28 31
27 29 31
26 33 34
25 32 34
27 32 30
29 32 26
33 33 25
36 33 24
33 30 27
35 32 25
32 29 24
33 30 28
34 28 28
35 29 32
35 29 31
37 31 33
33 32 34
35 36 38
31 35 40
30 35 38
27 34 37
23 34 35
22 33 31
21 31 34
17 30 35
14 27 34
18 24 31
20 23 30
21 26 29
24 30 32
24 29 30
26 29 26
28 29 30
30 30 28
28 27 31
30 26 28
29 26 25
33 23 28
32 23 26
34 20 27
33 17 31
34 17 31
32 20 31
36 23 31
35 21 28
34 19 24
36 19 25
33 22 29
30 21 33
34 17 35
38 15 31
37 16 33
41 20 34
42 23 35
38 19 34
41 19 34
37 20 33
35 17 34
33 14 30
35 16 29
34 15 33
31 15 32
28 18 34
26 15 30
25 18 29
27 21 32
31 22 35
30 18 32
30 22 31
31 20 34
31 16 33
34 20 31
31 22 29
34 20 28
36 18 29
35 19 28
35 20 31
37 18 31
39 14 32
40 15 31
41 14 31
44 13 29
41 15 30
41 19 30
39 17 30
43 17 28
44 16 31
40 20 34
42 16 32
41 17 35
45 16 34
46 19 31
44 18 35
44 18 39
42 21 43
38 20 41
41 22 39
45 22 36
45 26 37
42 24 38
43 27 38
47 31 42
47 33 44
50 37 42
46 37 39
42 39 42
40 42 38
41 45 36
39 49 37
35 53 39
31 54 41
27 50 38
24 49 37
22 51 36
20 55 33
16 58 30
12 62 32
8 64 36
8 63 35
7 64 31
6 65 27
5 64 26
9 68 25
11 71 24
13 75 26
9 74 24
9 75 28
10 77 27
6 74 27
6 75 29
10 72 27
12 74 31
15 74 33
19 74 35
17 72 36
15 74 40
13 74 39
14 78 40
14 81 38
18 82 40
16 81 38
13 82 40
12 82 40
13 84 38
12 85 41
14 87 38
11 83 35
13 79 39
12 78 35
16 82 35
15 86 36
18 87 40
19 86 38
23 90 40
25 92 37
29 89 40
27 93 42
24 95 40
20 99 41
24 99 38
26 101 37
23 102 35
23 106 36
20 103 39
17 106 43
19 106 45
15 110 44
19 114 46
21 111 50
24 112 48
28 108 44
30 109 42
26 107 39
29 108 35
32 107 39
36 111 36
34 108 37
33 111 41
36 109 37
40 110 37
39 107 41
42 106 44
46 104 43
44 107 46
48 108 50
51 111 54
51 111 51
55 111 50
59 109 49
57 107 49
60 111 47
61 113 49
57 117 51
54 119 55
53 118 55
50 122 51
54 125 51
52 124 52
54 122 53
55 124 50
53 126 46
57 128 47
56 131 50
55 127 47
56 124 48
55 120 46
53 123 42
53 125 38
57 126 42
58 126 39
59 130 39
59 131 38
56 134 42
53 135 40
55 139 43
59 138 41
61 140 39
58 137 37
55 138 41
56 141 38
53 143 40
50 143 39
49 145 41
51 149 40
50 152 44
50 155 48
53 157 52
54 156 48
56 156 47
52 152 44
56 151 45
54 151 44
53 147 40
51 143 42
47 146 43
45 147 39
42 144 38
41 146 42
41 145 39
39 142 42
38 144 45
39 144 48
37 143 49
35 144 51
31 143 49
28 143 49
28 146 50
31 147 54
28 146 57
26 146 55
27 149 52
24 145 54
23 144 55
24 140 53
28 143 53
26 146 57
29 147 56
28 143 56
31 146 60
34 149 61
36 150 64
40 147 61
44 143 60
44 142 61
42 140 63
42 143 65
38 140 65
39 139 61
40 143 61
37 146 57
41 148 59
43 147 59
42 146 58
42 150 59
39 154 55
40 158 59
37 156 62
34 157 61
33 155 62
29 158 65
25 161 64
28 163 68
30 159 64
29 156 63
27 154 65
31 156 62
29 153 63
27 154 64
24 154 68
26 153 65
29 153 61
27 153 58
25 156 57
23 154 58
23 155 61
23 154 60
22 154 64
25 154 68
27 153 68
31 155 70
31 152 71
34 153 73
37 151 70
35 152 72
39 150 76
38 154 77
41 156 78
37 155 74
41 153 76
40 153 73
39 154 72
36 155 75
33 159 73
32 162 77
33 164 73
36 164 76
39 160 78
42 162 82
38 162 80
41 161 77
38 160 78
40 163 80
38 160 77
35 163 79
31 164 80
27 162 80
24 161 84
22 164 83
21 165 80
17 163 79
13 165 83
13 163 82
16 165 78
19 164 81
16 167 84
18 171 85
22 175 81
23 179 84
24 183 85
28 179 82
32 179 83
31 182 87
32 178 87
33 181 90
35 178 90
31 179 87
30 175 84
31 173 82
34 176 86
36 180 90
36 176 91
36 179 93
37 175 89
37 176 86
41 175 89
43 174 93
46 170 94
46 172 95
44 172 97
42 175 94
42 179 95
45 183 92
44 187 88
46 190 86
44 194 87
45 192 91
42 193 95
45 191 92
47 192 94
44 192 93
40 191 91
41 190 88
37 188 88
35 192 87
34 194 87
31 195 83
28 197 82
26 200 82
24 201 80
27 204 81
26 207 85
29 211 84
25 211 80
25 211 78
29 208 79
25 205 77
26 201 77
24 204 74
23 203 76
21 203 74
20 202 71
21 201 67
21 205 63
20 204 62
17 205 59
18 208 58
17 207 62
16 206 64
14 205 67
12 202 64
8 202 66
5 205 70
3 207 68
3 205 72
2 209 70
1 213 70
2 212 73
4 208 72
6 206 71
10 204 71
9 204 70
10 205 74
14 201 75
18 197 78
14 194 81
13 197 79
11 201 79
14 204 82
10 202 82
10 199 84
8 197 84
4 197 88
6 193 91
10 196 90
6 197 94
10 197 94
12 198 97
8 199 97
6 196 100
8 192 102
9 193 101
13 196 102
16 196 102
12 199 100
13 198 99
14 199 99
12 196 102
13 192 101
11 190 105
13 189 107
12 187 105
12 190 104
8 187 102
4 191 104
4 191 108
7 191 110
7 193 107
5 196 107
9 192 105
12 191 102
8 193 106
12 197 107
11 197 110
13 200 106
9 202 109
10 204 107
6 203 109
9 201 109
5 201 108
2 204 104
3 205 100
5 207 101
5 206 99
3 205 103
2 206 107
2 207 110
0 210 108
4 212 112
7 213 114
6 213 117
8 212 118
4 210 118
7 207 117
11 211 121
15 211 120
18 207 122
17 205 122
18 206 122
19 207 120
22 205 117
23 203 121
19 203 124
23 200 123
22 198 125
24 201 129
25 200 132
22 197 135
20 198 138
23 195 134
25 194 138
28 197 134
32 201 130
36 197 129
37 201 133
40 199 129
43 198 128
39 198 130
38 197 128
36 196 129
32 199 133
28 196 131
28 198 130
29 200 134
25 197 135
25 193 139
28 189 143
26 191 142
29 195 145
33 198 145
30 201 143
29 199 145
30 198 149
32 197 153
36 193 150
32 194 152
35 192 155
38 188 154
35 189 154
31 185 150
31 186 154
28 189 157
26 185 154
30 184 156
30 186 155
26 185 154
26 185 155
22 189 159
24 188 162
27 184 163
29 180 162
32 182 166
33 185 166
33 189 170
33 188 171
34 188 170
31 188 168
29 185 165
33 185 169
29 188 171
32 189 172
31 190 171
31 193 173
29 192 172
30 195 172
33 194 170
36 195 168
32 193 169
29 194 165
26 190 163
29 186 159
26 182 157
30 186 155
32 183 151
33 184 155
36 181 155
37 182 154
38 185 150
42 189 151
45 188 147
44 187 146
44 190 144
44 192 143
42 194 139
44 190 137
41 191 134
39 187 135
42 183 137
46 181 138
48 182 138
48 179 135
51 177 132
51 177 133
51 177 130
55 180 133
53 183 131
54 179 135
54 177 131
54 179 130
54 178 126
56 175 126
59 179 129
57 182 130
59 182 131
55 181 134
52 180 137
51 181 133
47 177 134
48 177 133
50 173 131
46 169 130
45 168 127
48 165 123
46 165 120
48 163 120
49 166 117
47 162 113
50 160 112
54 160 113
57 161 111
61 159 114
64 161 115
65 158 112
64 156 112
62 152 109
66 155 109
62 154 107
66 157 106
64 154 105
67 155 106
71 154 105
67 151 104
70 147 105
69 144 102
69 146 105
69 145 105
66 146 106
67 149 107
68 153 107
66 151 106
65 152 106
65 154 107
63 157 107
65 160 104
66 160 101
67 164 103
69 167 103
69 163 106
70 163 103
69 162 107
65 166 103
62 168 102
63 171 105
67 172 105
67 173 109
64 169 111
67 169 110
66 172 106
69 172 104
71 170 104
68 173 100
71 174 101
74 172 97
70 175 101
68 177 104
67 177 102
66 174 106
65 172 110
69 170 106
73 166 104
74 166 108
76 167 106
79 170 107
79 169 108
83 170 108
80 171 107
77 170 104
76 169 105
77 165 109
75 168 107
73 169 110
77 171 107
75 167 106
71 171 102
72 174 99
76 170 98
75 171 99
76 168 99
77 165 97
73 162 93
72 160 96
75 162 93
73 164 93
72 165 93
71 169 97
68 168 94
72 171 98
73 169 96
76 172 97
74 176 95
76 179 92
78 182 93
80 178 91
76 181 91
73 184 93
75 186 92
74 183 92
73 183 94
76 186 96
72 183 96
75 182 97
72 178 95
68 182 99
70 183 101
68 180 103
68 181 101
71 180 100
69 179 103
72 182 100
74 179 97
75 175 98
76 175 97
75 177 100
78 180 100
76 176 99
76 176 96
73 179 96
76 175 92
79 178 94
79 179 97
81 181 100
85 177 104
87 174 105
89 172 101
90 172 98
86 176 102
89 174 103
86 177 103
84 173 99
88 170 103
92 170 100
95 170 99
91 174 96
89 178 99
89 181 98
91 179 101
88 177 102
88 180 106
85 176 103
81 175 102
80 177 99
83 179 101
79 183 105
81 184 107
79 185 107
79 182 111
83 179 114
79 180 117
82 180 117
79 176 121
75 179 122
79 179 125
78 178 125
74 177 124
75 177 124
73 181 125
72 182 127
73 181 124
73 178 123
73 178 127
75 174 125
79 171 129
78 167 126
76 163 126
79 162 130
79 166 133
80 168 136
83 170 135
82 173 133
79 177 130
78 173 130
75 177 127
77 180 129
74 178 129
76 174 125
77 178 129
80 178 125
78 175 127
74 176 129
78 176 133
77 177 130
81 175 130
83 177 134
79 178 132
75 174 131
78 170 132
79 167 131
81 164 132
79 161 131
79 158 133
75 160 136
73 156 137
75 160 140
76 159 136
74 162 140
72 166 140
72 167 144
71 163 146
70 163 144
74 167 145
75 166 144
79 166 140
81 170 137
77 172 140
79 168 141
76 165 137
79 163 135
78 160 131
82 163 131
78 167 129
79 166 129
81 164 132
79 161 130
81 157 129
77 157 129
76 161 127
72 157 131
70 155 127
69 159 131
69 159 129
68 162 127
71 159 128
74 157 125
71 154 126
72 153 130
69 153 126
68 155 129
69 156 128
70 152 125
68 156 121
67 156 125
66 156 121
70 160 119
69 157 123
70 153 121
73 156 123
69 159 119
68 160 121
71 160 119
75 160 123
74 161 122
77 158 125
81 155 124
82 155 123
78 154 120
78 155 123
74 158 119
76 155 119
72 157 118
76 157 117
77 160 116
81 157 120
80 158 117
78 156 115
76 156 117
80 153 120
79 156 117
77 157 117
78 156 119
76 158 120
79 159 118
77 160 117
81 157 121
78 160 117
80 156 115
83 153 111
80 156 111
83 152 112
85 155 113
85 152 115
85 152 111
85 149 113
84 146 109
87 145 105
83 141 103
79 138 107
79 141 107
75 142 111
76 145 112
72 142 112
75 141 114
77 140 111
80 138 113
77 135 109
73 138 107
73 135 104
72 137 100
71 135 96
70 131 95
73 132 98
70 129 102
68 127 106
69 128 106
67 128 109
65 127 110
62 124 110
60 126 110
62 125 114
66 124 118
70 127 120
73 128 123
74 124 127
72 124 125
72 126 121
71 123 119
70 126 115
71 123 114
73 122 111
74 121 107
70 119 110
71 118 113
74 119 116
76 118 114
78 117 116
78 114 116
74 117 117
74 120 113
77 118 113
74 114 109
73 117 112
71 116 116
67 117 120
67 118 120
68 115 124
70 117 126
68 113 127
66 114 131
68 118 134
66 120 138
62 122 136
66 119 135
67 122 137
69 124 141
72 125 139
76 125 143
75 128 143
73 128 144
70 128 143
70 129 146
67 127 150
71 126 148
74 127 145
77 126 149
81 128 146
78 124 146
77 124 144
78 124 146
78 120 144
78 118 144
82 121 147
82 124 150
81 121 153
84 117 156
83 113 157
80 109 155
80 105 153
77 102 150
73 104 146
77 105 150
74 106 147
71 102 145
69 100 141
69 104 143
72 100 146
76 100 144
76 102 148
72 102 147
69 106 148
67 110 152
63 108 151
61 112 152
57 112 148
54 109 146
56 105 145
59 103 141
58 105 138
62 109 140
66 108 139
66 107 138
69 108 140
72 108 143
69 111 144
71 114 141
71 114 142
73 116 140
71 113 142
70 115 138
73 117 136
72 120 133
70 119 134
69 122 131
66 121 132
66 125 128
69 129 130
68 125 126
65 126 125
64 129 123
67 128 125
64 129 129
66 125 130
67 129 126
66 130 129
63 126 128
61 128 126
59 129 129
56 130 125
53 126 126
54 123 127
53 126 123
55 123 119
59 121 115
58 120 116
58 118 119
59 119 119
60 117 121
57 117 123
56 114 123
53 114 127
55 110 124
54 113 122
50 114 126
50 111 126
52 108 122
56 109 120
53 111 117
55 114 115
55 114 113
52 114 113
53 114 114
54 112 115
53 116 111
51 112 110
55 110 109
57 107 108
54 104 107
53 102 103
53 101 102
57 99 102
58 99 103
56 95 100
54 98 96
51 97 99
47 100 98
46 100 101
43 101 105
44 102 103
42 98 105
41 95 104
39 98 100
41 100 102
39 96 100
40 95 103
41 95 106
44 99 102
44 101 99
40 105 99
37 101 97
34 105 95
34 102 95
37 100 91
33 102 94
37 98 98
40 99 96
42 95 98
41 91 97
45 90 94
43 86 97
46 87 93
44 88 92
47 87 96
50 83 97
51 83 96
50 85 100
49 85 102
52 89 102
55 88 99
56 90 100
53 87 99
55 86 101
55 84 98
55 80 101
55 82 102
55 85 99
51 83 96
53 79 95
54 78 95
58 77 95
54 73 95
53 77 98
51 81 95
54 85 99
58 87 97
55 86 100
54 83 100
51 80 101
52 84 98
56 80 95
59 79 97
59 75 100
63 72 97
65 70 99
66 68 103
62 69 103
59 72 100
62 68 103
66 68 103
63 65 107
60 67 106
62 64 103
61 62 104
58 62 106
60 65 103
59 65 106
58 62 108
55 63 112
51 62 112
53 61 115
57 65 111
55 62 111
55 65 115
57 67 116
54 69 115
53 67 111
55 63 109
51 62 105
49 66 105
45 62 106
43 59 107
44 57 104
40 54 107
40 56 105
44 54 107
44 52 106
46 52 105
47 55 107
50 59 103
46 61 105
48 59 105
49 55 109
51 55 109
50 57 107
48 55 109
44 58 111
42 61 113
43 57 115
45 55 114
46 52 116
48 54 119
52 50 121
55 51 124
53 47 124
50 51 120
50 53 116
48 57 115
48 57 111
44 60 115
45 58 112
46 62 112
46 61 113
48 61 116
48 57 118
48 53 119
49 54 115
52 52 112
50 48 113
51 49 111
48 51 108
44 52 110
46 54 106
47 56 110
49 55 113
45 52 111
44 48 114
47 44 112
51 42 110
50 39 112
48 37 108
51 37 105
53 39 103
50 43 102
49 43 99
53 40 101
56 36 97
56 37 94
54 33 91
54 37 92
58 35 89
57 35 92
61 34 89
65 37 93
66 34 93
62 30 89
62 31 91
61 28 92
61 26 94
57 25 95
53 24 97
49 20 95
50 18 91
54 15 87
51 13 84
50 17 81
51 13 80
50 17 77
52 19 79
50 21 83
48 18 86
45 20 90
44 18 87
41 18 88
45 21 91
47 23 94
50 26 93
46 30 96
49 32 92
47 31 95
47 30 98
47 34 99
43 33 96
39 36 98
37 34 102
35 35 99
31 38 100
35 34 100
39 38 104
42 39 107
40 41 105
44 42 103
45 42 106
46 43 104
49 47 104
53 47 105
56 50 108
58 54 111
56 53 112
58 50 109
54 48 108
57 52 109
54 50 110
58 47 109
59 45 110
62 41 113
62 42 112
60 45 114
56 47 115
55 43 117
56 39 116
56 38 119
60 42 123
60 42 127
61 40 129
58 44 131
55 40 133
51 39 133
54 36 132
53 32 128
57 32 128
58 28 129
56 24 133
56 27 129
52 31 130
48 33 131
44 36 131
42 35 132
38 34 128
37 38 131
39 40 129
40 41 131
42 38 133
42 39 132
44 43 129
45 47 131
46 48 132
42 45 136
43 41 136
42 42 138
44 42 140
42 41 137
38 38 133
34 42 137
32 41 141
33 39 144
30 39 148
26 36 146
25 39 150
21 35 151
23 31 147
23 35 147
22 35 145
25 36 146
22 37 148
20 37 146
23 34 146
19 32 144
22 32 142
18 36 141
21 33 140
21 37 141
22 34 143
22 33 145
18 37 148
18 34 146
21 35 143
24 33 141
20 31 141
20 30 138
18 31 134
17 33 136
15 31 135
15 27 136
17 25 136
19 28 139
21 30 138
25 29 142
22 29 138
24 33 137
23 36 135
21 36 139
22 37 142
23 34 139
20 37 140
20 41 140
23 39 144
22 40 140
20 42 143
17 39 144
17 41 144
20 41 140
18 38 136
16 42 135
20 46 139
17 48 137
20 49 140
22 45 142
22 41 146
21 40 148
18 36 146
16 33 143
16 29 140
18 31 142
19 28 142
20 31 146
22 30 150
25 26 150
22 30 146
25 28 145
25 24 142
25 24 146
28 23 149
26 27 148
25 25 148
24 25 151
25 21 148
22 25 145
21 23 143
23 22 139
26 21 139
23 19 138
22 20 141
19 18 141
20 22 142
24 19 142
28 21 141
32 18 145
33 17 144
34 17 147
34 18 145
33 14 144
33 10 142
32 7 144
32 5 140
31 6 141
27 10 139
26 7 141
25 3 143
22 4 147
23 6 145
20 3 149
19 7 151
23 5 151
21 5 153
23 2 151
23 5 147
23 9 149
25 13 152
23 16 148
22 18 144
25 21 144
26 21 142
26 22 143
29 19 139
25 18 139
24 19 136
25 21 138
27 22 134
26 21 135
23 18 136
19 15 137
19 19 135
22 22 136
20 24 140
20 28 136
16 32 139
17 30 135
14 33 133
12 33 131
13 34 129
17 34 126
15 32 129
18 34 130
18 31 131
15 33 127
17 30 125
19 26 121
23 23 117
21 25 121
22 29 117
23 33 119
19 30 117
16 27 117
14 30 118
17 33 116
16 36 112
14 33 114
16 33 110
14 30 108
16 28 109
19 26 107
16 26 105
14 24 101
17 21 97
20 23 95
18 25 93
19 23 92
20 23 90
24 21 94
26 20 97
30 16 101
34 12 103
31 13 104
35 12 102
38 14 105
37 18 107
40 15 105
39 11 103
42 12 99
44 11 99
40 8 97
37 5 93
33 2 94
32 0 92
28 1 94
25 5 94
25 7 97
25 10 100
25 12 104
29 9 105
26 9 107
28 7 107
30 10 107
28 10 111
28 11 114
29 8 117
25 8 120
25 6 124
23 5 124
21 1 123
23 5 120
20 6 124
19 5 125
20 9 123
22 6 120
19 10 118
17 7 120
17 9 118
20 13 117
19 10 119
18 6 123
19 3 121
18 6 121
16 6 125
15 4 123
12 0 119
11 3 122
15 5 119
17 6 117
21 10 114
23 12 111
23 8 107
19 9 111
21 11 112
22 14 113
19 11 117
20 8 119
19 8 123
15 9 124
18 11 120
17 9 116
19 6 120
18 2 122
19 2 124
23 1 123
20 0 119
20 2 118
24 4 122
20 6 124
18 5 125
14 6 126
15 5 129
14 5 128
14 5 124
15 9 122
16 10 125
17 7 123
14 5 121
15 3 125
14 7 121
15 9 118
11 11 119
11 7 116
13 6 120
11 10 119
9 10 115
8 6 118
9 10 117
12 10 114
14 7 110
11 10 111
14 11 111
17 14 110
18 12 113
14 14 113
12 17 115
8 16 114
10 18 118
13 18 120
14 16 124
11 17 122
7 13 122
10 13 118
7 11 116
3 10 118
0 10 122
3 14 126
2 12 126
1 16 130
4 13 128
6 11 132
10 8 136
14 12 137
16 16 138
19 12 137
17 15 135
21 11 131
20 14 128
17 17 130
21 15 128
20 17 131
20 17 134
18 20 138
20 21 134
19 20 138
21 17 137
18 14 138
19 13 139
19 17 136
15 16 138
17 18 135
15 20 133
14 17 137
13 13 138
10 10 142
12 11 138
15 8 137
18 6 134
17 7 134
18 7 137
19 7 136
23 8 133
27 5 133
26 9 133
24 10 130
21 14 134
22 14 136
22 15 139
26 16 135
22 14 133
23 18 133
20 16 137
23 20 137
25 23 134
24 27 131
25 30 133
22 33 132
24 31 128
28 30 126
29 30 124
25 32 126
27 29 122
28 31 120
24 32 120
23 33 117
24 37 120
20 34 117
17 30 120
14 30 121
15 26 121
12 30 119
13 27 120
15 31 117
15 30 115
13 33 116
13 32 116
9 30 120
7 30 124
7 31 126
3 28 130
7 32 134
8 34 134
12 31 132
10 35 128
8 34 124
6 38 125
8 39 128
8 41 126
7 45 124
5 41 120
6 38 119
4 34 115
8 35 117
5 39 113
8 36 116
10 32 115
13 33 113
16 34 114
17 38 116
14 39 114
14 40 114
13 39 118
10 41 121
12 44 118
16 48 122
17 46 125
19 46 123
23 50 122
21 46 120
25 45 124
27 46 125
31 45 125
33 48 123
36 45 120
36 43 118
40 40 117
41 39 115
45 39 112
49 41 113
45 45 112
43 46 114
45 45 112
48 42 108
48 43 109
49 40 108
46 40 109
43 37 112
45 40 115
43 41 117
44 42 116
47 46 113
45 50 114
42 48 117
43 46 117
45 45 116
48 46 117
45 48 116
49 44 116
47 48 120
46 49 120
42 50 117
41 48 115
37 44 115
38 45 115
35 44 118
37 46 119
39 47 121
43 43 119
42 44 116
43 41 114
46 44 116
49 45 119
46 49 116
50 49 113
50 49 114
50 50 111
54 47 114
57 43 112
58 44 111
60 48 112
56 47 116
59 47 112
60 44 113
61 46 115
59 42 118
58 45 122
55 42 121
58 41 123
54 44 119
51 43 120
51 44 121
50 47 118
48 50 119
51 50 121
54 50 121
55 49 118
59 47 115
57 49 112
57 50 112
57 53 115
59 51 118
61 50 114
60 54 111
63 51 109
60 49 108
63 47 107
60 47 107
64 47 111
65 46 114
64 49 118
62 48 122
59 46 118
63 44 121
64 41 117
65 38 113
69 36 111
71 38 108
68 41 108
71 45 111
71 43 115
68 44 116
65 43 115
63 45 118
63 44 116
66 48 117
62 45 120
66 41 124
68 39 124
72 41 125
74 45 122
74 41 120
77 42 123
74 40 121
70 38 117
67 38 115
66 40 118
66 36 122
70 32 122
72 33 121
74 31 117
73 32 120
73 29 118
71 27 116
67 29 116
64 31 117
68 34 118
65 34 116
61 38 120
65 41 118
67 44 120
64 42 120
63 40 121
64 42 125
64 44 129
65 44 130
62 46 127
58 48 123
54 46 120
52 47 124
49 51 126
47 50 127
43 48 130
47 48 132
50 44 128
47 42 126
47 42 123
47 40 119
47 38 123
44 39 124
40 37 128
42 34 125
46 36 128
50 39 124
53 38 127
56 37 126
56 37 124
54 41 122
53 39 124
53 40 120
51 41 120
52 39 121
49 41 117
45 39 119
46 40 120
42 39 117
39 38 115
39 37 117
41 39 119
37 43 119
38 40 119
41 38 117
39 38 120
41 42 119
38 43 116
38 42 113
34 43 109
32 41 105
28 44 102
28 44 101
32 40 98
34 41 101
32 38 99
33 41 95
31 38 94
27 34 91
24 32 88
21 35 88
21 38 91
24 42 93
24 40 92
22 44 89
18 44 88
22 40 84
20 39 85
19 38 83
19 35 81
15 36 84
14 40 82
14 38 78
12 41 79
11 45 78
9 47 79
11 51 81
13 49 83
11 51 79
7 49 80
9 51 80
9 47 84
5 44 81
8 43 84
4 45 86
3 44 85
5 46 85
2 44 81
0 43 83
2 44 85
6 46 81
4 47 83
0 49 86
0 46 83
0 48 81
0 47 79
0 50 75
1 48 79
5 45 80
7 45 83
3 44 84
7 47 83
4 43 83
4 47 85
2 47 81
1 50 80
1 54 81
2 53 81
5 57 78
7 58 82
6 59 78
3 56 81
1 60 80
2 63 79
2 67 83
5 63 81
7 66 79
3 69 77
3 69 76
6 67 74
8 67 75
9 63 76
12 61 78
15 58 75
12 61 76
13 59 79
9 61 81
7 62 84
7 60 80
11 63 80
10 59 78
13 56 81
11 58 80
7 55 79
3 51 80
0 51 76
2 53 73
2 52 71
2 52 70
6 51 71
10 49 69
11 50 67
13 52 69
12 48 69
16 51 69
13 55 69
13 58 71
16 57 69
16 59 70
19 57 66
20 60 66
24 59 66
27 61 64
31 65 60
30 64 58
32 60 58
31 60 61
31 56 65
32 54 69
34 57 65
33 58 69
29 58 67
31 56 69
32 56 71
28 55 72
30 53 68
31 54 65
30 54 65
33 55 68
35 52 66
31 56 62
33 58 66
36 59 65
39 58 69
35 59 69
36 56 73
32 53 69
31 50 71
32 51 74
28 49 75
28 51 73
28 53 74
25 50 78
22 48 76
19 49 79
15 47 75
14 51 72
15 54 69
14 56 70
14 60 67
11 61 71
11 65 72
8 66 72
8 67 70
6 66 70
10 64 73
9 60 69
9 60 65
11 58 67
10 56 69
11 60 66
15 63 62
12 65 61
13 69 59
12 68 61
14 67 65
15 66 62
16 63 63
13 61 64
16 58 64
18 55 61
20 55 63
24 51 62
21 53 61
21 57 60
25 54 64
23 54 61
22 56 60
18 57 62
22 58 60
23 57 63
25 54 65
26 55 62
30 55 60
26 53 64
27 50 62
23 54 59
22 55 57
20 56 57
22 54 60
23 53 63
26 51 62
26 48 61
29 48 58
26 45 56
24 47 58
22 50 60
21 48 58
18 45 60
18 41 62
17 41 65
20 37 63
16 35 62
13 39 62
9 36 62
9 36 63
10 36 64
13 33 60
12 35 64
9 31 63
6 32 60
5 33 61
2 29 58
1 33 60
2 35 56
1 33 56
5 29 60
1 32 56
3 35 52
2 32 56
5 35 56
3 39 56
2 38 55
4 35 54
2 33 52
0 35 48
0 38 49
2 35 45
4 36 41
7 40 41
8 36 39
12 38 43
9 37 42
6 36 38
5 35 38
5 32 38
6 29 36
10 33 37
13 33 34
12 31 34
11 30 36
15 32 33
16 33 37
16 31 40
17 34 38
21 32 35
19 33 33
21 37 35
23 37 38
19 37 36
18 37 39
18 39 37
20 40 36
16 37 33
17 33 29
13 36 31
15 37 33
13 40 34
15 39 30
19 38 31
20 34 35
21 33 34
20 32 30
17 28 32
13 30 33
13 27 33
11 24 34
12 24 31
13 23 28
16 23 26
13 22 27
13 21 27
12 24 29
14 25 28
11 26 29
9 22 25
10 24 27
13 27 25
14 24 28
15 25 30
11 29 32
9 29 36
6 26 33
7 29 33
3 28 37
6 25 34
7 22 36
10 23 36
6 25 36
3 28 38
5 24 41
1 22 42
5 23 44
6 21 44
6 24 43
2 21 40
0 17 44
2 15 46
4 11 48
4 7 46
0 6 50
3 7 47
2 3 45
0 1 49
2 3 51
6 6 49
4 6 53
0 4 51
3 6 50
7 10 47
6 6 46
4 2 48
5 6 52
7 10 54
7 11 58
10 14 60
7 13 60
5 9 62
4 13 62
7 12 62
4 16 62
4 13 61
8 15 63
11 11 67
11 9 66
12 13 69
15 12 67
12 10 63
15 10 64
13 8 61
16 7 62
13 5 62
16 6 62
12 9 61
16 11 61
19 10 60
15 10 62
14 7 66
18 7 63
17 5 60
13 1 61
10 3 58
8 7 55
4 4 55
7 2 53
8 4 52
5 0 49
8 1 49
12 1 51
9 5 48
13 1 44
12 1 47
9 2 47
6 5 45
2 6 46
5 7 45
9 7 43
9 11 46
5 8 46
6 4 42
8 5 44
10 5 44
13 5 43
14 8 47
16 11 50
14 12 50
10 13 46
8 13 44
4 15 41
7 17 41
11 17 44
8 14 45
8 15 47
4 12 44
4 13 47
5 15 43
7 14 39
11 11 42
14 9 42
13 6 46
16 9 46
16 6 48
13 5 50
15 7 54
17 7 52
21 3 53
25 2 55
28 1 53
27 2 56
23 5 58
20 5 56
23 4 52
23 4 53
21 7 57
24 3 55
25 3 57
27 1 61
28 2 61
29 2 57
28 3 56
24 6 60
22 3 64
19 3 62
19 0 58
22 2 58
19 3 59
19 7 63
18 4 63
14 0 62
15 1 59
17 2 61
16 2 59
16 3 60
20 6 60
18 3 59
21 0 62
23 2 62
21 0 59
18 2 60
19 3 61
23 4 63
26 0 63
23 2 62
21 6 66
24 7 67
20 10 68
20 10 66
16 11 70
14 15 68
17 14 66
18 11 64
15 10 64
12 7 67
15 3 66
18 0 62
15 1 59
12 2 61
13 4 58
9 1 62
11 4 61
8 2 58
10 3 55
10 1 59
14 5 59
15 5 62
11 9 62
11 10 66
14 10 68
10 9 72
7 8 71
6 8 73
3 5 72
3 3 71
2 2 70
2 2 73
2 2 77
0 2 79
4 1 82
8 1 79
12 2 80
14 1 83
15 5 81
18 2 83
22 4 80
25 1 77
21 0 74
25 1 74
29 4 74
27 8 73
27 9 71
28 9 71
26 9 70
30 9 72
32 8 74
28 8 78
24 6 77
28 4 73
30 4 74
29 0 76
30 2 74
34 5 75
37 6 79
41 7 83
37 10 80
40 7 77
44 5 75
41 9 79
44 7 75
40 6 78
38 3 80
38 2 82
40 0 83
39 2 81
36 5 81
40 9 80
41 8 80
41 12 80
45 15 78
49 12 79
46 8 77
50 4 75
48 4 79
46 8 82
45 7 81
47 7 78
51 4 81
49 5 85
48 1 83
50 2 87
53 1 89
56 0 87
53 0 91
57 2 95
58 6 94
62 5 92
63 9 93
65 11 91
64 11 92
67 12 93
66 9 93
65 11 94
61 10 95
60 11 94
60 12 92
62 9 95
62 12 98
60 8 94
56 9 93
58 8 90
61 7 90
65 4 94
68 4 97
65 2 101
65 2 100
65 1 96
61 2 100
65 1 104
66 2 106
63 3 109
60 1 106
61 3 102
61 6 105
59 2 108
60 6 110
62 9 110
66 12 113
63 16 111
67 13 107
69 16 107
72 19 110
74 16 110
77 14 109
74 10 111
76 11 111
73 14 107
69 11 108
67 15 107
63 16 110
61 14 113
64 11 115
61 15 119
64 16 123
65 12 119
66 9 122
62 13 126
59 17 123
62 17 123
63 21 123
59 23 119
61 21 119
64 23 118
62 20 116
65 17 114
69 21 110
65 23 111
64 27 108
60 24 109
63 23 105
63 19 109
66 23 109
63 25 110
59 27 112
56 30 116
53 34 112
57 33 115
59 30 117
56 33 121
53 31 117
57 34 118
57 38 121
61 37 120
63 36 117
61 34 116
60 32 116
60 28 116
57 30 114
58 26 112
55 22 108
56 18 109
53 15 109
57 13 105
59 16 101
55 16 103
59 16 105
61 14 103
63 15 106
67 15 104
70 12 104
69 15 108
71 14 111
74 12 108
74 12 111
76 15 111
74 14 108
78 10 109
76 6 112
75 5 109
78 6 112
79 6 116
76 3 114
72 6 114
76 6 117
78 9 113
79 7 109
80 6 110
84 2 106
88 2 102
84 4 104
87 8 105
85 10 109
83 7 108
87 5 104
87 8 108
85 9 110
83 8 114
83 8 115
81 11 116
78 15 117
79 19 116
83 20 112
84 16 116
84 17 117
88 13 119
89 11 121
87 9 117
91 5 118
87 8 121
90 8 117
93 12 120
90 14 121
90 14 120
92 12 116
93 11 116
90 8 112
92 9 112
90 13 112
87 11 109
90 8 105
92 9 104
95 8 100
92 6 102
96 5 104
97 4 107
97 0 103
94 2 107
94 1 109
91 3 108
90 3 106
92 1 103
88 2 100
91 0 97
95 1 100
95 2 101
93 2 103
89 6 104
90 4 106
90 2 106
93 5 103
89 7 99
91 10 103
95 11 103
93 14 100
94 16 104
98 17 105
102 14 109
100 15 105
96 11 108
94 15 106
96 15 105
97 19 108
98 15 108
95 13 107
91 17 110
95 13 114
91 14 116
95 10 115
91 9 119
89 10 122
93 6 125
97 6 121
101 7 125
103 11 125
100 13 129
98 17 131
102 16 132
103 18 130
104 19 126
102 20 130
99 21 126
103 17 130
104 16 131
105 16 128
106 13 126
104 17 129
105 15 130
101 18 133
105 20 130
104 16 130
100 19 127
98 16 129
97 18 126
96 14 128
92 13 132
94 11 134
95 9 134
91 9 135
90 9 138
94 13 141
91 9 141
94 12 143
93 11 142
92 10 142
90 13 140
94 13 141
94 16 145
93 19 146
91 15 147
95 18 150
97 15 147
97 16 149
101 15 148
98 12 150
101 16 148
103 15 151
105 12 151
107 16 152
104 13 152
100 10 149
104 7 150
105 6 154
103 5 157
101 3 160
104 5 158
104 8 159
101 12 157
99 12 155
99 8 155
101 12 157
103 16 158
101 17 159
100 16 162
104 18 161
105 16 162
105 12 163
109 10 160
110 10 160
114 10 161
110 8 158
114 7 159
111 6 162
113 4 162
110 3 162
114 0 161
117 4 159
118 5 163
115 3 166
117 6 165
120 10 168
119 12 170
122 11 166
122 9 167
124 12 171
121 8 175
121 5 173
119 8 171
123 8 173
119 6 171
122 8 169
122 12 167
119 16 167
123 16 168
120 19 172
118 23 174
115 24 175
115 21 177
119 18 177
122 14 177
125 11 181
127 15 185
129 18 184
133 14 186
134 16 186
135 19 189
135 19 189
132 20 186
136 16 189
139 12 187
140 8 185
141 7 185
139 3 186
139 1 189
136 4 185
133 7 182
132 5 181
130 6 183
132 7 180
132 7 180
130 9 178
133 10 182
131 10 180
128 8 176
128 7 175
132 7 176
130 7 173
129 10 175
125 12 172
127 16 173
130 16 175
132 19 178
128 22 174
127 21 178
128 22 177
130 18 181
133 19 183
132 16 181
131 19 184
132 16 184
128 14 182
131 12 184
132 13 187
133 16 183
132 19 187
132 19 185
130 16 188
129 18 188
126 21 191
126 22 193
122 25 193
125 26 189
128 26 193
131 25 196
127 29 200
124 25 198
121 29 202
124 29 205
124 25 204
123 21 207
120 25 203
121 27 201
120 28 201
116 26 205
119 29 206
115 33 208
115 37 209
111 36 210
107 36 208
111 36 208
112 32 208
108 35 208
106 36 208
110 35 210
108 31 210
110 35 211
113 37 208
111 34 207
110 35 203
109 31 206
111 34 205
110 34 206
107 31 209
103 27 210
103 25 206
101 21 205
99 24 209
96 24 207
96 22 208
99 19 212
95 18 210
99 16 213
99 20 213
100 18 214
101 18 215
97 15 216
97 14 218
101 14 215
102 12 218
106 15 214
108 12 213
107 16 213
107 12 216
103 14 217
104 12 217
105 9 216
106 9 214
109 9 218
109 8 218
108 5 216
108 8 218
108 4 215
107 8 216
110 9 213
109 6 215
113 10 211
116 6 208
115 8 210
118 11 214
114 7 212
115 7 210
118 5 206
114 5 203
114 6 202
115 8 198
117 5 198
116 3 194
115 3 190
118 3 193
114 4 190
117 0 193
114 4 195
115 8 197
111 10 194
114 13 195
117 16 198
121 13 197
125 11 196
122 8 199
120 8 195
116 10 199
117 12 202
121 13 198
124 12 202
126 14 206
129 15 203
126 15 203
130 15 204
129 17 208
133 13 212
130 15 215
131 11 219
130 8 218
133 12 220
129 11 220
132 9 218
135 7 215
135 6 218
