38 45 39
35 49 37
34 49 41
32 53 40
30 49 39
29 51 38
28 55 41
31 57 43
32 54 42
31 56 41
34 53 37
34 49 35
33 47 33
36 46 34
36 48 34
35 47 30
36 51 29
34 55 33
38 54 36
38 51 36
35 49 40
34 47 38
33 45 35
31 44 35
32 48 34
36 51 32
40 51 32
40 48 34
44 45 31
44 49 33
45 51 32
41 51 31
40 53 35
42 51 37
43 54 35
40 53 38
37 55 41
35 58 37
38 62 40
35 62 41
32 60 42
28 59 45
31 58 45
27 56 49
26 55 47
24 56 47
24 53 45
26 57 47
25 58 47
27 56 51
24 58 52
26 57 56
25 53 54
23 54 52
25 54 56
21 55 52
19 53 52
21 54 49
25 50 53
29 49 53
27 45 55
31 43 56
34 47 59
30 48 61
28 45 61
28 44 63
27 40 66
27 41 66
23 39 67
27 37 69
27 35 67
27 36 65
24 34 67
21 35 69
20 31 70
23 28 74
20 26 73
17 24 76
13 27 77
13 31 81
14 30 82
12 28 81
12 30 84
16 29 83
18 26 83
17 30 83
21 27 82
21 24 81
17 25 85
13 27 84
17 29 82
21 25 84
23 26 86
26 24 88
28 20 91
31 22 87
30 24 90
29 23 92
33 24 95
29 25 94
27 25 93
27 23 97
29 20 95
33 21 97
36 22 99
34 19 103
31 17 102
33 15 105
35 12 106
39 14 106
41 15 104
38 18 103
42 16 102
46 20 98
48 17 94
52 18 90
48 20 94
46 23 92
46 22 94
42 20 96
43 19 100
44 16 97
46 18 98
50 14 94
52 12 98
54 12 97
52 16 95
55 17 98
57 15 96
60 11 95
57 11 95
61 15 94
64 13 90
65 13 92
63 12 91
59 8 94
56 12 94
58 14 92
61 11 91
64 15 88
66 12 90
65 15 92
65 14 96
64 17 96
65 17 95
69 16 99
66 12 100
67 11 104
64 12 106
64 8 107
63 12 106
65 11 103
68 7 101
65 9 98
66 7 99
70 7 100
67 9 98
68 10 98
71 9 94
71 11 90
69 9 86
65 6 87
65 2 90
62 2 93
61 5 93
57 1 94
60 0 93
62 1 91
65 2 88
61 2 86
61 6 84
57 3 80
61 2 77
64 0 73
64 2 75
64 5 78
68 5 75
66 3 75
62 3 74
63 7 76
60 5 80
64 1 84
65 2 86
64 6 89
61 10 86
57 11 90
58 7 86
55 9 83
55 5 83
56 9 85
57 9 84
55 8 80
53 9 78
53 5 79
52 7 75
51 7 78
52 3 77
48 2 77
49 2 79
53 6 83
56 3 79
55 0 77
52 1 77
52 5 76
50 9 76
50 8 73
47 4 72
48 5 74
44 8 73
44 6 77
43 3 79
45 7 81
44 5 80
43 1 83
44 4 79
44 2 81
40 0 77
44 2 74
47 6 71
45 10 71
47 11 70
50 9 68
50 7 69
52 8 66
55 4 67
51 1 66
47 3 68
50 1 64
54 3 67
56 2 67
60 3 67
61 2 64
63 6 60
62 10 62
62 11 64
66 10 62
63 9 66
61 7 62
59 9 58
63 11 62
63 12 61
67 14 65
70 12 66
66 14 67
68 12 71
71 15 72
73 11 75
75 10 76
79 10 78
82 11 80
82 13 82
85 17 78
88 20 78
90 24 81
92 26 81
93 25 80
90 24 81
93 27 85
92 27 87
94 31 83
90 27 87
93 29 91
97 30 95
96 34 97
99 30 100
99 29 100
100 28 98
98 29 96
100 30 97
104 32 95
108 35 92
106 31 91
110 32 94
114 30 93
115 31 91
115 30 94
112 32 92
109 35 92
112 33 88
114 35 85
110 31 83
112 31 87
113 32 87
110 35 88
114 31 86
111 31 87
110 30 88
111 27 92
111 29 88
113 29 88
116 28 91
115 24 89
114 22 88
112 21 86
116 23 90
120 26 91
122 22 94
120 20 92
122 24 88
119 28 89
119 32 85
119 32 81
121 34 83
125 34 79
128 36 77
124 40 81
127 39 81
127 36 80
125 33 81
128 36 77
129 37 73
132 35 73
128 32 77
126 31 78
130 32 74
129 29 71
125 25 75
121 22 77
119 19 76
121 19 77
118 19 75
119 18 72
116 18 76
119 18 76
117 20 76
115 19 80
115 15 79
112 11 83
110 13 84
113 15 80
109 14 80
109 15 80
106 18 82
104 21 86
104 21 82
107 24 78
103 26 74
107 23 70
107 27 73
109 25 71
105 28 68
108 32 69
105 31 70
103 32 67
104 28 63
105 25 63
102 23 66
106 19 63
104 18 62
108 14 61
105 12 65
105 15 68
108 11 66
106 8 69
103 7 70
103 11 71
105 9 72
108 5 76
108 6 77
104 8 76
103 4 75
99 1 76
98 2 75
96 5 75
93 3 78
96 7 81
95 3 81
92 7 80
88 11 83
86 9 84
89 11 81
89 14 80
87 14 76
89 10 75
87 12 72
88 12 71
89 9 69
85 8 72
87 5 68
84 2 72
80 0 75
82 2 78
80 6 81
76 2 85
75 3 85
74 6 84
70 6 81
71 4 84
74 2 87
70 4 85
73 7 88
77 4 88
73 2 90
69 2 90
66 1 94
68 2 90
66 6 90
66 8 86
65 8 87
68 10 88
66 7 91
63 5 88
59 7 88
57 4 91
54 8 89
55 7 88
54 5 88
52 8 89
50 11 89
50 13 90
49 11 87
47 14 88
51 15 90
54 12 88
51 15 92
51 13 95
52 12 99
55 15 101
59 17 104
61 20 105
57 17 103
58 21 107
60 18 108
57 21 105
54 22 107
54 23 107
56 27 103
52 25 103
50 21 99
46 25 99
47 29 98
48 25 97
48 25 93
47 21 92
48 22 89
50 25 89
52 21 88
50 21 87
49 19 83
51 23 84
52 24 87
50 27 85
47 23 85
50 23 87
48 27 88
45 27 92
49 29 95
48 26 95
48 25 94
44 27 93
40 29 90
39 25 89
40 26 85
42 26 82
45 28 80
42 26 84
43 28 85
41 28 85
41 31 84
42 28 83
40 30 83
43 28 81
40 28 79
44 32 82
47 28 79
44 26 79
42 30 81
38 32 78
36 30 79
36 26 81
36 29 84
36 31 85
39 31 89
39 31 90
41 35 88
41 33 85
40 35 82
42 33 80
45 34 79
41 30 78
37 28 81
38 30 81
41 32 84
45 32 81
42 35 84
39 33 81
37 32 83
35 33 84
36 36 80
33 32 81
36 29 81
36 31 85
37 32 81
39 28 83
38 25 85
40 28 89
44 25 89
41 21 85
41 25 82
39 25 79
36 21 82
33 24 78
36 27 82
35 29 82
35 29 79
32 33 77
32 35 79
33 39 75
32 35 75
35 36 76
36 39 77
37 38 73
37 40 69
37 37 70
39 38 68
39 35 66
35 35 66
34 39 64
33 38 65
36 39 66
34 36 69
31 34 65
29 37 65
28 36 63
32 34 65
28 35 62
26 38 65
22 38 65
26 42 63
24 42 64
28 43 67
26 41 71
28 43 70
28 44 69
24 41 70
20 38 74
18 42 76
15 40 76
17 39 80
21 37 84
25 39 88
21 37 86
20 39 87
20 42 90
24 39 89
20 37 88
22 41 88
24 38 89
24 36 91
27 36 89
31 35 93
27 33 95
23 35 94
21 35 95
24 31 95
21 31 98
19 28 102
18 27 101
17 28 101
14 26 101
13 24 101
11 21 104
10 21 101
11 17 104
15 17 106
14 21 103
14 22 103
14 24 104
12 28 105
10 25 109
13 25 105
9 22 104
9 18 103
12 15 103
12 12 101
12 15 99
8 11 99
5 9 100
1 11 98
2 8 95
2 9 93
2 5 89
5 9 86
4 11 85
4 7 88
2 10 92
1 10 92
5 8 89
1 12 92
2 8 93
2 6 96
0 9 93
2 5 93
3 7 95
3 9 97
2 8 100
6 10 96
3 12 94
1 8 93
4 8 97
4 11 101
4 9 97
3 13 94
2 14 95
1 15 97
0 17 96
4 15 95
3 13 93
5 9 93
9 12 90
12 9 87
12 5 83
10 1 87
14 2 91
16 2 95
15 3 95
13 6 96
14 10 93
18 8 95
20 4 93
16 5 89
19 3 85
16 4 84
16 0 81
14 4 83
15 7 85
18 3 82
14 2 84
13 5 88
9 3 86
8 6 86
4 4 88
5 3 91
3 6 89
4 8 93
7 10 90
7 8 87
8 9 87
10 7 85
10 5 85
8 3 82
10 0 79
6 2 78
9 3 75
7 2 73
9 3 70
7 2 70
11 2 71
7 2 71
11 6 67
8 8 67
12 4 68
14 0 70
14 2 70
11 2 73
7 4 69
8 6 73
6 10 74
9 9 71
13 12 72
16 14 75
15 17 76
19 15 76
17 16 79
13 14 75
12 10 78
14 9 76
12 6 77
16 2 73
12 2 74
14 1 72
16 3 76
13 5 80
13 4 80
9 6 81
9 7 78
13 3 77
14 3 80
10 5 79
13 2 78
13 1 76
10 2 78
13 4 80
12 8 83
9 6 80
8 9 77
10 11 81
9 14 84
7 13 88
8 16 86
11 16 86
14 20 88
18 20 84
18 22 88
21 21 84
18 17 87
20 18 83
19 16 80
17 19 83
17 20 85
20 22 81
17 22 79
18 24 79
18 22 79
22 22 81
21 23 81
23 23 85
20 22 85
19 21 88
19 25 89
16 29 88
16 26 88
18 27 91
15 29 93
18 25 91
15 29 92
19 33 94
23 33 97
21 31 98
22 32 97
21 31 100
24 28 100
26 24 103
30 28 106
26 28 110
28 24 106
32 27 105
29 26 107
30 28 104
27 27 105
28 25 109
26 26 113
23 26 111
24 28 111
27 29 109
29 28 112
28 28 112
24 31 110
23 33 110
20 33 113
16 36 112
15 35 109
13 35 112
15 37 112
18 37 110
18 37 107
14 37 106
13 40 109
13 39 110
14 40 109
13 41 106
14 42 106
13 39 108
17 39 106
20 37 109
17 40 107
20 42 105
24 44 106
26 48 107
27 50 109
31 47 112
29 47 113
28 43 115
24 45 112
22 48 109
26 46 108
29 43 107
28 43 103
30 42 100
34 42 102
38 40 101
41 43 102
42 47 106
43 44 106
44 46 108
45 48 112
48 52 116
49 51 118
47 51 118
46 49 119
50 48 115
53 45 115
52 41 118
55 41 116
56 44 117
55 41 117
56 41 121
59 42 119
58 46 122
56 50 120
55 52 120
57 56 119
59 54 120
61 57 124
62 58 125
66 61 125
63 57 129
67 59 129
64 59 133
67 61 137
63 59 135
63 62 132
64 60 130
68 64 132
70 61 130
73 65 132
69 65 129
65 64 132
61 63 133
59 61 133
63 61 129
61 64 127
60 68 129
61 64 126
62 65 130
65 68 128
68 72 127
68 73 131
72 71 129
71 73 132
72 74 128
73 71 132
69 72 132
73 72 136
75 75 137
72 72 135
71 74 135
67 73 132
70 70 130
72 71 134
71 74 136
75 74 134
74 74 134
76 74 134
80 77 133
76 81 130
80 84 132
79 85 135
77 88 132
74 86 132
78 88 134
75 89 130
73 91 128
76 93 128
73 97 129
76 97 127
73 98 128
77 99 127
76 95 126
73 92 123
72 94 127
71 98 127
74 98 125
73 94 127
77 90 131
79 89 134
79 91 137
75 92 138
74 96 135
70 100 131
66 104 132
66 101 134
66 100 136
69 97 132
69 95 128
69 99 132
66 97 136
65 98 137
64 99 139
66 101 142
69 102 145
73 102 145
76 101 146
78 100 145
77 96 146
76 94 149
78 97 148
82 98 147
83 101 149
80 100 150
81 101 151
80 97 154
83 95 152
83 92 153
81 92 151
83 93 149
84 94 150
84 98 151
87 94 149
84 96 152
83 95 155
87 96 153
86 97 157
85 100 157
85 99 157
83 95 158
83 99 154
84 99 150
82 95 151
85 93 147
83 95 146
79 93 143
77 90 145
73 86 149
70 90 152
68 87 150
69 89 146
65 92 146
64 88 146
64 84 142
65 88 145
68 90 141
67 88 140
66 87 141
63 89 140
65 87 141
63 87 145
67 85 147
65 88 146
67 84 144
64 82 148
67 79 151
71 81 152
74 82 152
75 82 153
79 79 155
75 80 152
78 78 155
81 81 153
78 82 154
74 85 156
70 83 155
67 79 157
66 79 159
63 81 161
65 83 159
66 82 155
68 84 157
66 88 155
66 86 153
67 83 149
68 85 147
70 81 146
69 80 150
70 80 148
71 78 147
70 77 147
66 73 146
63 76 145
67 76 144
68 76 143
68 75 146
65 76 148
67 78 150
67 77 151
64 73 154
63 71 154
61 68 156
64 64 156
68 65 156
69 63 159
72 66 159
68 63 163
69 61 164
69 62 166
67 66 166
68 65 170
68 65 166
66 62 164
68 63 163
70 67 167
72 64 166
74 63 165
71 67 164
70 70 162
73 71 166
73 75 167
73 79 167
70 75 163
69 72 161
67 68 159
67 67 159
65 65 160
64 63 160
64 62 160
61 58 160
61 61 157
57 60 159
56 59 155
57 59 154
58 56 150
62 60 151
63 58 152
62 60 156
64 57 159
61 60 163
63 59 161
62 57 159
60 57 155
64 55 158
67 59 154
68 63 153
68 65 150
67 66 152
68 67 155
71 67 156
73 71 157
71 70 159
72 68 163
68 69 159
71 69 160
72 73 163
71 76 163
70 76 165
70 74 162
72 76 164
74 75 161
75 78 162
77 76 160
80 75 156
84 74 153
81 71 155
83 74 153
82 74 155
82 74 159
81 74 159
81 70 159
84 73 158
86 70 155
82 71 152
85 74 150
85 73 146
83 70 146
80 67 144
76 68 140
77 66 140
79 62 140
75 62 143
75 64 143
79 62 147
77 64 148
81 60 146
80 56 144
81 59 144
82 56 144
78 52 143
78 49 141
81 51 139
81 47 139
77 51 139
78 53 135
80 55 131
78 51 135
80 51 139
82 50 136
81 49 138
80 46 139
84 47 141
83 51 144
80 49 141
83 49 143
84 49 140
81 52 136
79 53 137
78 53 141
80 54 138
80 54 137
83 57 141
80 59 145
76 62 143
78 61 144
79 64 140
75 67 140
79 66 143
79 68 147
80 67 144
80 63 145
82 65 146
81 61 144
78 60 148
75 60 152
75 58 151
76 62 152
74 64 148
72 60 144
71 62 141
71 66 140
70 66 136
73 68 137
70 69 139
67 69 141
64 70 141
62 68 139
63 69 138
66 70 137
65 72 139
64 69 143
67 72 146
66 72 148
65 75 150
61 76 154
63 75 156
59 77 160
63 76 161
61 75 157
64 76 153
67 77 149
70 81 152
72 77 149
73 81 151
72 83 151
73 82 152
69 83 155
69 81 156
68 82 158
71 85 162
69 81 164
72 85 167
74 84 165
74 80 168
73 80 168
70 77 167
74 81 170
77 79 171
78 79 171
80 81 174
84 77 176
81 78 179
82 78 175
84 82 176
88 79 179
89 82 183
92 78 182
96 79 182
100 81 178
97 84 182
98 82 184
95 79 183
93 78 186
92 75 189
94 74 193
93 74 194
93 75 193
91 79 189
88 78 187
91 74 190
94 78 190
94 81 188
95 84 185
95 84 187
98 86 189
102 90 189
106 91 191
109 90 188
106 86 187
107 83 190
105 84 190
109 82 194
110 86 192
113 88 188
112 85 185
110 82 181
113 86 178
114 87 177
117 85 174
120 85 175
116 86 175
113 86 178
116 84 175
117 81 173
119 81 172
117 85 170
121 89 168
123 86 167
124 83 170
120 87 168
122 91 167
122 94 164
120 93 166
117 91 164
118 91 166
117 88 169
118 86 172
118 86 175
120 85 177
124 89 178
124 87 174
125 90 173
127 86 174
130 82 172
127 81 169
128 84 169
124 85 168
122 86 165
126 89 166
122 90 162
125 89 162
125 90 160
127 89 158
128 91 157
130 94 159
128 91 163
132 95 162
135 95 160
133 95 161
130 98 164
132 100 162
129 98 163
132 102 159
133 104 159
131 105 156
127 102 153
124 102 156
125 98 159
124 99 162
122 101 160
123 105 158
124 104 162
126 100 162
122 97 159
125 100 160
123 103 163
120 101 163
123 97 160
121 97 161
124 96 157
122 96 160
119 96 163
117 94 159
114 90 158
118 90 155
122 86 157
125 88 157
121 87 159
125 85 163
129 87 162
133 85 162
136 87 166
139 91 165
142 87 166
146 90 162
146 86 161
150 90 162
149 86 160
145 82 157
145 85 161
149 89 162
151 93 158
149 96 160
152 96 156
150 95 160
153 91 163
152 94 161
150 90 164
147 90 166
146 87 170
146 85 168
144 83 172
141 80 176
143 79 177
144 81 174
143 80 178
145 77 179
149 75 180
147 75 184
147 76 188
148 80 184
148 81 185
152 79 184
152 83 188
156 82 184
155 78 180
157 81 179
160 80 180
157 81 181
159 85 185
158 83 183
162 85 187
166 86 183
170 84 186
174 85 183
177 82 183
178 85 187
176 83 186
173 80 188
172 83 192
176 87 191
174 84 195
175 80 196
179 77 199
178 78 201
178 74 204
182 72 202
181 76 201
181 78 199
184 77 200
181 75 201
181 77 205
181 81 208
178 84 210
177 83 213
175 86 213
177 87 217
177 88 218
176 85 215
178 89 212
175 85 212
178 88 208
180 91 204
179 87 203
177 88 200
179 90 199
179 94 198
179 92 199
179 91 195
177 88 191
178 92 194
179 89 193
176 92 194
180 89 198
183 93 194
180 95 191
178 97 189
179 100 193
182 100 193
181 102 197
183 104 199
181 100 203
177 102 199
175 101 202
178 99 203
180 100 199
176 100 195
177 98 192
174 94 194
174 96 192
174 99 195
176 103 198
176 100 194
176 104 196
172 104 199
173 108 199
177 110 197
176 107 193
180 103 193
177 102 195
179 104 194
177 106 195
180 106 193
180 106 192
183 105 190
180 108 193
178 112 190
179 112 190
177 114 192
173 111 190
176 109 188
180 109 188
177 112 186
179 116 187
177 116 189
178 119 192
180 123 188
178 119 191
180 115 187
183 113 190
181 116 194
180 117 191
177 120 193
177 119 192
176 123 192
173 123 193
172 120 197
171 123 195
175 122 196
173 121 194
173 124 193
176 120 196
177 116 196
175 113 196
172 112 199
173 112 199
170 111 201
172 114 201
174 114 202
170 114 204
167 115 203
171 113 200
171 114 199
167 113 199
170 110 202
170 112 202
167 109 206
170 112 204
171 114 202
170 111 200
168 108 197
167 107 193
170 106 193
174 105 190
172 101 191
169 102 187
171 103 187
173 100 188
172 96 185
171 98 189
167 102 188
169 104 187
167 107 187
168 107 189
164 104 191
168 105 194
170 106 194
167 104 190
165 106 189
161 106 192
160 108 196
157 108 195
153 107 198
154 105 199
155 101 197
151 99 200
148 96 199
151 98 196
151 102 197
152 98 198
150 101 197
147 102 197
143 100 199
144 96 198
148 93 197
148 93 195
146 97 199
147 99 195
150 99 194
154 101 196
153 105 193
157 103 195
161 104 191
165 107 194
164 108 190
168 107 192
164 108 188
168 104 184
171 100 188
173 103 185
175 99 181
178 95 177
179 93 174
178 95 171
181 95 175
177 97 178
180 100 175
178 104 176
177 108 175
173 111 174
171 115 172
173 113 171
177 117 168
178 115 170
181 116 172
181 114 171
185 113 172
184 110 176
186 112 172
186 112 174
186 111 173
190 114 173
192 114 173
189 111 171
191 110 171
187 107 175
185 105 174
181 101 175
177 101 171
173 97 175
173 98 176
172 94 178
173 93 179
173 89 176
177 92 176
177 95 173
173 98 175
170 94 177
170 92 181
167 90 179
168 90 183
164 93 183
166 94 180
165 96 183
167 98 182
167 99 179
171 100 178
171 101 179
169 104 179
167 107 183
166 111 187
162 108 189
158 112 191
158 114 190
155 110 194
154 106 194
158 107 191
162 108 187
163 109 186
167 109 186
168 105 187
168 103 187
169 102 186
165 100 183
163 97 183
167 99 187
164 99 190
166 96 191
166 96 195
162 92 191
160 94 194
163 91 197
164 88 198
165 91 196
161 92 196
161 94 193
164 98 195
166 100 199
162 102 197
159 98 200
162 100 203
160 102 200
163 99 199
163 95 202
162 98 202
163 101 202
167 105 204
171 104 207
175 106 209
175 108 206
179 110 202
182 107 200
182 109 204
184 109 202
184 109 202
182 106 202
181 105 206
177 103 203
176 104 200
174 105 198
177 101 195
173 100 196
172 100 197
172 98 200
168 102 200
169 101 199
170 101 200
170 103 198
167 101 202
164 104 202
167 103 201
167 104 202
168 104 204
167 104 200
165 107 198
165 109 201
166 110 199
164 111 201
164 110 205
165 114 207
167 115 207
169 113 209
166 112 210
167 115 210
163 113 211
162 116 214
163 112 214
164 114 210
163 110 212
164 113 216
162 115 212
165 117 213
169 118 212
168 118 216
172 121 213
174 125 209
172 126 207
176 129 211
179 126 213
176 126 212
172 130 215
171 127 216
175 129 218
177 132 218
178 135 220
179 137 223
175 139 219
177 137 223
177 134 222
181 137 224
183 134 227
187 134 228
189 138 226
187 135 222
190 138 220
191 141 217
195 144 217
197 143 215
194 139 219
190 136 220
194 139 217
197 137 219
195 138 219
191 135 216
193 135 214
195 133 210
197 136 206
200 137 207
202 133 210
201 136 212
197 132 212
197 130 209
199 133 206
198 130 205
199 133 201
203 132 200
200 136 204
198 137 206
194 135 209
197 135 208
200 133 206
198 136 202
198 138 201
196 136 198
200 136 202
203 133 204
202 131 205
201 128 207
199 126 207
196 129 205
197 127 203
200 130 202
196 126 198
192 130 198
196 130 197
199 131 201
201 134 197
200 131 193
200 128 197
198 128 195
199 131 195
196 132 193
193 129 190
193 130 190
194 128 188
193 130 192
192 126 190
191 124 187
191 122 190
193 121 189
196 121 187
198 119 189
194 123 192
194 123 191
197 120 191
197 116 193
201 119 190
198 120 189
201 121 186
198 125 187
197 122 187
199 119 184
200 120 181
200 120 181
202 122 178
198 120 178
202 121 179
199 124 178
203 126 178
203 123 179
200 126 182
201 129 183
204 127 183
201 126 180
201 122 183
202 122 179
201 123 183
202 120 180
203 117 180
201 114 184
200 115 188
199 115 184
197 119 181
199 121 178
199 121 178
197 119 178
193 118 182
193 115 179
191 116 176
191 115 180
194 112 181
194 116 185
190 119 189
188 115 186
187 115 184
189 111 182
185 108 180
189 111 181
188 107 182
190 104 186
189 105 182
191 106 179
190 103 177
186 103 178
189 104 175
186 100 175
187 103 173
183 106 176
182 105 179
186 109 182
183 107 181
187 106 180
191 104 179
191 104 181
191 107 178
188 108 178
184 105 176
183 101 173
182 98 170
178 96 172
174 97 168
171 95 170
167 94 174
167 97 178
164 98 180
160 99 181
159 97 179
160 98 177
157 95 177
153 95 180
150 99 184
149 102 188
148 105 185
144 105 186
146 107 184
146 107 180
146 105 184
142 102 185
139 103 186
138 103 188
137 102 185
139 104 181
135 103 183
134 107 179
136 105 176
132 102 178
130 103 176
132 107 177
128 104 173
130 103 173
134 104 170
138 102 172
142 102 172
142 102 171
141 101 168
145 102 171
144 102 168
146 106 171
145 104 173
148 103 172
145 99 173
145 100 170
143 104 174
139 105 171
143 103 169
143 107 172
147 110 171
144 110 171
147 111 171
143 115 167
139 119 168
140 121 164
141 121 162
145 125 166
141 128 170
142 128 167
144 128 168
140 127 169
136 124 171
139 120 173
139 122 172
140 123 175
136 123 178
139 124 179
136 126 178
138 126 178
138 127 178
139 130 176
141 134 177
139 132 178
137 136 179
139 134 178
137 138 182
134 137 185
134 137 187
135 139 183
138 143 180
142 140 176
140 144 175
141 145 176
140 141 179
141 141 180
145 143 177
148 141 175
148 141 175
152 140 175
150 139 175
149 138 179
150 138 181
148 140 180
144 137 179
145 138 179
142 139 182
138 141 183
135 141 179
133 142 181
134 140 181
133 142 185
129 146 189
126 145 192
123 145 192
122 144 189
126 141 188
129 139 190
126 136 192
122 139 189
121 138 186
125 136 188
129 134 189
127 135 189
128 139 192
124 142 194
121 139 193
124 143 190
125 142 192
124 144 196
124 141 197
123 141 199
125 143 200
123 146 204
126 146 202
125 144 203
127 141 201
129 140 200
131 143 201
129 146 203
126 142 206
130 138 210
133 137 211
130 140 212
130 140 211
131 143 211
130 140 210
129 136 207
133 139 207
131 138 207
133 137 210
136 141 210
132 144 211
133 144 215
130 145 212
134 149 214
136 146 217
137 142 220
140 142 220
143 145 222
145 149 226
148 149 222
148 148 218
144 145 218
143 148 221
144 144 218
144 146 216
147 148 213
145 148 217
143 151 219
140 155 219
139 156 216
137 156 214
140 157 216
136 153 219
137 155 215
136 153 214
134 157 214
136 154 214
139 154 215
143 151 217
145 149 219
144 150 215
143 151 215
139 147 219
138 145 223
142 149 223
146 149 227
144 152 223
141 148 227
142 150 223
145 153 227
146 157 226
147 159 223
143 158 219
144 160 223
140 159 225
140 155 225
143 156 224
142 157 225
138 157 223
135 159 223
132 163 221
129 161 222
126 160 220
129 163 223
127 167 221
129 169 221
126 165 222
125 163 222
126 161 224
123 157 220
122 158 223
124 155 220
126 151 217
122 150 217
118 146 216
119 146 214
121 143 210
120 143 209
116 142 206
116 142 206
118 146 205
121 144 203
122 145 207
126 146 203
126 149 202
122 150 199
123 147 203
125 147 203
124 149 200
121 150 198
117 151 198
115 155 200
115 152 204
113 149 200
117 147 204
116 147 208
115 149 206
114 150 207
110 152 203
106 156 204
105 160 208
104 158 211
102 157 214
106 159 218
110 157 220
109 158 223
108 159 221
106 163 218
103 160 214
105 159 218
103 156 219
104 160 218
107 161 222
106 159 218
102 158 219
98 154 222
102 154 226
105 151 223
108 147 222
111 150 226
113 152 229
112 148 228
112 147 228
113 145 227
116 146 231
120 144 228
124 142 229
123 144 231
119 145 231
116 141 227
117 140 226
121 143 230
123 141 226
120 138 225
124 139 226
128 143 225
128 139 224
126 140 225
127 136 225
127 138 221
123 138 221
121 142 224
122 140 221
120 141 219
120 143 219
118 141 219
117 142 223
116 145 225
120 141 221
122 143 222
118 142 226
121 144 227
122 147 229
118 144 232
121 146 231
125 148 227
128 150 229
128 153 233
126 153 236
126 151 239
123 152 241
124 148 239
121 151 236
121 150 240
123 153 238
121 149 240
125 151 237
126 151 240
123 151 239
122 149 241
122 152 237
118 149 234
118 149 233
120 146 229
117 142 227
115 146 223
116 145 225
113 146 224
110 150 222
106 153 224
110 157 221
112 153 218
110 157 221
110 158 219
107 157 222
110 159 225
111 156 227
108 158 226
108 156 227
106 155 230
104 156 233
106 158 231
106 157 227
102 160 225
99 156 221
103 155 218
103 158 216
100 162 217
104 159 214
102 162 217
99 166 216
98 162 216
94 161 219
97 159 220
93 156 222
97 152 220
98 149 221
97 147 225
96 145 225
100 149 225
97 146 221
101 146 225
105 146 223
108 145 226
108 143 228
109 147 232
110 148 234
112 146 234
114 143 233
115 146 236
114 149 236
113 147 232
117 148 232
118 146 232
114 146 234
112 144 233
116 143 234
113 140 238
116 144 236
117 148 237
121 144 239
124 148 242
120 146 242
123 145 242
127 146 245
126 142 243
125 143 244
128 141 244
132 139 242
128 135 238
125 135 240
122 133 243
122 129 246
120 128 242
120 126 239
119 129 240
117 127 240
118 126 239
122 122 238
119 122 234
121 123 233
118 127 236
121 125 232
120 126 233
124 126 235
124 124 237
126 122 237
128 118 236
132 121 232
134 125 231
131 125 234
130 128 231
126 129 227
123 133 225
123 135 225
123 132 223
127 133 219
124 129 217
128 127 215
127 127 216
123 127 214
121 127 213
124 129 214
128 128 218
126 130 216
127 129 220
126 128 223
123 132 224
120 128 224
119 131 222
119 133 220
121 131 219
123 131 218
122 132 215
122 136 215
125 134 213
123 133 213
126 135 215
128 136 212
132 133 216
129 130 213
127 129 210
130 129 211
127 127 207
125 131 207
125 130 203
127 129 202
126 129 203
124 129 201
120 126 201
116 123 198
116 126 200
119 128 196
115 125 195
117 124 198
116 123 198
116 125 194
120 124 197
119 121 197
118 118 197
120 122 201
116 120 199
116 120 198
120 116 200
121 115 198
120 117 201
124 117 202
127 117 199
124 116 202
122 112 203
120 116 203
119 112 205
119 116 207
115 116 205
114 116 205
115 120 206
117 122 208
116 126 209
115 125 211
116 121 213
119 121 210
116 122 209
119 126 206
118 127 207
118 130 211
118 134 209
119 137 211
119 133 215
120 132 216
120 128 218
116 130 221
117 127 223
119 129 219
122 132 216
126 135 212
124 136 216
128 132 214
131 129 215
130 127 213
134 127 209
134 123 210
131 125 213
128 124 213
125 121 214
126 121 213
123 117 213
125 117 215
126 119 218
123 120 219
126 120 218
124 122 222
126 122 218
124 123 219
120 125 216
123 122 214
125 125 217
122 128 217
123 130 219
121 126 218
122 126 218
118 127 220
117 127 220
113 125 220
117 127 217
116 129 220
118 133 220
119 137 220
122 134 224
126 138 227
130 134 226
131 138 229
128 142 230
131 145 231
129 142 228
126 140 230
123 143 227
122 143 231
126 141 227
124 138 224
123 137 226
126 137 229
122 135 227
122 136 229
121 136 227
123 139 231
124 139 230
121 138 230
123 135 230
120 138 234
116 136 236
112 133 238
114 137 238
113 137 242
110 137 242
108 139 243
109 141 247
107 138 251
110 139 247
108 140 244
105 138 240
103 142 239
105 139 241
104 136 238
106 138 237
102 134 236
100 137 234
97 133 231
99 132 231
102 132 227
105 132 223
107 133 226
111 132 228
112 132 228
116 131 230
115 134 231
116 138 234
115 135 238
119 136 239
117 134 242
114 134 240
115 136 240
113 139 242
117 140 241
121 142 240
121 140 244
121 136 240
118 140 241
120 136 242
120 138 240
117 139 243
115 140 242
112 142 238
108 139 242
111 139 246
111 136 244
115 135 245
111 132 245
110 132 249
108 130 249
105 128 247
104 124 246
102 128 248
103 131 245
99 131 242
97 135 238
95 134 238
94 134 239
93 138 241
89 135 245
86 139 248
85 142 247
89 139 249
89 143 253
87 147 249
85 148 253
83 145 257
80 146 257
80 146 257
84 147 260
85 151 264
81 147 267
84 144 264
86 147 261
90 143 261
93 145 264
97 142 264
101 144 265
101 145 265
100 145 269
98 149 269
99 151 266
101 148 266
103 146 267
101 146 266
104 150 269
108 153 266
110 156 264
108 156 263
106 160 260
103 163 257
100 161 253
100 162 254
104 159 258
102 155 262
103 158 263
102 161 262
103 157 260
105 161 264
106 157 263
104 161 261
106 165 262
102 166 262
103 169 262
102 167 261
101 164 262
102 167 258
105 170 256
108 172 252
110 175 252
113 175 248
114 177 246
112 177 246
111 173 247
115 171 246
119 168 249
117 168 249
118 167 247
117 166 245
116 163 243
120 162 239
118 160 242
114 156 243
112 158 244
109 162 245
110 166 241
114 164 239
112 165 238
116 165 235
117 165 239
118 168 235
115 168 235
119 165 232
117 162 236
121 160 238
124 164 241
121 163 244
119 160 247
117 159 247
120 159 250
122 162 250
119 162 247
123 161 247
124 164 245
125 167 242
124 163 239
126 163 237
126 162 239
129 162 235
132 162 239
134 161 239
136 157 242
133 161 241
134 161 239
137 163 239
135 167 236
138 171 237
136 170 238
132 172 235
131 168 235
129 167 236
126 166 240
130 165 243
126 161 243
122 158 241
124 161 245
126 164 244
130 161 240
133 164 243
129 160 244
125 159 243
123 156 244
126 158 243
124 154 247
124 151 249
123 149 247
126 150 249
124 154 246
127 157 250
128 158 253
130 155 257
128 157 259
124 154 263
121 150 261
123 154 261
119 154 263
118 154 265
116 150 264
116 149 260
113 148 259
109 152 255
109 151 254
112 153 254
111 152 257
111 152 255
111 152 258
114 148 262
116 150 264
114 147 260
113 146 263
116 144 265
117 144 266
115 146 264
118 144 261
120 148 258
121 152 260
121 149 257
124 149 256
123 152 258
121 150 258
123 153 260
120 152 257
122 148 255
123 149 258
122 152 262
119 154 265
118 155 267
122 159 271
122 160 267
120 161 263
121 159 260
119 155 262
119 158 264
122 159 264
126 155 266
128 151 263
125 154 260
122 152 257
119 155 254
120 154 256
119 158 253
121 161 250
124 165 254
121 167 258
124 167 258
120 171 260
121 170 262
123 169 259
124 170 256
125 167 254
128 170 250
125 171 253
125 167 257
127 163 254
125 166 254
122 165 253
118 163 250
114 167 247
117 164 246
121 168 246
125 171 248
126 175 250
129 173 251
131 172 253
133 168 253
133 165 257
135 164 258
137 164 259
135 161 257
133 159 260
132 161 263
135 163 262
134 160 260
132 162 262
135 160 265
139 160 262
135 162 260
137 164 261
133 166 257
132 162 254
128 165 258
129 163 256
132 164 252
128 166 250
126 170 248
125 174 246
125 176 246
126 175 248
122 172 247
122 175 246
125 176 245
129 173 242
131 172 238
128 170 237
130 172 234
126 168 231
130 166 229
126 165 229
125 162 228
122 166 231
123 165 227
127 166 223
124 168 219
124 170 218
121 166 222
122 162 218
124 161 216
126 161 215
126 158 215
122 162 211
122 165 210
125 164 211
121 162 211
125 162 208
126 164 207
127 161 203
127 164 203
127 165 204
127 161 208
128 157 210
128 155 211
124 158 208
121 161 210
120 159 208
120 156 212
116 157 210
117 160 211
118 159 211
119 156 209
117 160 206
118 158 210
115 156 206
112 160 206
111 158 207
109 154 204
110 153 202
106 157 200
103 157 200
104 160 204
102 164 208
98 167 209
102 166 209
101 163 209
102 161 209
98 162 207
98 161 206
96 158 208
95 160 204
94 156 204
96 158 204
92 155 208
93 153 208
95 150 205
96 149 203
98 146 202
101 146 201
100 147 199
104 143 203
104 146 199
104 142 196
103 139 192
102 135 191
98 131 194
102 130 191
103 134 192
104 137 193
104 140 189
108 141 186
111 145 186
115 147 186
113 151 183
110 151 179
113 150 177
111 152 173
115 149 169
118 153 170
122 150 174
123 149 177
126 153 173
127 150 169
124 153 171
128 153 175
127 150 177
130 150 173
126 154 174
124 156 177
120 156 174
123 159 171
124 158 169
120 157 165
120 158 167
118 155 164
119 151 166
116 149 168
120 147 171
121 148 167
121 146 163
122 148 166
121 144 170
125 145 169
125 142 166
126 143 167
127 147 163
126 147 167
126 146 171
125 147 167
129 145 166
127 146 162
123 145 159
124 141 159
125 144 155
124 148 158
127 145 156
126 145 158
128 142 161
129 144 157
131 144 153
127 140 157
129 143 160
131 144 156
129 143 156
133 145 155
133 145 151
129 146 147
125 149 148
126 145 146
129 147 150
125 145 153
128 145 156
130 142 155
130 143 157
128 144 161
124 146 162
123 150 163
120 151 161
124 149 162
123 149 159
124 149 155
126 145 154
127 144 157
126 140 154
127 141 155
131 137 159
131 135 159
132 132 158
134 131 159
130 135 162
134 139 159
131 141 159
134 144 158
135 148 160
136 145 162
139 146 165
135 142 165
135 139 167
136 142 170
134 143 170
136 139 166
135 140 163
132 138 160
128 142 156
129 142 153
127 146 155
124 144 153
127 145 150
127 148 153
127 149 153
131 148 150
129 152 150
130 154 154
130 155 150
132 153 148
136 149 149
136 148 147
137 147 144
137 150 146
136 154 144
137 152 145
138 153 141
141 156 139
145 156 142
146 155 141
144 155 142
144 151 143
141 154 145
139 158 147
142 160 146
145 164 146
146 161 147
147 160 147
148 158 143
144 162 139
145 164 137
142 163 133
145 159 130
141 157 130
137 157 134
138 160 137
138 158 140
135 161 144
136 159 146
139 156 147
143 159 149
140 159 145
142 160 141
142 162 143
140 164 140
144 163 137
145 164 139
147 163 142
143 160 141
144 161 140
143 157 136
144 153 136
144 157 137
148 156 141
147 154 143
149 155 143
145 153 141
142 153 141
139 149 140
143 153 143
144 156 144
142 154 142
138 157 138
142 160 134
142 160 138
138 158 136
137 162 140
134 159 140
135 156 140
139 159 142
140 155 144
136 158 146
132 160 143
134 160 144
135 162 147
135 163 147
136 161 149
133 164 153
129 161 153
127 163 157
131 166 159
135 165 156
136 168 152
140 171 153
138 167 151
141 169 148
138 173 145
137 171 146
139 172 150
141 173 154
142 169 157
145 168 155
145 164 158
141 162 155
138 163 151
138 164 151
142 168 147
145 168 146
143 164 142
140 160 143
136 160 145
135 163 149
132 165 147
130 165 143
127 164 147
130 163 150
133 160 146
135 156 147
137 154 149
134 151 149
131 152 145
130 152 144
131 156 148
132 160 148
136 162 147
132 161 143
133 158 142
130 156 138
126 157 134
123 157 130
126 161 126
129 163 129
131 166 132
134 168 133
136 172 129
138 175 132
140 174 129
144 178 131
141 179 127
145 179 123
147 181 126
151 184 130
153 188 131
150 184 127
150 186 124
147 187 122
149 184 122
146 188 124
146 185 122
146 187 121
148 189 119
145 192 116
141 193 118
145 191 115
141 191 111
142 193 110
139 192 114
142 189 114
142 192 117
142 188 119
138 188 116
140 185 120
143 188 116
139 186 113
138 189 116
136 186 115
133 182 116
137 179 113
138 176 111
140 178 107
142 179 109
139 181 111
136 182 112
135 181 112
133 179 108
129 175 108
133 178 105
133 180 106
129 184 106
132 185 109
132 187 113
132 187 117
131 188 120
130 190 124
126 187 125
126 184 125
123 180 125
120 178 126
124 181 122
122 178 121
121 178 117
117 177 114
121 178 117
117 175 120
118 173 119
120 177 120
123 177 122
119 181 121
117 178 124
116 175 120
117 171 118
117 168 117
117 170 114
119 166 112
117 166 110
118 167 110
118 171 108
122 168 106
120 169 108
121 173 104
122 175 105
119 179 101
115 178 103
118 179 100
121 178 98
123 180 97
120 176 98
124 173 100
125 169 99
129 166 96
125 165 100
121 161 104
123 163 106
126 162 103
124 161 103
125 159 102
126 155 104
122 151 103
119 151 105
117 153 103
115 157 103
117 155 105
120 155 102
119 151 102
120 152 106
118 152 108
119 151 108
122 155 110
125 152 111
123 155 111
120 158 115
124 160 117
125 162 116
122 163 117
119 167 114
121 170 118
122 168 118
122 171 115
125 170 111
125 166 108
129 170 109
126 168 105
122 170 101
120 169 100
119 172 104
115 173 105
116 170 104
112 173 102
110 172 99
111 169 101
112 166 102
109 165 100
105 168 103
107 168 100
103 172 96
106 170 92
105 171 88
104 169 87
100 172 86
101 172 83
105 168 86
101 170 84
101 168 85
104 165 88
100 164 90
104 165 91
104 167 93
103 163 94
100 160 96
101 160 94
102 158 98
98 155 98
99 158 100
96 162 101
96 164 105
98 167 108
102 165 110
99 162 110
103 162 107
101 159 103
98 162 106
99 163 103
97 167 101
95 168 104
94 167 100
98 164 104
99 167 102
100 170 101
97 174 102
93 170 98
94 172 97
91 171 96
88 170 100
85 168 100
83 170 103
82 171 105
81 171 101
77 170 99
75 169 97
72 169 100
69 171 104
72 174 107
73 173 110
77 173 114
73 171 118
74 170 119
74 170 120
77 167 123
73 168 127
75 165 130
75 168 133
75 171 132
72 168 136
76 167 132
79 168 131
78 172 133
81 170 137
83 169 136
81 168 133
79 172 129
76 174 133
77 170 136
78 168 138
78 168 140
80 166 139
81 170 141
81 171 141
78 174 143
80 170 142
76 172 140
79 173 144
82 172 142
80 168 139
82 167 141
84 163 142
88 160 144
89 160 141
86 159 140
87 161 140
91 162 139
90 160 137
87 158 136
88 157 135
85 155 131
89 153 130
88 150 132
86 151 131
89 149 128
91 152 129
91 148 126
88 148 127
91 151 130
95 152 128
97 154 129
93 156 129
89 160 127
90 162 123
90 166 125
91 168 129
90 171 133
87 169 132
89 172 130
93 175 134
91 176 138
95 179 141
95 176 140
96 173 138
98 173 138
96 173 142
98 170 140
94 173 140
91 173 144
90 177 140
91 178 143
90 175 143
90 173 140
88 175 144
89 174 145
93 170 147
93 167 149
93 170 153
97 173 149
96 175 145
96 176 143
98 175 143
100 179 144
99 182 147
98 182 151
97 180 153
95 180 154
98 177 154
99 176 155
102 172 154
99 174 156
100 175 158
97 179 160
98 180 162
98 181 164
96 180 165
99 176 166
96 174 164
92 178 164
96 180 168
93 181 170
92 184 169
94 185 173
95 181 173
97 177 172
94 174 176
95 177 178
96 178 180
100 177 181
102 178 177
106 175 181
110 178 179
109 182 179
112 183 183
115 187 183
112 183 186
113 180 188
110 179 192
113 183 189
114 182 191
110 184 189
107 182 187
106 180 183
106 179 181
109 182 178
106 178 175
104 174 176
108 171 174
107 173 175
108 171 175
112 173 179
116 174 175
117 178 177
120 179 179
119 182 183
120 180 182
120 178 185
121 174 188
122 177 185
121 176 187
118 180 189
117 180 189
116 179 192
119 176 190
119 175 188
120 172 185
120 176 186
119 172 185
116 174 181
120 176 180
118 177 179
117 178 182
121 181 186
121 183 189
119 185 187
120 185 183
122 181 184
123 185 186
121 185 184
120 184 188
118 186 184
114 185 185
112 181 188
115 178 191
113 181 192
109 177 194
112 181 195
108 182 191
105 180 194
105 177 190
103 179 186
105 177 188
103 180 191
102 178 191
104 174 191
103 172 194
104 169 190
105 169 186
102 172 188
105 176 189
102 179 190
100 182 187
103 183 189
105 187 190
105 188 190
104 190 193
101 190 193
97 189 193
100 193 193
97 196 195
100 193 192
99 197 189
97 194 187
95 193 183
96 193 179
93 192 175
89 193 173
88 195 173
89 195 177
90 193 179
89 191 183
87 195 179
91 196 183
95 199 179
91 195 178
92 191 182
88 187 178
86 187 179
88 191 175
84 190 173
82 189 174
86 191 172
84 194 171
86 191 172
85 189 170
85 188 167
81 188 165
78 185 162
75 187 159
79 190 157
82 186 161
86 188 162
85 191 164
84 187 165
82 190 162
81 188 158
79 191 155
82 187 159
81 190 155
85 194 155
88 198 155
91 197 156
94 195 153
93 193 155
91 189 156
93 192 157
91 188 155
95 187 153
96 187 154
98 185 157
102 181 159
99 182 155
97 181 158
100 179 162
103 177 164
106 175 160
105 177 163
102 173 164
106 170 160
105 167 160
108 169 159
108 170 160
106 172 164
103 176 162
100 175 162
103 172 162
103 168 159
99 169 161
97 172 161
95 169 157
98 168 156
100 167 158
101 168 158
104 167 159
100 171 157
104 174 154
100 178 150
97 177 151
93 175 152
90 179 149
90 177 152
93 180 150
97 178 153
97 177 150
98 180 147
100 184 147
100 188 144
98 185 148
100 183 149
99 180 149
96 184 152
100 184 152
97 188 153
98 189 154
96 191 158
99 193 158
100 196 154
104 195 154
104 196 152
106 199 149
110 200 149
113 199 149
116 197 150
118 193 150
118 193 147
121 195 149
125 197 147
121 199 146
121 195 142
123 197 143
127 199 142
128 200 141
132 196 138
133 198 137
134 198 134
134 195 132
137 192 131
133 196 127
134 199 125
135 199 128
136 199 130
134 196 132
131 194 131
132 194 128
132 196 125
129 195 126
128 197 130
129 194 127
126 198 123
123 198 123
119 201 126
123 205 127
124 202 130
125 206 130
127 205 130
123 202 128
127 203 129
125 199 125
128 195 125
132 197 125
128 196 121
125 197 120
125 196 120
127 200 119
127 201 122
129 199 121
132 202 124
134 203 122
134 202 123
132 203 125
136 203 129
135 202 133
139 199 135
139 198 131
141 196 128
143 199 127
144 201 124
146 198 124
150 195 128
146 199 131
144 199 127
141 203 123
144 200 127
143 203 129
141 205 132
140 208 132
138 204 134
135 201 137
131 204 135
134 203 133
132 201 134
133 198 135
131 197 137
127 197 133
126 196 131
129 193 127
126 195 130
130 192 126
128 192 125
131 192 125
134 190 124
130 186 126
132 183 126
131 184 124
130 184 123
130 183 121
126 186 123
127 188 124
128 189 123
131 191 119
127 191 120
125 190 117
125 189 116
124 186 114
124 183 116
121 182 115
124 180 117
125 183 118
129 183 117
132 185 116
133 186 119
134 182 121
132 183 123
136 186 119
135 188 116
138 192 112
136 190 111
133 187 111
129 190 109
131 188 109
132 190 107
131 187 109
134 189 106
132 188 107
130 187 107
132 187 109
130 185 109
126 182 111
122 179 110
123 183 114
121 186 114
119 183 118
123 179 120
121 183 116
124 180 113
123 179 117
121 180 115
122 178 116
126 174 115
123 170 114
127 172 115
124 176 116
121 179 115
118 181 115
116 182 115
120 184 116
117 188 120
116 184 123
115 186 121
119 187 125
120 190 124
116 192 122
112 196 126
110 200 129
112 202 130
108 199 134
107 198 132
110 197 136
114 196 139
118 196 137
121 199 135
124 199 137
127 198 135
127 199 137
126 199 140
129 197 137
129 200 141
133 196 141
131 198 138
129 196 140
132 193 139
130 194 137
134 193 134
130 190 135
126 187 135
123 186 132
125 190 129
123 194 127
119 193 125
115 190 125
112 193 127
109 192 130
112 196 126
109 196 124
108 200 123
105 199 121
105 200 124
106 198 127
103 200 126
102 197 127
101 193 129
98 190 132
96 192 129
98 196 129
96 192 126
93 189 122
91 186 124
93 186 123
91 182 124
92 184 123
91 187 126
95 183 128
93 184 129
97 186 132
94 189 128
97 189 129
93 187 131
96 184 133
97 180 132
97 183 133
99 185 132
97 182 133
99 182 134
99 181 138
96 180 135
96 179 132
97 179 131
93 181 129
93 178 127
97 179 131
99 179 130
96 181 132
100 177 130
100 177 129
103 178 133
101 181 129
103 180 129
106 182 126
109 178 126
109 181 123
112 183 127
112 187 127
112 186 129
109 188 133
108 185 135
105 187 135
109 185 133
113 181 136
111 182 134
109 186 137
110 183 138
110 179 140
107 175 142
108 175 144
108 175 147
106 177 145
103 180 145
100 177 146
101 180 148
104 181 149
100 181 151
104 179 153
102 183 152
103 183 155
107 186 151
105 190 152
103 189 152
99 185 154
101 183 154
97 181 156
99 180 155
101 181 152
104 183 154
105 182 158
107 181 159
111 179 158
115 183 158
113 183 162
113 186 161
111 189 160
107 192 156
105 189 153
104 187 155
104 183 157
100 186 155
101 185 155
101 183 158
103 183 159
104 180 160
101 181 158
98 185 155
96 182 152
93 183 153
92 184 149
90 182 146
94 181 146
90 179 147
87 182 151
91 183 155
90 187 159
90 191 157
90 188 161
91 188 162
93 190 161
91 194 157
87 195 157
83 199 153
87 199 151
88 197 147
89 196 148
93 198 151
94 202 149
91 198 152
94 199 156
94 201 153
90 200 149
93 204 151
90 206 148
93 202 145
91 202 142
93 199 140
93 200 140
