38 45 35
42 48 32
42 50 31
44 52 30
41 53 29
40 50 29
40 52 30
39 49 31
39 50 28
37 50 28
40 49 28
42 51 31
38 53 31
42 51 27
40 47 28
44 49 31
46 46 35
46 45 37
47 49 35
49 47 34
46 51 35
48 54 31
44 50 31
43 52 28
41 52 24
39 51 23
39 50 26
36 47 25
39 50 27
38 48 27
42 46 28
40 45 29
40 41 28
42 38 29
42 41 27
45 38 29
47 41 32
50 39 36
47 35 32
49 38 29
45 37 28
45 36 32
41 32 31
40 36 28
41 33 28
39 32 25
43 36 24
41 34 24
41 37 28
39 33 27
39 30 27
38 34 31
38 31 30
39 32 33
37 29 34
38 26 34
38 29 31
37 29 33
40 27 31
43 27 31
40 28 28
42 28 32
41 32 30
42 32 27
39 28 30
38 24 28
34 26 26
31 23 25
30 23 26
27 26 24
31 26 20
29 23 22
26 22 19
28 25 19
30 29 20
29 26 23
30 27 20
34 31 20
36 28 24
39 28 22
41 31 25
40 30 28
38 32 24
34 34 24
31 38 28
28 39 28
31 37 32
29 40 35
32 36 32
36 36 33
40 40 37
37 42 41
37 39 41
36 42 37
38 45 40
39 46 37
37 48 35
34 46 39
36 47 37
38 50 38
34 53 39
31 51 38
35 55 37
39 55 41
38 58 39
37 60 35
39 56 37
40 57 37
38 55 35
41 54 37
39 52 36
41 48 32
43 51 32
41 52 32
40 49 28
36 53 32
39 54 35
39 54 32
35 55 30
39 58 29
40 58 33
40 57 29
41 56 26
37 56 29
38 58 29
38 58 32
34 54 30
32 52 34
28 55 38
32 57 40
35 56 44
35 52 45
32 54 44
28 53 41
31 50 43
31 46 44
35 42 45
32 39 47
29 37 46
29 33 45
30 34 48
31 30 46
35 31 46
32 35 42
28 38 41
25 35 40
26 33 40
28 29 36
32 32 33
30 33 37
27 35 35
23 36 38
24 33 38
26 34 41
28 38 41
32 38 44
28 42 41
28 46 42
32 50 42
33 51 39
32 52 42
34 51 41
34 50 43
37 52 47
35 55 46
31 56 48
30 56 45
28 59 48
27 58 45
29 58 45
28 57 47
31 57 51
30 56 54
30 58 52
32 56 54
34 54 58
32 56 58
33 60 61
36 56 57
39 60 57
43 58 60
42 57 56
43 54 58
39 57 55
42 60 51
46 61 52
44 62 48
42 66 50
41 63 46
41 63 45
40 66 41
40 69 41
39 73 38
41 71 38
45 70 35
43 72 32
39 70 34
39 72 33
40 76 33
39 72 31
41 76 33
38 74 30
37 78 29
34 77 33
32 81 29
33 85 28
29 85 26
25 88 29
25 84 32
29 86 31
29 84 29
30 85 25
33 83 21
31 85 19
33 87 20
32 84 18
35 83 21
38 81 24
36 77 20
34 76 19
31 79 16
34 81 17
34 84 14
31 81 17
29 85 15
33 89 19
33 92 23
30 95 24
26 93 20
24 94 18
21 97 20
24 98 23
21 97 19
17 96 22
19 96 24
19 96 28
18 95 30
18 98 31
21 98 35
18 99 34
17 101 30
20 98 32
19 99 33
22 102 37
26 100 41
30 98 40
29 98 44
25 102 42
22 99 42
23 103 44
20 101 47
19 103 46
15 105 42
19 101 46
15 101 45
17 102 44
20 98 41
19 94 41
18 96 40
18 93 39
15 96 36
15 99 40
19 97 37
22 95 39
19 99 35
19 97 35
20 98 31
24 99 32
25 97 36
24 96 39
20 95 43
18 95 41
22 91 39
23 87 41
21 91 41
19 94 38
22 94 39
23 90 40
26 88 38
25 84 35
23 83 32
20 85 35
19 88 36
18 91 35
21 94 32
17 94 32
13 90 32
11 87 28
12 85 32
12 88 35
12 89 37
14 87 40
15 88 38
19 92 35
20 92 35
21 95 34
22 97 32
24 96 28
28 100 27
27 100 31
27 98 33
31 94 34
34 97 36
38 95 34
39 92 38
42 90 41
44 90 44
41 92 43
37 90 46
37 94 47
41 95 50
37 91 47
37 93 50
37 91 47
40 92 51
39 93 48
40 94 47
36 97 46
32 101 50
34 99 53
38 97 49
40 99 52
36 96 56
38 92 56
41 94 60
44 96 63
45 96 62
48 97 58
47 98 60
50 100 62
54 100 58
51 103 62
54 107 61
52 110 58
52 106 58
54 108 61
56 112 60
59 114 64
56 115 64
52 116 63
49 119 59
53 116 62
57 119 61
53 120 63
49 118 63
51 120 66
50 121 64
51 117 60
55 114 58
58 112 54
62 113 51
64 110 53
61 113 55
59 111 59
60 113 61
58 110 63
54 114 65
50 116 68
48 119 65
52 123 69
55 119 65
52 119 68
55 115 71
55 112 74
56 115 78
53 113 77
50 116 75
49 118 78
52 119 74
53 117 75
56 115 74
55 117 71
52 113 68
48 115 69
45 119 65
49 123 66
48 120 65
47 117 69
48 119 71
50 115 70
48 111 71
48 114 71
44 112 71
46 109 68
43 106 64
39 105 63
43 103 67
40 99 71
40 102 71
38 103 67
34 107 69
38 104 70
36 103 74
37 99 74
40 103 72
36 100 71
34 102 67
30 105 71
34 109 70
35 107 66
34 105 64
37 107 60
36 107 56
38 108 60
39 112 58
37 111 60
40 115 57
38 117 58
39 119 61
41 123 62
39 127 61
38 130 62
40 130 63
40 132 60
44 133 60
40 134 62
40 130 64
43 129 63
41 132 66
42 131 62
41 128 66
43 131 70
39 132 72
42 134 68
45 132 67
49 130 66
47 126 69
49 125 71
51 123 69
49 120 69
48 124 72
52 125 74
48 125 77
50 122 77
52 123 76
48 120 74
49 123 77
53 127 75
56 123 75
60 127 72
59 126 76
60 123 77
56 122 79
52 125 76
53 126 75
56 125 78
54 121 82
52 125 83
50 122 87
48 122 85
44 119 82
44 119 84
48 121 85
50 117 89
48 114 89
51 118 88
49 116 86
45 112 83
47 116 81
46 112 82
50 115 83
52 117 84
55 116 87
53 118 83
55 114 81
58 116 84
57 117 83
57 120 83
54 119 80
51 121 76
54 123 77
53 126 78
56 129 82
59 129 86
60 125 82
62 127 79
62 131 77
61 132 77
59 128 79
57 128 81
58 130 81
58 129 83
56 126 82
52 125 86
49 123 86
53 122 90
51 118 94
55 118 97
57 117 94
55 120 97
57 124 97
54 127 98
55 126 101
53 124 98
55 121 99
55 119 100
59 115 102
62 114 103
66 118 99
68 119 103
66 115 106
64 114 102
63 114 99
63 110 95
63 108 97
63 109 100
64 110 100
64 106 103
60 110 103
57 107 107
57 107 109
60 110 106
60 112 105
64 112 105
68 108 103
67 106 106
68 110 107
68 113 103
64 111 104
68 114 103
69 117 104
65 113 100
62 110 97
59 111 94
62 109 90
64 106 89
61 106 93
65 104 97
67 100 95
67 103 99
66 107 98
62 107 101
60 111 100
63 109 101
66 112 102
67 109 98
64 110 101
67 106 100
71 108 97
71 104 99
71 103 95
67 101 91
70 104 90
67 104 86
63 104 84
61 107 87
60 105 84
63 109 84
64 111 84
62 113 85
64 110 81
63 114 84
63 110 82
63 110 78
65 114 82
67 115 81
66 113 79
69 111 79
73 108 77
69 109 77
72 111 81
75 109 84
79 113 88
75 110 85
74 112 81
75 113 84
71 111 80
67 112 83
69 108 86
70 108 82
67 110 85
70 107 84
72 111 82
73 110 84
69 112 83
70 111 83
74 109 85
76 109 84
76 109 83
77 109 81
77 106 81
81 106 78
77 108 78
74 111 77
78 109 80
80 106 83
84 108 87
88 107 87
87 103 86
87 100 86
86 98 89
85 98 86
81 102 89
81 106 88
82 102 84
84 104 81
86 106 79
89 103 78
87 99 76
90 99 77
88 102 74
91 105 74
87 105 73
83 107 74
84 110 70
84 110 70
84 112 72
80 108 74
81 105 75
78 104 79
80 108 81
82 111 77
82 115 76
86 117 78
86 116 81
87 119 78
89 122 79
91 124 78
92 126 75
88 128 75
90 131 71
89 134 74
85 131 73
82 127 71
79 128 70
76 130 67
77 133 71
81 130 69
83 127 65
79 128 64
82 129 62
84 131 65
81 131 63
82 128 60
86 132 64
90 133 61
92 136 58
92 135 54
95 131 51
91 132 49
88 130 53
87 132 49
86 131 51
88 127 49
90 123 51
93 123 50
90 124 51
93 125 52
97 127 49
98 129 50
95 127 49
98 126 45
100 129 47
96 129 47
95 129 49
92 131 48
89 128 48
90 130 46
93 133 44
97 137 40
97 135 41
98 139 45
95 136 49
96 137 45
92 139 47
94 137 43
91 139 46
95 141 45
96 144 47
98 147 51
102 150 51
103 151 50
103 150 50
100 152 46
103 148 48
106 146 47
109 144 47
111 143 43
108 147 42
104 145 45
101 144 48
98 140 50
99 140 48
100 144 52
98 140 50
100 141 54
102 138 53
102 137 51
98 140 53
98 141 54
96 144 52
94 147 51
90 150 49
93 146 45
95 147 43
95 151 40
91 151 38
89 151 41
87 150 39
88 154 38
90 156 41
94 160 39
98 157 35
99 160 33
99 158 29
101 155 28
104 158 27
103 159 28
103 157 32
105 160 34
107 160 31
103 162 32
105 162 29
105 164 27
108 166 31
108 170 27
107 169 25
111 171 27
113 169 27
114 169 23
116 171 25
116 169 27
114 167 30
117 167 30
121 170 33
121 169 29
122 171 25
125 173 26
121 174 26
117 175 25
120 178 27
120 174 30
119 175 29
117 177 29
119 176 33
119 173 33
120 174 35
117 172 37
117 170 35
119 174 36
121 171 40
120 172 43
123 176 41
123 180 38
124 179 39
124 176 37
127 173 33
130 170 36
130 170 38
127 167 34
128 170 32
127 167 31
123 164 31
124 165 34
125 161 37
129 163 34
129 163 32
125 159 28
126 159 24
126 158 28
130 161 27
132 158 31
132 154 33
136 156 36
140 155 33
136 156 31
137 157 31
141 155 29
139 159 26
137 156 25
135 152 28
137 154 31
136 151 28
140 154 28
141 156 25
142 152 29
142 153 30
145 153 33
147 152 36
143 148 39
145 144 39
141 142 38
145 145 40
142 147 41
139 146 45
137 144 44
136 140 48
133 140 45
135 139 43
133 142 42
130 146 42
129 150 45
132 152 45
136 155 49
136 153 53
133 149 52
135 149 52
132 146 56
136 143 55
133 141 53
129 143 53
130 142 54
133 139 54
129 135 58
125 132 57
124 133 57
120 136 55
116 138 56
115 135 57
116 132 61
119 130 60
122 126 63
118 123 67
115 119 63
118 120 63
118 119 65
116 121 68
116 119 72
112 115 72
108 114 71
108 113 67
106 109 71
102 107 74
99 107 73
101 105 72
102 108 74
98 110 71
102 112 72
105 108 74
104 111 73
100 110 70
102 114 72
104 118 68
101 120 64
98 118 68
94 115 69
90 111 67
92 114 67
94 115 65
96 111 67
93 110 66
97 107 62
96 106 65
95 109 63
96 111 60
100 107 59
103 109 55
103 112 54
101 114 57
99 117 58
98 114 61
96 115 63
95 111 65
97 109 64
100 112 66
100 109 68
96 106 70
93 102 68
89 99 64
86 97 64
88 101 64
86 105 64
82 101 68
80 99 65
78 97 69
78 95 67
77 94 69
79 93 69
76 90 65
76 89 65
78 91 67
76 88 63
80 86 59
78 84 61
78 84 62
78 84 59
79 80 59
77 77 57
80 74 61
80 74 57
84 72 59
82 69 55
80 68 55
83 70 51
81 70 47
84 68 43
82 69 45
82 68 46
84 70 45
84 74 45
80 76 42
76 79 45
73 81 47
72 79 47
75 82 50
79 79 49
77 78 45
78 78 47
75 75 48
79 75 50
81 72 47
81 75 47
84 75 48
88 78 50
90 80 51
86 83 51
82 79 53
81 83 49
84 86 47
80 90 49
81 89 49
85 87 46
86 89 43
83 89 39
86 86 41
90 84 38
93 84 41
92 81 40
88 82 42
85 86 39
86 86 40
83 87 44
85 85 43
81 86 40
83 83 37
81 81 34
82 83 30
81 81 26
84 78 25
88 75 22
87 72 23
83 69 21
83 71 25
84 69 29
81 69 25
84 70 27
86 73 31
87 74 33
88 75 34
88 78 37
85 75 35
88 79 39
85 82 37
82 83 39
85 86 42
81 84 39
84 82 40
81 84 44
78 85 45
77 84 41
81 83 37
79 80 36
76 80 37
75 79 37
72 80 35
74 82 35
75 79 37
79 80 33
82 78 33
83 74 34
87 77 33
87 80 35
91 79 32
95 79 35
94 79 31
91 76 30
88 75 32
90 76 34
92 73 35
92 71 33
89 75 30
86 75 34
87 72 32
89 70 32
89 72 35
86 72 35
83 69 34
80 73 35
84 75 39
82 76 39
82 74 39
81 74 36
83 73 33
81 69 32
77 73 28
73 77 30
73 81 31
73 80 28
72 80 31
76 80 34
79 76 38
75 80 40
76 82 37
72 86 33
75 83 33
77 85 34
75 86 30
78 84 29
81 86 33
83 87 37
82 87 40
78 86 41
75 82 43
75 83 45
79 86 43
79 90 46
77 92 43
79 94 43
80 96 47
83 94 44
83 95 47
84 95 49
80 96 50
84 94 47
81 98 47
82 94 50
82 95 50
82 92 53
84 89 51
83 93 49
87 89 51
91 86 51
91 87 49
87 85 47
91 85 45
92 88 47
93 86 44
96 89 48
99 93 49
95 90 49
93 86 53
92 86 51
91 83 47
93 85 47
95 83 47
95 80 46
92 81 43
91 82 44
92 84 45
90 86 43
88 87 42
84 90 46
85 86 45
85 86 44
87 82 43
88 86 47
90 84 50
86 84 53
89 82 52
91 82 53
87 84 53
84 86 55
88 86 56
91 85 52
88 84 53
90 83 52
93 84 51
91 88 48
95 87 48
98 85 47
98 86 46
99 88 48
101 91 47
99 89 43
96 85 46
94 85 46
97 81 43
98 85 40
94 84 39
94 85 43
97 83 45
96 86 42
99 90 41
102 92 44
99 96 44
98 93 40
95 95 44
98 92 47
101 89 43
105 85 47
106 85 48
105 82 52
107 82 52
107 85 54
106 84 55
102 86 56
99 87 53
102 86 56
98 82 58
99 78 54
98 78 56
98 74 53
96 76 49
94 77 45
95 79 42
93 82 46
97 86 43
96 85 41
98 83 38
100 85 38
103 82 36
99 85 37
102 84 40
102 84 37
103 81 36
105 81 34
104 80 31
100 82 30
97 86 30
98 89 32
95 88 31
92 85 32
90 82 36
92 86 34
93 90 34
96 89 33
98 93 34
97 97 35
98 99 32
101 103 35
103 99 33
105 103 36
103 99 33
103 100 34
105 96 33
109 92 30
105 95 30
104 94 29
101 90 33
100 92 31
99 90 34
103 89 38
99 93 42
102 95 44
105 99 46
101 99 50
104 97 48
100 97 45
103 95 43
103 97 46
105 97 50
108 98 49
109 101 46
106 105 42
105 106 42
107 103 41
110 100 43
110 99 39
112 98 38
115 97 34
118 101 37
117 99 38
116 98 38
119 101 36
122 97 36
123 96 33
119 92 32
122 92 35
120 91 37
118 88 35
115 85 37
111 83 33
114 85 36
118 88 37
122 85 33
123 88 37
124 91 33
121 90 34
120 92 37
116 89 33
120 85 36
124 89 37
122 88 37
124 88 39
123 86 38
121 88 38
119 85 37
118 81 33
115 85 35
117 83 31
120 85 30
124 84 34
122 88 38
121 87 35
118 88 32
119 86 35
120 87 35
118 86 39
114 88 43
115 92 42
111 96 41
111 93 43
114 96 44
111 92 44
107 90 45
105 86 47
106 87 51
106 91 54
103 92 51
103 93 49
105 97 52
103 93 52
104 92 50
104 91 52
100 90 51
99 89 50
100 91 51
96 89 47
97 87 46
96 86 47
96 88 50
96 92 46
97 89 42
95 86 41
94 85 39
98 89 40
102 90 44
99 93 44
102 89 48
106 91 52
106 91 48
105 88 45
107 88 43
106 92 41
110 90 45
114 92 49
117 93 47
116 97 50
117 93 50
115 91 50
114 88 50
113 86 53
115 87 55
117 87 56
119 89 60
116 87 60
118 89 57
117 91 54
113 93 58
110 95 61
114 98 60
113 98 60
116 101 58
118 101 56
114 97 60
115 99 60
111 100 58
110 99 59
112 102 56
108 98 60
111 95 64
115 94 60
112 92 60
109 89 64
107 89 65
110 86 67
114 84 67
115 80 64
116 79 63
117 78 64
120 74 64
117 78 63
118 79 61
122 78 57
120 82 56
116 84 58
115 87 58
119 88 61
119 87 61
122 86 63
121 84 62
118 86 58
119 86 62
119 90 62
118 93 58
114 96 61
116 92 58
117 92 61
116 90 60
120 89 57
121 85 56
119 85 56
118 81 54
115 84 56
112 83 56
110 84 59
114 88 60
112 92 63
111 96 63
114 95 60
117 92 64
115 89 66
117 85 66
118 81 64
116 78 67
113 81 64
111 83 61
112 79 62
111 82 66
108 85 66
108 84 70
112 80 70
115 81 72
114 84 75
115 84 78
112 82 81
116 81 78
119 80 79
120 78 78
116 78 82
120 75 78
117 79 76
120 83 77
122 79 73
125 75 74
123 78 72
120 76 69
119 74 68
118 75 67
120 71 68
124 71 72
125 72 76
123 76 80
125 78 80
122 79 83
126 80 83
122 82 82
121 82 83
125 84 83
129 85 85
130 86 86
126 88 87
122 86 89
120 85 93
121 84 93
124 80 97
125 78 94
124 79 95
127 81 98
127 84 100
126 83 98
129 80 95
126 77 95
122 77 91
126 73 92
122 71 94
122 67 93
121 65 97
120 67 96
124 71 99
128 75 97
126 71 101
125 75 97
121 73 95
122 77 94
125 74 92
126 71 93
126 74 96
130 70 96
128 67 100
128 63 104
128 66 105
125 69 103
122 68 103
118 71 104
120 69 101
117 67 102
121 68 98
123 69 101
125 67 97
123 69 98
126 70 97
126 69 95
128 71 94
124 69 96
125 68 94
129 64 98
130 65 102
126 68 103
126 65 107
124 69 108
125 65 109
123 69 109
126 65 109
130 66 113
131 65 109
127 69 111
130 71 115
128 67 117
131 63 119
134 67 123
133 67 120
136 67 117
138 63 113
138 62 111
136 58 115
132 55 116
135 59 118
132 57 115
130 61 113
133 65 115
131 69 115
133 70 114
133 73 111
132 77 113
131 81 117
134 77 117
135 80 113
135 77 112
135 78 116
135 77 119
134 80 115
135 80 118
135 82 122
136 83 121
140 87 122
144 90 119
140 88 123
144 90 127
146 91 123
142 92 127
140 90 125
144 91 127
140 89 127
143 91 128
140 91 126
136 89 125
135 90 126
131 93 122
127 96 124
126 100 123
124 96 125
127 96 128
125 93 130
125 94 129
127 96 126
129 92 122
126 93 119
126 91 120
129 88 123
127 91 120
131 94 124
131 94 125
131 93 128
131 93 127
127 96 124
125 93 126
126 89 124
127 85 123
128 84 126
129 81 129
132 80 125
131 76 125
127 76 124
124 79 123
124 83 126
124 83 122
121 79 126
119 77 128
121 74 127
125 72 126
126 75 123
124 76 124
125 80 120
124 79 120
126 75 120
122 71 124
118 75 120
119 74 117
123 72 121
127 75 125
126 79 124
128 82 126
132 80 122
136 76 123
136 79 127
135 77 130
132 78 129
134 78 125
137 80 123
139 79 124
142 79 126
141 78 130
142 75 131
139 74 133
143 76 133
144 76 132
143 79 128
141 79 129
143 81 130
142 80 126
144 81 125
147 81 122
146 78 123
148 81 120
150 83 117
154 82 113
150 82 113
154 79 115
153 83 115
149 84 115
147 85 119
149 86 115
145 84 115
143 84 116
140 83 113
144 79 117
142 77 114
146 77 116
147 73 120
150 75 116
149 71 112
152 69 111
151 72 107
148 71 109
152 70 106
156 67 104
153 67 106
149 64 102
150 66 104
151 62 101
149 63 104
150 59 105
151 62 104
151 66 106
151 69 108
148 67 109
152 64 105
153 62 108
154 59 105
158 63 105
155 61 107
152 58 105
152 54 108
155 55 110
159 51 112
162 55 111
166 52 112
166 48 110
167 45 108
163 47 104
165 51 108
169 50 111
171 48 109
171 50 105
169 50 104
165 51 106
162 48 110
162 50 113
162 50 111
162 50 109
162 49 106
165 51 103
162 55 101
164 58 99
165 54 102
166 50 105
163 53 107
159 50 105
156 52 103
157 51 103
156 49 99
158 51 102
160 54 105
160 54 101
164 53 104
167 54 106
164 50 107
160 47 110
161 43 114
164 42 114
164 41 116
166 41 120
164 37 117
166 38 113
170 40 116
170 37 116
173 37 115
175 34 116
172 34 119
170 31 122
171 35 123
174 36 125
173 32 129
169 35 132
173 32 128
171 36 132
172 33 128
168 33 128
171 36 129
174 36 128
177 33 130
178 31 126
177 34 127
174 37 123
173 38 121
170 36 124
171 36 124
171 39 125
173 37 129
176 36 128
179 34 129
179 35 129
180 38 130
181 38 134
183 35 137
180 33 136
183 36 136
184 32 134
186 36 137
184 34 138
180 34 142
183 35 142
185 31 140
188 27 136
191 31 138
195 32 136
193 28 138
197 28 134
200 26 135
197 30 139
194 31 136
198 27 138
195 24 136
194 23 140
191 26 139
193 25 138
192 24 142
192 24 143
192 22 144
190 26 147
187 30 144
191 28 146
190 24 143
192 25 146
194 25 146
196 23 146
200 26 147
202 29 146
202 30 142
198 32 138
202 35 138
202 31 134
201 30 131
201 28 133
201 32 135
203 36 134
202 39 131
204 37 131
206 34 128
207 30 124
210 31 127
206 35 124
208 38 126
211 37 127
211 40 128
209 38 132
213 37 131
217 35 129
219 33 126
221 29 124
222 28 120
220 28 118
217 26 115
218 26 112
218 27 114
215 26 115
211 29 112
207 26 112
203 27 116
204 28 116
206 29 120
202 28 121
201 24 118
200 20 117
204 24 116
202 26 119
204 24 119
205 28 121
208 25 122
206 25 124
205 29 125
202 26 122
205 28 119
202 30 118
198 33 120
199 33 116
197 30 117
197 31 113
201 34 116
200 38 112
200 38 115
202 35 115
201 37 111
199 35 110
202 39 107
203 39 108
200 37 110
199 34 108
202 37 111
198 38 112
197 39 111
193 40 110
193 36 106
195 33 107
193 31 107
189 32 111
191 30 112
187 27 114
189 23 110
186 23 111
185 22 109
183 22 110
184 20 107
183 18 103
187 19 101
188 18 105
189 19 105
192 21 109
189 21 110
186 20 108
188 23 110
190 21 110
193 18 114
189 20 117
192 23 116
196 23 116
193 25 115
192 26 119
193 30 116
194 27 118
195 23 115
191 24 111
189 25 113
185 27 111
187 25 115
184 26 112
186 29 108
183 31 111
181 34 109
180 35 110
181 34 111
185 31 114
188 30 116
186 29 112
187 26 113
183 22 112
180 18 108
183 22 112
183 26 113
185 25 114
186 27 112
190 30 108
192 28 106
194 27 110
198 29 112
202 26 114
198 22 114
202 21 116
198 17 113
199 17 110
201 19 108
202 16 110
206 16 113
208 13 115
209 17 119
210 20 119
211 20 117
214 20 117
212 19 119
213 19 123
214 20 125
211 20 123
207 23 120
206 26 118
206 27 115
207 24 111
207 23 109
205 25 107
204 27 106
204 27 104
202 24 104
198 20 102
201 24 100
201 20 98
201 18 100
203 21 101
203 17 105
206 13 101
207 17 98
210 13 98
207 12 98
203 10 97
202 11 99
206 12 98
208 8 102
205 7 104
207 10 105
209 8 107
213 6 104
210 6 106
206 2 109
210 5 112
213 4 110
210 5 108
209 8 112
213 7 115
216 6 114
213 3 117
211 2 121
214 0 125
217 4 123
221 3 125
225 0 124
228 2 123
230 2 125
233 2 123
231 3 119
233 4 122
235 2 118
234 3 122
230 4 121
230 0 121
229 4 122
230 6 118
229 10 122
232 7 118
228 4 114
226 2 110
225 4 110
221 5 109
221 9 113
220 6 116
223 5 118
221 7 118
225 9 118
222 8 117
219 7 117
219 3 120
219 6 122
220 9 118
220 13 120
218 9 122
219 9 122
215 13 120
219 10 118
223 7 118
222 3 119
219 2 123
217 1 126
221 2 126
219 2 127
215 3 130
219 5 131
222 9 127
222 9 125
219 5 122
215 5 121
215 9 124
218 8 126
214 7 124
214 5 122
213 4 120
217 7 122
213 6 125
217 9 126
218 6 124
215 10 126
219 7 128
220 5 125
224 9 127
227 8 123
224 5 122
226 6 123
222 4 123
225 5 126
225 4 123
224 5 124
225 6 122
224 5 120
225 3 122
224 2 125
228 2 121
226 0 125
224 2 127
220 2 128
217 1 128
219 2 125
217 6 124
213 5 127
213 8 128
214 5 126
211 5 122
211 6 120
209 3 122
206 4 123
207 6 121
210 7 121
206 5 119
210 6 115
212 6 111
213 4 109
212 3 113
211 0 112
207 2 113
209 6 115
211 3 115
208 2 113
204 3 116
208 1 115
207 1 112
205 4 109
207 5 111
211 7 109
212 11 106
211 12 104
212 15 103
215 13 106
212 16 106
213 20 108
211 22 112
212 24 112
209 26 109
208 25 109
207 29 105
205 27 108
203 23 111
204 26 111
205 27 113
203 28 110
201 29 106
197 25 104
194 22 106
192 18 108
192 22 110
196 21 114
196 23 113
199 19 109
197 15 111
198 13 111
200 17 109
203 15 108
202 13 110
203 17 106
204 20 107
208 17 104
207 13 103
211 13 100
214 14 103
218 15 104
221 18 106
219 16 105
217 12 107
218 9 103
214 10 104
214 8 104
212 7 101
214 9 101
212 12 103
211 11 99
210 8 102
208 6 99
208 3 95
206 3 96
206 3 99
203 2 102
207 2 104
204 5 104
201 9 107
198 9 104
200 9 107
198 7 109
194 9 108
191 6 108
194 8 110
191 5 107
189 3 103
185 6 103
181 3 106
185 7 110
189 3 112
187 3 113
186 2 117
182 0 120
178 3 122
174 5 125
177 1 128
173 1 128
170 2 126
168 5 122
166 5 122
169 6 121
169 10 117
168 11 117
164 7 116
164 3 116
164 3 115
168 0 117
172 2 118
174 0 120
175 0 120
175 2 120
173 2 122
170 2 120
173 5 117
172 3 119
176 1 121
178 2 121
177 4 118
180 0 122
184 4 125
182 1 129
185 2 131
184 2 132
187 0 129
187 2 128
186 2 127
188 2 128
188 2 126
189 5 128
189 4 129
186 7 133
185 9 132
186 10 132
186 11 131
188 11 132
190 11 134
189 7 132
192 6 135
191 2 136
188 6 137
184 10 139
188 13 135
184 15 136
184 13 137
185 11 136
182 14 138
186 17 136
183 17 132
184 21 133
183 17 132
183 18 134
182 22 137
182 20 140
184 19 144
186 21 143
185 20 147
181 22 147
178 18 151
177 15 148
181 14 148
179 10 149
181 9 153
181 10 150
183 6 154
187 10 153
188 6 153
187 4 156
187 0 157
186 2 154
184 4 151
187 4 151
186 2 154
186 2 157
189 3 155
193 5 159
197 4 162
194 3 165
190 4 164
191 2 165
192 1 165
196 4 168
192 7 171
189 5 168
188 5 168
186 1 172
184 3 175
186 4 177
182 0 174
181 2 176
185 2 174
188 0 170
184 2 169
184 1 166
182 1 170
185 2 167
181 1 166
182 1 168
186 2 168
189 6 170
190 9 172
192 5 173
189 8 177
187 12 180
188 8 177
190 6 173
190 6 171
194 6 170
195 8 170
195 10 169
197 7 167
197 5 170
196 5 171
193 3 170
190 2 168
186 2 169
188 2 166
186 5 167
184 2 165
181 6 168
184 8 172
184 10 171
185 10 173
182 11 176
181 7 176
180 8 173
181 10 172
179 11 171
181 8 168
181 5 170
179 5 166
178 2 170
178 4 171
180 1 169
180 2 167
181 1 170
183 1 174
185 2 172
186 5 174
190 3 173
189 0 173
185 2 173
185 1 174
184 4 170
187 2 174
183 3 176
181 5 173
179 8 171
179 10 168
177 7 170
177 5 167
177 2 169
175 2 169
173 2 166
170 5 170
173 5 166
174 8 170
171 9 169
169 5 168
172 8 164
171 5 168
168 5 172
164 1 172
162 0 172
163 1 172
159 2 172
160 2 173
164 6 171
161 10 170
163 10 169
166 13 167
167 12 168
171 14 169
168 15 171
167 19 173
163 15 175
164 16 174
168 14 176
170 15 178
172 11 178
176 12 174
178 11 171
177 9 173
173 8 176
169 9 176
165 5 175
169 7 176
168 10 180
169 12 176
168 10 172
170 8 170
174 9 170
174 10 166
174 10 165
178 9 167
180 13 164
176 16 166
176 12 163
175 13 160
174 15 158
173 18 159
173 22 162
173 22 166
174 25 164
173 29 163
172 33 160
170 30 160
174 34 157
170 35 160
168 36 160
165 32 160
167 35 159
163 36 157
159 34 161
156 35 161
156 33 161
154 34 162
153 32 158
152 29 157
156 32 153
153 36 149
150 36 150
148 33 150
149 32 153
147 36 157
146 35 156
150 34 157
146 36 155
147 37 153
143 36 157
140 39 155
136 35 152
134 31 148
133 34 152
135 34 153
135 31 152
138 29 153
142 33 151
141 31 150
145 35 153
147 31 155
146 34 159
148 36 162
152 38 165
153 40 167
149 38 169
152 35 173
151 39 177
147 35 177
147 31 180
145 28 182
147 30 184
145 33 186
149 29 190
146 26 190
144 25 190
140 22 187
137 19 187
136 23 183
137 20 184
137 23 180
135 25 178
136 28 174
134 26 175
133 29 174
129 25 171
129 27 174
133 29 170
129 33 173
133 36 176
131 32 180
135 33 180
132 29 184
136 28 181
133 26 177
137 26 181
140 24 181
137 22 181
140 20 184
141 20 182
137 16 180
140 20 177
138 17 175
135 21 172
133 23 174
130 19 170
130 20 167
126 19 167
129 19 167
130 23 169
131 26 172
127 28 173
130 26 175
132 22 174
134 19 170
131 18 167
131 19 167
127 20 165
126 21 165
125 19 161
128 20 163
124 16 166
127 18 164
128 16 166
129 14 164
125 12 165
125 16 164
128 16 161
130 13 158
131 11 154
129 11 153
130 15 156
131 11 158
135 9 161
136 11 164
133 7 163
137 4 161
133 1 157
131 1 160
131 2 164
131 2 161
132 1 164
130 2 165
133 2 165
130 3 168
127 2 172
123 6 173
125 3 169
127 4 173
131 7 173
129 4 169
126 8 169
126 12 170
126 10 172
125 9 172
125 12 168
124 13 166
125 15 167
126 13 169
128 13 168
126 13 167
124 14 165
126 17 165
128 21 162
127 18 161
130 18 164
133 14 163
134 18 165
133 14 164
136 14 162
136 10 165
137 12 167
136 16 164
140 14 167
143 18 170
145 22 168
141 24 167
143 20 171
140 24 174
143 25 178
146 26 177
147 28 175
146 27 177
143 30 176
147 31 177
150 34 175
152 35 179
150 34 176
149 33 175
147 33 177
145 36 175
143 38 175
140 41 179
141 45 180
141 47 179
141 50 176
143 51 179
143 48 175
140 50 172
138 49 168
142 51 169
145 50 172
143 49 173
140 45 170
138 44 173
140 47 170
143 49 174
142 49 172
140 52 171
143 53 175
143 57 179
146 60 183
145 56 186
141 60 188
144 57 192
140 55 188
141 55 185
142 58 185
142 60 189
145 62 185
149 60 182
149 58 186
153 62 185
151 59 181
147 57 185
144 57 185
142 59 187
143 62 189
143 62 188
143 64 192
143 65 196
140 69 192
136 72 192
134 73 188
130 69 186
130 65 185
127 68 189
129 66 188
130 64 191
131 66 190
130 65 189
133 63 186
131 66 185
127 65 188
124 68 189
128 68 190
129 69 193
125 70 189
129 74 189
125 70 190
124 72 187
128 71 183
125 68 187
128 65 186
124 64 185
125 66 185
126 66 185
124 69 187
122 68 191
121 70 189
118 72 192
120 75 189
120 71 189
123 71 185
126 73 181
123 70 182
121 71 180
125 68 182
122 71 179
118 73 175
116 72 172
112 74 170
112 78 172
116 79 172
119 77 168
120 76 170
124 79 169
124 83 170
120 80 171
122 81 173
123 77 171
124 75 172
126 76 174
122 80 178
126 79 176
123 79 178
121 80 174
125 82 173
125 81 171
128 85 174
130 81 177
130 81 176
133 83 172
130 84 168
128 83 164
130 86 161
129 84 159
127 88 160
123 92 159
126 96 157
127 100 154
129 96 155
131 95 155
134 97 155
135 101 159
135 100 156
134 97 159
138 99 155
135 95 154
132 92 154
131 89 153
130 92 151
131 91 152
129 91 154
126 94 154
126 96 152
124 96 152
127 92 154
129 91 153
132 94 155
128 92 155
128 92 159
131 89 160
133 91 162
134 88 165
133 92 161
133 96 161
130 96 160
126 92 156
127 89 158
123 93 162
119 97 160
117 94 158
120 90 155
124 88 155
125 91 157
125 92 157
128 89 153
132 93 150
133 92 150
133 92 146
137 89 150
135 87 150
139 90 152
141 90 155
142 93 159
144 93 158
145 92 160
149 89 158
147 88 161
145 89 162
148 85 161
146 89 164
150 87 161
153 83 161
151 83 159
155 83 159
154 81 157
154 83 161
158 87 158
156 85 157
153 87 153
149 83 157
152 81 160
155 80 161
155 77 165
154 79 166
155 82 168
151 82 167
154 78 168
152 76 164
151 73 168
148 73 164
152 71 168
156 68 169
154 71 169
152 73 171
150 70 174
147 69 170
145 72 171
143 73 175
139 74 173
137 77 172
141 79 176
138 78 175
141 76 175
140 75 178
144 71 176
141 67 172
139 68 172
140 68 169
144 69 165
143 66 162
146 63 166
147 60 162
151 64 166
150 62 170
148 60 172
152 59 168
152 58 171
149 58 173
149 58 173
152 60 173
152 58 177
151 60 176
147 58 180
151 56 180
154 52 183
153 56 179
150 53 179
146 53 179
146 52 182
146 49 185
146 53 185
145 56 186
142 57 185
146 61 188
143 61 188
146 65 190
144 66 191
140 65 191
141 61 192
139 61 192
135 60 192
133 60 191
129 63 195
126 64 199
126 63 202
123 67 200
119 69 197
119 71 193
120 72 194
120 68 194
120 66 195
124 62 198
128 64 196
124 64 193
124 67 193
125 65 191
125 68 192
128 66 195
125 67 194
129 63 197
129 60 193
125 56 193
127 60 194
124 60 190
121 58 190
122 58 194
121 58 190
125 59 191
123 60 194
121 64 196
124 65 197
128 64 197
129 66 193
131 70 193
132 68 195
131 70 195
132 70 196
130 68 199
127 67 203
131 69 204
132 70 207
132 67 209
130 65 207
127 67 210
127 68 210
130 65 207
126 65 208
123 65 212
122 63 216
125 67 219
124 70 221
124 67 220
126 65 219
124 65 222
122 67 226
118 69 225
117 66 228
115 65 227
114 66 226
114 62 227
115 60 228
115 56 224
117 55 225
120 58 221
124 58 223
127 61 223
123 63 222
124 66 226
121 70 227
122 74 230
125 76 229
125 80 227
126 80 224
124 79 223
124 83 221
124 87 220
123 89 216
127 89 219
125 88 216
126 86 219
124 90 220
128 93 222
126 89 221
126 85 218
122 82 220
126 84 218
123 83 219
119 80 220
119 84 224
122 81 222
118 80 219
118 79 222
116 79 220
116 82 223
114 83 221
116 87 223
116 90 224
112 89 222
113 92 225
110 89 227
113 86 227
110 87 225
111 90 227
108 91 225
110 91 227
114 95 227
111 97 228
109 96 231
113 99 235
116 98 236
115 102 234
119 105 238
115 107 237
115 110 233
111 108 231
111 111 234
113 115 231
115 119 232
112 119 231
115 123 229
119 120 229
123 117 227
123 119 231
126 115 227
124 113 231
122 110 234
122 107 232
126 104 228
130 107 225
126 107 227
130 103 228
134 104 226
131 105 225
132 103 227
130 104 230
130 105 226
127 108 228
124 109 229
122 107 229
120 109 225
117 113 229
118 115 229
119 114 225
117 118 226
113 116 223
115 120 219
118 117 222
116 119 226
112 121 228
112 122 231
115 123 227
113 121 226
109 119 224
106 116 227
108 116 223
109 113 224
110 112 220
106 112 219
109 108 218
106 110 219
110 108 220
112 111 220
115 110 222
114 106 220
110 108 220
114 109 216
115 108 219
114 105 223
114 102 223
112 101 223
113 104 220
114 101 217
115 105 216
117 105 212
116 107 208
119 106 206
120 109 202
124 107 201
127 106 200
124 106 197
122 107 195
126 111 192
129 110 192
133 114 195
129 110 197
132 111 197
130 113 197
133 115 197
131 118 197
134 115 194
136 114 195
133 118 197
132 114 195
136 112 194
135 114 192
132 113 196
131 114 200
132 111 197
129 109 200
131 109 202
134 108 203
136 110 200
135 114 198
133 111 199
130 107 195
133 110 194
137 114 195
140 113 196
140 113 192
142 111 193
143 107 197
140 105 199
142 104 199
140 107 201
142 105 199
141 107 195
142 107 193
142 103 197
140 100 197
138 104 193
138 107 194
138 107 191
142 105 194
141 103 191
145 107 190
144 108 192
148 108 193
144 110 189
145 114 193
149 118 191
153 120 195
149 122 196
152 123 195
148 122 192
146 124 192
148 126 195
148 128 195
151 124 198
150 120 197
150 116 196
146 113 194
146 111 190
146 115 190
148 118 193
146 118 193
143 118 196
143 114 193
142 112 190
138 116 193
134 119 193
136 118 196
140 122 192
138 121 194
142 124 190
144 121 187
148 118 184
144 118 181
141 116 182
138 116 179
142 114 175
141 117 173
145 117 173
142 117 177
138 118 173
136 118 174
139 114 170
142 114 167
142 113 168
138 112 164
134 112 165
136 109 161
139 107 162
136 109 159
140 107 163
136 111 160
139 111 161
139 108 162
138 108 159
141 112 161
140 114 159
142 111 162
141 107 159
140 109 161
139 108 164
139 106 164
135 103 160
132 99 164
133 100 166
130 96 164
132 98 163
130 98 163
126 102 165
126 101 161
122 97 163
119 99 159
122 98 161
126 96 161
126 99 163
129 103 161
125 104 159
129 102 162
127 98 162
124 100 162
124 102 162
127 104 162
130 106 158
134 107 155
133 104 158
129 104 158
126 105 155
127 108 154
130 107 150
132 109 153
131 109 155
129 110 157
125 107 153
123 106 155
120 105 152
123 108 156
121 108 157
121 110 155
122 111 156
121 114 153
122 115 156
125 114 158
128 115 154
130 118 151
130 114 148
129 112 145
131 109 144
128 109 143
129 110 146
130 112 143
127 110 147
128 109 149
132 108 150
130 112 152
131 110 149
127 111 148
131 112 152
128 110 156
126 113 157
129 112 160
126 108 163
127 107 166
129 107 164
133 104 162
132 105 161
135 103 165
131 99 169
130 102 167
129 103 163
133 101 164
130 102 162
131 106 162
130 108 162
127 106 162
125 107 166
127 106 163
124 102 160
124 104 160
128 106 162
126 110 163
128 108 160
125 105 160
123 106 156
120 105 156
120 103 156
124 101 160
124 102 164
127 103 160
127 100 160
131 96 159
133 96 155
129 98 151
127 94 149
130 90 150
134 89 151
137 88 154
139 90 157
136 92 160
136 93 156
135 91 160
136 88 156
139 88 154
140 88 152
136 85 152
138 89 149
142 93 145
146 95 146
142 93 148
139 92 149
143 90 146
141 94 146
144 95 142
140 99 142
138 100 141
141 102 137
143 102 137
146 104 134
144 102 132
144 98 132
140 102 134
139 104 131
143 108 133
146 111 136
148 108 137
147 112 133
150 110 132
153 111 131
152 109 135
152 109 138
153 111 138
156 115 140
155 119 142
152 115 139
154 116 136
153 116 140
152 112 140
156 108 138
154 106 138
155 109 142
155 110 140
157 110 144
158 113 143
159 112 145
159 114 149
157 115 145
156 113 141
155 109 143
156 112 147
156 108 150
155 105 150
154 108 150
152 105 146
154 108 145
151 110 146
155 107 149
153 104 150
157 103 150
158 105 151
154 106 147
150 107 150
148 103 149
152 103 151
154 99 154
152 99 150
152 99 149
148 101 151
152 105 149
148 104 153
144 102 152
148 106 148
151 107 150
153 111 148
150 111 151
154 111 155
152 111 156
156 112 159
160 109 158
160 107 161
161 111 163
163 108 162
163 107 158
166 106 158
167 103 161
168 104 158
170 101 156
168 102 152
167 100 156
168 98 154
168 99 150
172 98 152
169 100 150
172 100 151
172 97 150
174 93 150
172 90 154
169 88 153
169 88 149
170 88 146
169 87 142
172 86 144
174 84 143
170 87 143
174 86 145
170 82 146
173 85 144
176 88 144
178 92 143
175 96 144
173 93 144
177 91 141
176 91 141
175 90 143
174 89 145
178 90 144
174 86 144
178 84 146
182 88 143
179 85 140
179 82 141
177 83 143
179 85 144
183 87 144
180 84 147
179 83 149
181 86 148
182 86 149
183 88 145
187 91 146
186 92 150
190 93 151
193 94 152
189 91 155
190 90 155
188 93 151
186 90 153
184 91 152
180 89 156
179 90 157
183 94 157
180 93 160
180 95 163
176 96 161
172 97 157
173 97 158
171 98 155
174 99 155
177 103 155
173 104 158
172 100 155
170 101 157
166 99 153
170 103 150
167 101 153
171 98 155
175 100 151
178 102 150
176 98 151
176 102 153
178 106 153
182 102 155
182 98 157
186 95 157
186 92 155
190 96 155
189 97 156
186 95 159
184 97 163
187 101 166
190 97 163
186 94 165
186 94 166
186 96 166
182 97 163
182 98 167
181 95 163
182 99 166
183 102 162
184 101 159
180 98 155
184 97 155
182 94 151
181 91 149
183 92 149
187 96 147
185 94 144
188 96 142
190 97 146
194 96 149
195 100 150
195 102 152
195 103 152
198 105 149
194 102 145
190 103 147
194 105 147
191 103 145
188 103 144
192 107 147
196 111 147
199 111 146
200 114 150
204 118 147
205 116 143
209 118 140
209 120 138
206 122 142
204 121 139
204 124 140
203 124 140
199 120 137
199 119 135
196 120 135
198 119 134
196 123 136
198 122 138
198 123 142
194 124 143
197 121 140
196 124 143
197 124 140
195 125 136
196 129 136
192 130 133
195 128 137
199 132 140
202 129 140
203 128 140
200 129 139
196 125 137
196 128 139
194 130 138
195 132 135
197 129 131
198 128 134
200 128 130
199 129 127
197 132 125
201 133 127
204 137 131
207 137 127
209 140 128
207 139 132
208 139 136
206 142 133
206 140 130
206 136 129
205 140 128
206 139 124
205 137 120
203 134 124
207 134 120
204 134 124
208 135 120
209 133 122
207 131 118
205 132 120
207 136 118
207 140 120
209 141 121
212 140 123
209 138 119
209 140 115
205 143 111
204 139 115
204 137 118
205 135 118
203 136 114
200 137 115
201 134 113
200 137 113
200 138 117
198 139 119
197 141 122
193 141 123
195 142 126
199 139 122
202 136 124
203 134 128
204 138 125
207 136 128
204 135 125
200 135 124
200 131 126
197 134 126
196 134 130
194 132 131
195 130 131
197 126 134
199 129 130
195 133 127
194 133 124
192 130 120
193 129 123
195 133 122
194 136 119
196 139 120
194 136 122
197 132 119
198 133 117
199 130 114
202 128 117
200 128 115
203 126 117
205 127 113
202 123 116
204 119 118
205 120 116
206 123 114
202 122 118
205 120 114
205 116 116
208 113 117
206 114 113
207 110 117
207 110 115
209 110 114
211 106 113
213 104 113
214 106 111
210 106 115
214 110 118
214 107 121
213 108 125
214 104 122
216 101 121
214 100 125
211 102 121
210 104 120
206 106 121
203 107 123
201 103 121
203 102 119
199 106 119
200 105 122
203 105 122
203 103 118
204 102 120
207 105 119
207 103 120
209 106 122
212 108 124
214 110 123
211 113 124
207 112 124
205 113 124
209 116 127
213 117 128
211 118 130
214 121 127
210 120 130
206 116 126
203 120 124
204 122 120
206 122 120
208 121 123
205 124 120
204 123 117
201 122 119
205 121 116
208 120 112
208 123 113
208 123 112
211 119 114
215 122 115
213 126 117
214 124 115
212 123 112
215 125 113
218 121 114
219 125 118
223 124 115
219 123 119
221 124 122
218 126 126
217 128 127
217 130 127
213 128 127
209 129 130
206 132 131
208 128 129
206 131 133
203 133 137
203 133 138
204 134 142
201 137 138
203 140 134
204 140 130
207 140 129
206 143 132
208 141 128
211 140 130
208 138 127
208 138 123
208 137 125
208 137 123
212 133 127
212 136 129
212 137 131
209 134 127
208 132 124
205 132 126
205 136 128
201 132 126
203 129 129
201 130 126
203 133 124
206 132 124
204 136 127
202 133 124
202 136 123
202 136 127
204 132 125
204 134 124
206 135 125
204 136 122
204 138 124
203 136 123
206 133 126
204 137 122
205 136 125
204 140 128
208 138 124
207 139 122
211 143 118
212 145 118
213 147 117
211 149 113
210 146 114
210 146 113
214 146 109
216 146 111
213 144 110
214 146 107
214 150 106
216 148 104
220 148 108
222 149 112
223 147 108
227 145 105
227 142 102
226 140 99
222 137 102
224 137 102
225 138 101
224 134 97
222 134 101
224 133 100
227 132 103
228 128 99
230 131 96
230 129 96
228 125 92
231 127 92
232 129 90
236 131 86
232 127 87
228 130 89
231 126 91
231 125 93
229 124 89
227 125 85
230 129 82
229 131 82
233 131 81
236 129 85
238 125 87
234 123 87
230 124 86
230 121 85
228 122 86
224 122 84
227 118 80
226 120 78
228 120 80
224 119 83
227 117 80
231 117 84
227 120 84
223 122 82
225 123 84
222 120 88
225 120 85
226 122 83
225 122 87
222 120 88
218 122 91
215 121 91
216 119 90
212 121 92
208 124 90
210 120 93
208 121 92
208 118 93
207 118 90
208 116 90
205 119 91
207 118 89
210 118 89
210 119 89
206 119 86
202 115 88
198 115 87
196 118 87
195 120 85
196 116 83
192 114 87
190 117 84
192 121 85
191 124 87
190 123 86
193 127 85
197 131 83
195 130 83
197 128 81
195 132 78
198 136 76
196 134 72
197 130 72
201 127 73
197 130 73
198 134 75
202 131 72
204 127 75
207 124 75
207 126 73
208 127 75
208 125 76
212 129 72
216 131 74
220 134 75
224 132 72
224 130 68
227 134 71
231 132 71
233 136 73
231 132 72
230 132 75
226 132 73
228 131 75
225 132 78
227 134 82
227 133 81
224 137 82
228 136 85
230 139 86
228 135 86
230 132 86
234 131 83
235 135 83
239 132 81
239 135 82
236 133 80
238 135 77
242 136 79
238 135 77
241 138 80
239 142 79
241 141 77
240 144 73
238 142 73
237 139 70
241 138 70
241 138 67
239 141 64
239 144 66
237 140 63
233 141 62
232 144 65
229 143 68
227 144 66
229 145 63
232 144 65
232 143 68
228 142 68
225 138 71
221 138 71
217 135 69
215 135 71
212 135 75
210 133 77
214 134 75
210 131 77
214 135 79
214 136 75
217 138 78
216 141 81
214 137 80
212 136 83
216 139 83
218 142 82
218 145 85
219 146 89
223 143 91
223 142 89
224 140 86
227 142 83
227 141 82
228 145 82
225 147 82
225 147 80
224 145 84
225 146 87
224 143 88
222 140 87
223 141 90
227 139 86
223 137 90
221 136 94
222 134 94
226 132 96
223 132 99
220 132 101
221 129 105
225 131 102
225 131 105
227 130 102
231 131 103
227 132 105
224 134 104
223 133 106
223 135 106
222 132 106
225 135 103
224 137 105
