45 36 39
45 37 42
49 41 39
47 43 40
51 44 41
48 46 44
44 50 45
44 53 43
40 57 43
44 59 47
42 58 43
46 54 44
47 50 46
47 54 49
49 52 53
45 52 50
43 52 53
42 50 56
44 46 53
41 50 50
45 47 53
49 48 50
53 46 52
54 48 52
58 50 48
57 54 51
60 55 55
61 59 59
65 58 57
61 62 57
65 58 53
63 58 56
67 60 52
70 56 55
72 52 58
75 53 54
71 50 55
69 51 51
66 48 52
67 52 48
65 49 50
64 45 46
65 49 47
68 47 50
68 43 51
71 42 53
70 42 55
73 46 55
70 45 53
66 42 54
70 44 55
70 48 58
67 44 55
63 44 51
60 46 48
58 45 46
56 49 46
52 46 45
51 47 42
47 49 42
45 47 45
49 44 49
50 47 52
49 48 52
52 44 50
51 46 47
54 43 51
55 46 50
54 48 51
50 52 55
47 53 58
45 50 60
48 46 57
47 45 60
48 46 57
47 47 59
51 50 60
53 53 60
57 56 56
59 59 60
56 58 57
57 54 59
56 56 59
60 52 63
56 55 62
56 58 63
55 62 65
51 62 68
52 61 67
48 59 66
46 61 69
48 57 69
52 56 68
52 54 69
55 58 68
57 57 69
53 56 69
52 54 66
54 51 68
58 49 67
61 47 70
57 43 71
54 44 74
53 44 78
57 46 79
60 48 81
62 52 83
63 49 84
67 45 82
64 41 79
63 41 80
59 38 83
57 42 86
59 46 90
59 45 93
59 45 97
58 42 100
62 39 100
61 41 101
61 45 105
61 44 105
65 43 108
68 44 112
69 42 116
66 45 115
64 41 119
62 38 122
63 34 123
66 38 126
66 40 126
66 36 126
68 33 128
67 32 129
66 36 128
69 32 130
70 28 128
67 24 128
63 23 130
67 25 130
69 29 131
66 25 127
70 25 129
72 24 131
73 27 134
69 31 137
71 30 135
70 28 138
70 27 138
71 29 134
74 33 134
77 37 132
80 41 129
83 42 131
80 41 129
84 40 130
82 36 127
86 37 128
85 40 132
85 44 130
81 42 131
78 44 133
77 44 129
78 45 130
77 47 128
78 50 125
76 50 127
77 54 129
74 52 132
71 50 132
72 49 131
73 46 129
73 43 133
74 40 131
73 40 134
70 37 135
74 35 137
77 35 140
74 38 138
77 42 142
73 44 141
75 44 141
78 46 141
76 48 138
73 52 134
74 54 131
73 55 132
73 52 135
72 56 138
74 53 140
77 57 137
80 61 134
77 60 132
78 59 136
79 60 132
76 61 135
73 59 136
73 55 136
72 57 132
72 57 129
74 54 127
70 56 130
66 55 134
65 59 136
64 57 140
67 58 143
70 62 142
66 58 138
66 55 139
66 52 137
63 48 138
66 52 135
69 51 135
72 55 135
73 56 136
71 54 134
73 54 131
71 54 129
73 55 131
74 59 129
74 58 133
74 59 136
76 60 135
79 60 132
81 57 136
80 56 136
76 60 135
80 62 139
83 63 136
82 61 134
86 59 130
86 56 127
84 57 124
86 60 126
90 62 130
86 58 127
83 55 125
86 58 124
90 61 127
91 58 126
94 62 125
98 65 121
95 61 125
97 59 122
97 60 120
99 58 122
95 61 121
98 60 121
97 62 123
101 62 125
105 62 124
107 59 127
107 59 125
107 56 124
109 55 128
111 52 129
115 52 126
116 51 130
115 52 130
117 50 129
115 50 127
115 54 131
116 54 132
120 51 136
122 51 132
124 49 129
123 46 131
120 48 133
117 44 133
119 42 129
121 45 130
125 47 126
129 45 123
130 41 119
129 41 117
127 44 116
125 44 120
123 48 116
122 52 115
124 50 118
127 47 122
123 48 121
126 52 118
128 51 122
125 55 126
122 52 125
119 51 123
123 55 122
124 56 124
122 59 124
120 59 123
123 63 124
120 66 120
121 66 122
118 64 121
117 67 118
121 68 120
124 70 121
120 71 125
119 69 121
117 66 118
119 64 122
122 65 125
119 66 121
119 68 125
115 66 121
116 66 120
119 65 116
120 68 118
118 69 117
115 70 118
116 66 121
113 69 120
115 68 121
118 66 124
122 67 125
122 70 122
118 71 126
116 73 123
114 69 127
112 71 128
111 69 125
108 67 127
110 65 125
113 68 123
110 71 123
106 73 121
107 72 125
111 68 123
114 70 124
110 70 124
109 69 122
106 68 121
103 64 125
106 63 125
104 60 121
101 60 124
100 60 124
100 63 122
101 60 126
98 59 125
94 60 123
92 61 127
92 62 128
88 58 127
86 60 128
89 59 129
93 56 132
93 60 134
89 58 137
93 62 139
95 66 140
94 70 142
94 71 142
93 70 145
90 70 145
92 70 148
93 67 147
95 71 150
99 70 146
98 68 148
94 67 145
95 66 143
91 66 142
93 64 144
91 64 140
92 60 142
92 64 143
91 63 146
91 61 149
90 60 152
93 64 155
96 66 155
92 66 159
88 66 158
86 63 156
84 60 154
87 56 154
89 57 151
86 53 149
85 53 146
84 54 148
86 54 149
82 50 153
80 50 157
80 51 159
81 50 158
84 50 156
86 52 155
86 56 154
88 57 154
92 60 152
91 59 155
90 62 151
88 64 150
84 63 153
82 64 157
82 67 159
79 64 157
83 64 153
79 63 157
83 67 161
86 68 164
88 71 168
85 71 168
82 73 165
84 75 162
87 75 162
84 76 160
88 77 163
87 81 161
87 81 158
87 80 158
88 83 154
85 87 158
82 90 154
86 90 157
89 93 156
91 90 152
94 91 156
97 95 160
93 95 163
93 95 161
93 91 162
90 91 164
90 91 161
90 90 157
94 91 161
93 92 158
97 94 159
94 98 162
97 96 164
97 97 168
94 96 169
92 100 166
90 103 162
90 104 165
91 107 169
87 106 172
86 108 175
86 108 175
85 110 172
85 113 170
82 115 173
80 113 173
76 110 169
78 112 166
81 113 166
82 110 164
84 114 166
88 111 164
85 115 168
82 117 165
79 117 165
76 114 163
76 115 167
75 116 171
77 114 167
78 117 168
81 115 166
79 116 165
75 120 161
76 120 163
79 118 165
81 118 168
81 117 166
85 115 167
81 111 169
83 110 170
80 114 171
78 115 169
74 112 172
76 112 169
74 111 171
70 108 173
71 112 176
72 115 176
76 114 177
78 111 181
78 109 182
74 106 183
77 109 179
74 106 175
71 110 176
68 108 180
64 110 180
61 113 179
63 114 183
60 116 187
64 112 189
62 114 193
64 118 191
62 122 191
62 119 194
63 118 191
61 119 192
58 120 191
57 118 195
61 122 197
62 121 196
61 120 192
63 123 194
66 126 196
65 129 194
63 132 190
65 129 191
66 130 187
63 126 188
64 123 188
62 123 184
59 119 188
62 120 185
61 119 181
59 117 180
58 114 181
55 112 179
52 115 177
51 118 173
52 122 170
53 126 168
56 125 167
54 121 168
54 123 168
58 125 165
57 124 165
56 125 164
52 126 166
49 129 165
50 128 165
50 130 168
50 132 171
53 129 175
51 129 172
54 127 175
57 127 178
61 130 182
64 131 180
67 133 177
67 134 178
71 137 180
68 136 183
69 139 184
68 143 184
68 142 186
68 146 189
67 147 185
68 146 186
66 150 188
63 150 184
66 150 182
69 148 178
67 149 175
64 153 173
61 157 172
58 154 171
60 158 172
61 159 176
60 161 173
58 165 176
56 168 179
55 171 182
53 171 185
49 169 181
47 170 182
44 166 180
44 162 180
46 164 178
43 168 179
43 164 181
46 164 181
45 163 184
47 165 183
49 164 186
52 161 187
56 157 183
59 157 185
57 161 185
59 157 186
56 159 187
56 161 191
55 165 190
54 161 192
58 160 190
59 164 187
56 164 190
60 163 191
59 163 191
56 164 189
52 168 189
50 172 190
47 171 190
48 174 193
49 170 196
53 174 194
56 177 192
53 175 188
53 176 186
57 177 182
59 177 185
63 178 184
60 175 187
61 176 184
62 172 182
60 172 186
59 169 189
57 172 191
57 172 192
55 175 194
51 179 190
54 179 188
56 180 185
53 177 186
52 177 183
56 181 179
57 177 179
61 173 180
62 172 183
59 172 186
59 170 189
59 171 189
57 170 185
57 167 184
58 166 182
61 166 180
62 162 184
60 166 185
60 170 181
61 171 181
61 175 183
60 179 184
63 183 188
59 184 189
57 180 193
58 178 194
59 174 196
58 172 192
58 171 193
58 172 189
57 169 185
59 172 183
62 176 183
62 178 182
58 182 180
56 181 179
60 179 182
61 178 182
64 179 182
64 177 179
68 180 182
65 177 185
64 174 183
65 173 185
68 176 182
64 173 180
67 170 177
69 170 174
71 173 170
71 175 171
68 174 173
67 171 170
63 169 170
66 165 174
63 166 176
67 165 174
67 161 175
69 164 178
73 166 180
70 166 184
72 169 180
69 172 183
71 170 187
72 172 188
74 170 184
72 166 187
74 163 184
74 161 185
78 157 189
81 160 187
79 160 188
75 160 185
79 164 188
77 162 187
81 166 183
80 170 183
83 173 185
82 175 187
82 176 190
84 178 186
86 180 187
85 179 189
89 178 191
85 176 194
81 175 198
78 172 196
76 175 197
80 172 194
82 169 194
84 165 190
83 162 190
82 166 189
82 165 191
84 167 193
83 168 193
84 167 197
84 168 200
87 164 201
84 167 199
87 167 202
85 165 199
82 162 196
82 163 197
80 165 199
78 162 198
76 166 195
74 165 198
70 167 194
69 171 196
69 167 199
72 167 198
68 170 198
67 167 195
66 164 194
68 162 196
72 163 198
73 161 198
75 163 195
73 166 199
73 169 202
72 172 198
69 171 200
70 171 204
66 171 200
63 175 202
62 176 202
64 174 200
65 177 197
68 181 194
64 179 193
63 180 193
62 177 190
65 180 194
65 180 194
65 182 194
68 180 190
72 182 187
71 178 186
72 181 187
73 185 188
70 185 189
67 182 186
66 178 183
67 182 186
68 181 183
70 183 180
69 180 181
70 184 177
69 186 177
69 182 179
70 178 176
69 175 175
69 176 178
70 174 180
74 171 178
78 171 174
77 173 174
78 175 176
75 173 178
77 173 175
78 175 177
76 176 174
75 176 178
71 178 176
71 178 176
74 182 179
74 179 180
71 176 180
73 179 182
74 180 185
72 180 186
70 178 189
69 176 185
67 176 183
69 175 181
68 171 178
71 174 179
69 178 181
72 178 184
71 179 188
69 175 185
69 175 184
66 178 188
67 179 186
68 181 185
71 177 186
71 173 182
75 173 184
77 175 180
75 172 181
77 175 180
80 177 176
77 181 175
78 182 179
80 185 182
77 182 182
73 186 184
70 182 182
69 179 179
72 183 180
71 183 184
69 182 182
68 181 185
72 184 188
72 182 188
72 178 188
76 180 186
74 177 182
74 176 178
77 172 178
78 176 174
77 177 170
73 178 174
73 179 172
75 179 174
78 182 174
76 179 178
75 175 179
74 177 178
75 181 175
75 185 171
78 183 167
79 183 168
80 182 171
84 180 173
85 179 169
87 175 167
85 172 165
82 174 168
84 178 165
87 177 164
85 180 168
88 179 168
89 183 172
86 185 173
84 185 172
88 185 176
86 189 173
82 192 170
82 189 169
82 187 173
78 184 173
80 187 171
80 189 171
78 193 172
81 189 175
85 193 171
87 189 169
90 190 167
89 192 164
88 193 168
91 195 164
87 196 163
89 196 159
91 198 157
87 196 155
89 195 157
90 196 159
89 198 160
93 194 159
91 195 158
88 198 156
86 198 157
85 200 161
89 199 163
93 199 160
96 202 158
96 201 154
99 197 156
100 197 158
97 198 154
95 196 150
96 197 154
96 196 155
98 199 152
95 200 154
98 201 150
101 203 154
97 200 154
100 198 156
99 195 153
102 197 153
105 193 151
109 191 153
106 193 150
103 192 147
100 193 147
96 189 147
97 185 145
100 188 141
102 186 139
105 188 142
107 185 139
107 187 142
106 184 138
109 187 142
109 190 141
108 188 141
108 186 145
105 188 145
108 192 146
108 188 144
107 184 141
105 180 141
108 179 144
104 178 147
100 179 148
101 176 147
103 179 151
106 183 152
106 180 155
110 180 151
107 183 150
107 184 148
108 181 146
108 179 144
108 176 146
110 174 145
110 178 144
112 179 146
113 183 145
114 186 145
117 185 145
115 181 147
112 179 151
112 179 151
112 182 153
113 181 157
112 180 156
110 181 153
109 180 155
111 178 158
115 177 158
112 179 160
116 180 158
115 178 157
116 179 158
117 179 160
115 180 159
111 180 156
110 181 153
111 181 153
112 181 154
112 178 154
109 180 150
107 183 150
111 186 153
108 183 153
107 181 154
108 183 154
107 184 158
111 181 155
114 181 158
115 180 155
116 180 155
120 181 152
118 182 156
121 185 156
117 188 158
114 185 159
113 185 159
109 187 157
105 191 156
102 190 159
103 191 161
102 195 164
98 196 166
94 195 166
94 191 169
90 189 172
87 190 170
84 192 168
84 195 168
83 193 167
87 196 165
89 197 168
91 195 166
94 193 165
91 189 168
91 189 169
88 188 167
92 186 163
93 182 165
90 180 161
91 183 163
90 182 161
93 180 163
97 178 166
94 179 163
95 182 162
92 184 161
90 185 163
86 185 161
84 184 157
83 186 154
82 188 150
84 191 154
83 189 153
81 186 154
81 189 150
77 190 153
74 189 149
73 187 145
70 186 143
74 187 143
73 183 146
77 183 149
74 185 152
75 181 153
77 178 156
73 180 153
72 177 150
73 176 152
71 173 152
75 169 149
75 173 149
78 171 153
81 167 156
81 164 159
80 166 156
80 168 159
84 172 161
81 168 164
83 172 163
80 171 160
82 175 157
81 175 158
81 178 155
82 175 151
78 173 152
77 175 152
76 179 154
73 180 151
75 180 155
74 178 154
72 175 153
68 177 153
71 174 150
71 178 154
75 174 158
76 177 155
80 181 151
76 181 152
74 177 150
78 173 153
79 171 155
77 171 157
78 167 156
81 168 156
83 171 159
79 169 163
80 171 162
76 168 162
73 168 159
76 166 157
76 167 159
80 163 160
83 159 156
84 162 158
86 165 157
90 165 156
91 167 157
93 171 154
96 172 151
100 168 151
102 169 148
98 165 146
94 167 149
96 163 149
98 161 153
102 163 157
98 161 158
96 157 155
95 161 155
91 157 155
88 154 154
89 153 151
91 155 151
93 155 150
90 154 153
91 156 151
93 156 148
89 153 152
88 157 150
92 156 152
95 158 150
99 156 150
96 152 149
98 156 151
102 159 155
101 161 156
99 157 158
103 156 158
103 159 159
101 160 162
97 156 163
97 156 166
99 156 170
99 155 171
102 158 169
101 157 170
105 160 170
108 156 168
105 156 169
101 159 167
104 162 167
102 164 170
101 167 168
102 167 170
100 168 171
100 170 174
100 170 172
102 171 170
99 175 167
103 174 167
103 178 165
105 181 165
101 183 164
100 180 160
96 180 156
95 184 154
98 187 152
98 185 155
94 184 154
93 187 152
94 188 154
95 190 150
92 192 147
91 196 147
87 195 151
86 193 147
84 195 149
87 197 151
90 199 150
91 203 147
92 204 143
88 201 142
87 200 146
87 196 147
84 192 150
88 193 153
85 192 150
89 195 146
91 196 149
95 195 151
97 193 155
97 192 157
97 195 157
94 193 161
93 189 163
96 192 161
94 190 162
96 194 161
95 198 163
97 194 166
97 198 164
96 202 164
94 201 166
97 205 165
98 201 163
98 200 164
100 196 166
98 198 165
101 201 165
104 199 164
106 199 163
107 198 165
109 196 162
107 193 166
107 194 163
109 190 162
109 186 162
109 185 164
110 186 162
112 187 160
115 189 164
117 188 163
119 187 161
117 188 165
117 190 167
115 191 169
116 189 166
115 190 170
116 189 173
116 187 177
120 186 179
119 183 176
119 182 180
117 183 182
114 185 178
115 187 178
113 184 176
117 181 180
121 178 176
125 177 180
124 178 180
120 174 182
116 174 181
112 173 177
109 172 176
105 168 175
105 171 172
108 172 173
111 172 177
108 168 178
107 170 176
106 174 174
110 178 176
108 179 174
109 182 172
108 186 170
109 187 168
111 186 166
111 186 169
111 186 166
112 182 164
110 178 163
112 179 167
111 181 170
107 180 167
107 182 168
110 185 164
109 184 162
109 184 165
111 185 164
111 189 163
110 187 167
111 186 167
107 189 168
104 185 168
104 183 165
108 181 166
112 178 170
116 181 171
114 179 174
111 183 171
110 181 168
112 185 169
114 187 173
112 191 170
113 195 168
113 191 170
110 188 173
109 187 172
112 186 169
109 186 166
111 189 168
111 186 170
115 186 169
117 183 167
115 187 171
117 191 171
113 194 170
110 192 174
111 194 170
114 196 166
111 192 162
114 188 166
116 190 166
112 186 168
110 190 172
110 194 176
108 197 178
104 200 174
104 196 177
106 199 181
110 202 179
107 203 177
109 200 177
113 198 176
116 198 174
115 200 172
119 199 170
117 196 167
119 196 164
122 199 168
125 199 171
129 196 169
128 199 167
131 199 171
129 195 171
126 192 173
125 193 173
123 189 172
123 187 172
121 185 174
121 188 172
120 191 169
121 194 166
124 198 166
126 202 166
122 204 162
125 205 163
128 209 163
132 210 163
131 209 162
131 213 166
131 209 167
133 207 165
136 203 165
137 204 165
133 208 166
131 211 170
130 215 174
128 212 176
124 213 173
127 215 177
126 215 174
123 215 171
126 212 175
127 210 174
128 208 170
131 207 168
134 211 164
134 209 168
135 213 168
132 213 168
131 216 164
135 219 163
131 216 163
131 212 160
127 208 156
124 206 152
125 202 153
125 201 156
121 204 154
118 204 156
115 206 158
118 206 159
115 203 155
116 205 157
119 202 154
123 202 158
123 205 157
121 207 158
122 207 155
119 204 157
117 203 157
118 203 158
121 199 158
117 197 159
118 200 160
119 200 161
115 204 159
119 207 158
119 209 154
122 205 157
126 206 159
122 210 157
118 210 157
117 214 159
118 216 158
119 217 159
116 220 155
119 216 152
119 220 150
118 219 148
120 222 151
117 223 155
119 225 159
118 226 157
114 228 157
113 228 156
109 229 156
110 231 153
113 233 150
115 230 150
112 229 153
110 232 157
106 234 155
107 237 158
107 241 162
105 241 162
107 243 165
107 241 168
111 241 167
114 242 165
117 239 167
116 238 170
120 239 173
117 237 176
117 240 172
113 239 172
109 236 174
108 238 178
104 238 175
108 242 172
108 245 170
104 242 171
107 245 170
105 249 169
104 245 173
104 241 174
103 242 173
103 242 172
107 240 172
103 243 169
106 239 168
106 235 171
104 237 167
101 234 171
104 237 175
100 240 171
103 238 171
104 242 175
105 242 179
102 239 183
101 242 185
102 246 188
99 248 190
98 252 190
95 253 192
93 251 194
90 249 191
87 252 193
89 250 192
91 249 195
93 251 193
90 251 195
88 251 196
84 254 198
82 255 202
81 254 201
80 256 204
79 259 203
79 260 206
83 258 204
82 256 205
85 257 203
82 259 199
78 262 203
78 261 207
80 257 204
83 255 201
83 252 200
84 248 201
86 252 199
87 248 197
90 251 199
86 249 201
84 246 199
88 246 197
90 247 200
92 243 196
92 243 193
94 239 190
95 240 194
96 243 195
95 242 195
93 239 197
95 238 199
95 234 202
94 238 204
92 238 204
90 235 205
92 231 209
96 227 205
99 231 202
103 233 206
104 229 207
105 230 206
103 230 210
104 226 212
100 227 215
100 225 217
99 227 215
98 228 211
97 226 215
93 224 217
94 221 221
91 220 217
95 216 219
99 216 215
100 215 215
100 217 213
97 216 215
93 219 213
97 215 213
98 213 216
98 210 220
94 210 216
97 206 219
96 210 218
93 210 218
90 214 214
87 218 217
83 221 218
84 219 217
87 215 220
85 215 218
85 212 217
84 215 218
85 218 217
83 214 215
83 214 219
87 217 217
84 217 219
88 214 215
89 210 211
85 211 214
88 212 216
91 210 218
94 206 217
96 206 217
97 202 216
99 199 219
97 203 216
98 206 215
101 206 214
101 202 210
105 204 213
103 205 213
100 201 215
98 200 212
95 202 213
93 203 213
97 205 215
93 201 216
95 205 219
98 204 222
99 202 220
96 203 216
96 199 219
97 200 217
94 203 213
96 206 211
98 209 212
99 205 210
95 206 213
97 206 217
98 207 221
95 205 220
98 208 219
95 211 223
92 215 227
94 212 231
90 208 234
87 211 231
87 207 231
83 211 231
86 212 230
86 208 232
84 207 233
80 208 232
76 211 233
77 209 229
78 211 227
81 209 230
79 209 229
75 211 229
76 207 227
72 206 223
69 206 226
67 206 227
69 207 224
68 206 222
64 208 220
64 208 224
60 204 223
61 204 220
64 205 220
65 201 218
63 198 216
59 199 215
59 201 216
60 197 219
57 196 219
53 197 215
57 195 212
57 193 211
57 194 207
54 191 210
56 193 213
58 196 215
56 192 211
57 188 211
59 192 209
57 188 208
60 185 212
60 186 209
57 187 209
53 183 210
49 181 207
48 181 208
52 177 206
51 179 205
52 182 208
54 182 208
58 180 209
54 180 211
54 184 208
52 181 210
49 182 214
48 186 217
48 187 216
45 187 217
45 186 220
42 188 224
38 190 221
40 189 221
38 191 220
36 187 221
35 191 217
35 193 213
36 193 216
36 194 218
39 198 222
38 201 221
37 202 222
36 204 219
33 205 216
31 201 215
31 199 216
33 199 212
30 195 216
34 194 219
35 194 216
32 198 216
29 202 220
26 200 220
30 199 218
27 196 215
30 194 214
32 196 211
35 196 212
39 194 209
35 191 210
32 192 212
35 194 212
39 197 210
42 197 210
45 201 213
46 205 214
48 208 216
45 210 218
42 206 215
46 204 211
42 203 208
43 207 211
46 206 212
44 210 212
47 211 211
46 212 210
46 209 212
49 210 210
51 207 211
48 210 213
49 212 215
45 211 215
44 207 214
47 211 212
44 209 208
40 205 204
42 202 207
46 201 211
46 197 214
43 200 214
44 198 213
43 198 214
43 202 216
43 199 215
46 200 213
48 203 209
48 206 213
52 203 210
55 199 213
55 199 212
58 200 214
55 196 210
54 192 214
55 193 216
55 195 219
51 194 219
50 198 219
47 200 222
51 198 218
48 202 216
49 202 219
52 202 216
49 206 220
53 205 223
55 204 219
56 203 217
52 207 215
53 203 211
56 204 215
57 204 213
56 202 211
59 206 207
60 204 203
56 208 206
60 210 208
57 207 207
59 203 205
55 202 201
57 202 204
54 198 202
58 194 200
54 194 201
50 198 204
54 197 202
57 200 204
57 198 206
60 195 206
60 191 210
64 189 206
67 187 203
63 188 204
64 187 207
60 190 207
58 189 206
54 185 208
57 189 210
60 192 207
62 195 211
65 199 210
64 200 208
61 197 205
62 199 209
64 203 212
66 206 208
62 207 204
61 208 207
62 212 207
64 214 203
60 214 199
62 214 195
59 214 196
56 215 193
59 214 190
55 215 190
57 212 193
54 210 195
53 213 193
52 215 193
49 214 194
48 215 197
50 215 194
53 219 197
53 216 201
56 220 200
58 224 201
54 228 197
50 225 200
52 229 202
55 228 205
56 225 201
59 227 198
59 230 201
56 232 200
57 230 201
56 232 197
58 235 200
59 232 202
56 236 198
59 238 196
57 241 194
58 238 192
62 236 194
61 232 191
57 228 190
60 226 193
63 230 197
61 227 200
62 226 197
59 228 201
56 231 204
54 229 207
58 225 207
54 227 210
57 223 213
57 227 214
57 230 210
61 229 208
63 225 212
63 225 213
60 229 210
64 228 211
60 230 207
63 230 207
64 234 211
68 230 208
68 234 207
68 235 208
72 236 208
70 240 209
67 240 206
68 239 210
71 236 206
72 234 209
69 234 209
71 231 211
70 232 213
68 233 217
70 236 215
71 240 212
70 237 208
66 240 210
68 244 207
68 240 206
71 240 209
75 238 210
79 234 209
80 238 211
76 240 215
77 237 217
75 238 214
79 242 211
80 243 211
77 246 210
80 243 213
78 245 215
75 246 218
72 249 217
76 250 213
78 250 213
77 252 209
79 255 206
77 257 208
75 255 207
78 256 205
81 254 207
85 253 211
81 256 214
85 259 212
88 261 214
89 259 210
87 261 214
86 262 212
85 261 213
83 261 212
86 264 210
85 264 211
89 264 215
93 260 214
94 259 216
94 256 216
97 252 215
95 248 215
91 248 212
95 246 216
93 244 217
91 242 220
95 240 216
94 243 215
98 246 218
97 250 219
97 254 222
98 254 221
94 252 217
93 255 213
92 254 209
95 257 206
93 257 204
91 254 203
90 250 200
91 250 204
91 249 205
91 246 202
88 248 201
85 252 201
86 253 205
87 251 202
90 252 205
87 249 205
89 253 206
86 256 205
88 260 204
89 258 205
92 258 208
90 255 208
86 252 209
82 254 211
79 252 212
75 250 216
72 250 215
70 250 212
71 247 216
68 247 216
64 244 214
61 247 218
64 243 217
67 246 221
70 246 218
73 248 214
71 248 215
69 249 212
71 248 208
72 251 210
75 248 212
76 250 209
73 250 207
76 253 208
76 256 209
74 256 211
78 252 213
75 254 216
78 252 220
82 253 216
80 252 213
78 254 213
82 254 209
82 255 206
79 259 207
83 256 206
80 259 203
76 257 206
79 258 207
78 257 208
79 255 208
83 259 212
82 263 209
86 263 206
83 266 209
84 268 207
83 266 207
82 263 204
83 264 204
80 262 208
77 263 205
79 259 201
75 259 201
77 261 202
73 263 202
77 266 205
80 265 205
79 261 205
77 261 207
78 260 210
75 264 207
79 263 205
80 267 203
76 266 204
73 269 208
72 271 206
75 271 206
73 268 206
76 265 205
76 265 203
77 264 207
73 268 207
70 270 210
66 266 213
70 267 210
71 271 213
68 268 214
69 270 218
65 266 222
67 270 218
63 266 216
60 270 215
64 273 212
68 274 211
69 272 213
70 272 209
66 269 211
69 267 211
70 269 211
70 265 213
67 264 216
71 260 220
72 259 220
69 262 219
73 261 219
70 265 222
68 262 225
65 259 229
64 263 227
66 262 223
65 262 220
62 265 219
60 267 216
56 264 214
59 267 214
57 264 214
61 268 210
61 272 207
60 273 211
58 271 213
57 272 213
58 270 215
56 271 214
57 273 216
57 276 217
59 273 213
61 275 215
62 273 214
63 277 210
64 274 212
63 278 216
59 280 218
61 283 217
63 286 217
65 288 214
68 284 215
65 282 213
66 283 212
70 284 213
67 283 209
65 284 205
66 284 202
65 285 206
63 283 207
64 281 211
65 279 215
68 277 217
72 276 220
75 273 216
79 271 219
79 272 220
77 275 224
77 271 227
80 272 228
82 273 231
79 272 229
83 276 227
82 274 227
81 271 223
85 267 227
81 268 228
77 264 224
81 261 226
78 259 228
82 258 229
86 260 226
87 259 226
88 259 227
85 259 231
82 258 232
84 257 236
88 259 235
87 256 237
86 256 236
89 252 236
92 251 236
91 250 236
90 252 238
87 253 235
85 255 237
84 258 234
84 258 235
83 262 234
87 258 230
85 261 227
82 260 229
84 263 231
88 266 233
84 264 234
83 265 234
84 264 233
83 267 233
86 263 230
86 264 230
87 267 232
87 265 232
89 267 236
91 270 239
90 266 237
88 268 240
84 269 236
82 267 232
78 268 236
79 267 237
82 269 238
82 267 242
78 270 240
74 268 242
76 264 245
72 265 246
74 264 250
75 264 249
79 268 249
80 265 246
84 261 245
84 260 244
81 257 246
78 261 250
74 258 249
77 257 249
73 261 247
72 263 244
75 259 244
74 258 247
75 256 246
77 256 246
80 258 250
77 258 251
76 259 253
80 255 255
81 258 259
77 261 255
78 259 254
80 262 252
82 259 250
81 257 252
79 255 254
82 254 250
86 257 250
83 254 250
85 250 253
89 246 249
89 242 248
87 239 244
88 239 248
86 241 244
88 245 245
85 247 245
84 249 243
81 253 245
85 251 245
82 250 241
82 251 238
81 253 235
80 256 235
80 252 232
84 252 229
82 256 230
86 259 230
86 260 231
84 261 235
86 265 237
82 265 235
81 268 233
77 266 230
80 262 228
80 261 230
80 258 234
81 254 237
81 253 240
81 251 242
78 254 241
76 254 239
74 253 243
74 254 243
78 255 242
77 258 239
77 255 240
77 257 242
73 257 241
77 258 240
77 262 239
74 261 238
71 257 236
74 261 234
75 264 236
79 260 240
82 259 239
84 259 237
87 257 233
85 260 233
82 259 233
82 255 232
79 251 235
81 249 234
78 250 236
76 246 235
75 249 233
75 253 230
79 257 233
75 253 230
71 255 228
73 252 227
69 256 228
72 256 231
70 256 228
66 254 232
65 250 235
64 246 236
63 247 238
63 250 237
65 250 234
64 251 231
68 255 231
64 251 227
60 250 223
60 247 219
61 247 223
59 251 219
62 247 222
63 249 220
63 249 222
65 253 224
67 257 221
71 260 223
74 259 225
72 262 221
69 262 222
66 266 222
68 267 226
67 267 225
70 265 223
71 264 223
73 264 224
76 268 221
77 269 223
80 268 223
78 269 221
74 269 223
77 271 222
73 275 221
72 272 218
75 269 218
79 265 214
76 266 218
76 263 214
73 263 214
76 265 213
80 261 211
77 261 213
79 265 216
77 264 212
74 262 209
78 263 210
76 260 207
72 257 208
68 253 207
67 255 210
64 259 213
64 255 216
61 259 212
62 255 210
66 257 206
69 257 203
65 257 201
65 254 199
64 253 201
64 255 205
61 254 208
64 255 204
62 257 202
63 255 198
62 258 195
63 254 193
59 251 192
62 254 192
61 252 193
59 249 193
57 253 189
54 255 189
54 253 190
54 255 189
55 254 186
53 256 190
55 252 186
53 252 185
54 249 186
58 252 184
59 254 186
60 252 183
58 255 183
54 252 182
54 254 179
50 252 180
47 253 181
49 250 180
48 247 179
47 244 180
51 240 183
47 244 185
44 244 182
45 242 184
45 244 187
43 244 186
42 248 183
40 252 182
43 256 182
44 257 181
44 255 180
45 259 178
42 263 178
43 260 181
44 263 180
42 261 180
45 265 181
41 268 183
42 268 183
45 268 179
45 271 181
41 272 177
45 271 178
45 267 176
41 264 175
39 266 178
39 268 178
41 264 177
42 265 180
39 262 180
40 264 184
42 261 181
44 261 182
41 257 185
40 261 187
43 264 184
43 262 180
45 262 176
43 258 173
45 258 169
46 262 169
47 266 169
51 264 168
53 261 169
53 257 166
51 254 169
47 253 169
51 253 169
50 252 168
47 249 169
43 251 173
40 248 175
43 247 173
43 251 170
47 251 174
45 248 176
43 244 179
42 248 177
42 245 178
42 244 174
43 240 170
40 242 171
41 239 169
38 237 166
37 234 165
40 236 162
38 233 166
42 229 168
45 225 168
44 223 166
44 227 165
42 224 161
40 227 163
36 229 160
39 232 157
41 231 154
42 231 152
44 231 148
41 229 144
39 230 145
39 233 144
35 235 144
39 237 144
42 234 145
44 233 146
42 237 142
40 234 139
42 233 140
43 229 137
46 232 134
50 233 135
47 233 132
43 232 129
40 235 128
36 236 130
37 236 133
33 237 132
36 238 136
34 241 136
37 238 132
36 236 133
36 238 136
36 239 134
37 237 132
35 235 133
37 232 136
34 236 137
37 234 135
41 236 134
39 236 135
37 235 137
36 234 141
39 238 138
40 234 134
38 238 130
36 239 127
39 235 124
41 235 128
45 237 126
46 238 122
43 236 126
42 233 127
43 234 127
39 236 129
40 239 125
44 242 125
40 245 129
38 247 126
38 247 130
42 245 134
45 243 135
44 239 133
40 235 137
43 234 134
47 232 137
46 235 135
43 239 133
44 236 131
43 236 133
44 234 136
46 237 135
42 235 132
41 234 134
41 233 136
37 235 132
36 231 135
36 234 135
32 234 139
31 235 138
28 237 137
28 240 133
25 241 130
25 240 134
29 242 132
31 240 133
31 237 137
34 235 138
37 235 139
35 231 140
31 228 137
30 224 135
26 224 137
30 227 141
29 224 137
25 220 134
26 220 131
29 219 134
31 219 130
28 217 131
25 217 130
26 216 126
29 216 124
30 219 128
32 221 131
36 217 132
38 216 131
39 213 135
40 211 139
37 213 140
39 214 144
37 214 142
41 211 144
42 210 146
42 212 144
42 210 140
45 213 138
45 212 136
49 209 140
46 211 136
50 212 133
50 214 132
47 212 131
45 214 127
41 216 129
42 218 125
43 215 121
44 218 123
42 221 123
42 222 125
43 226 124
41 227 126
40 227 125
43 231 122
41 234 118
42 237 114
44 237 117
41 239 118
45 237 115
42 238 117
38 241 117
35 240 117
39 236 114
42 235 116
38 239 112
36 235 108
33 238 107
33 237 105
36 239 109
34 240 105
32 242 108
31 240 112
31 237 111
33 237 115
35 239 111
33 238 113
32 237 110
32 240 106
31 242 104
29 245 108
25 248 112
27 248 110
23 249 107
20 253 109
20 249 108
16 253 111
16 251 115
14 251 116
12 253 118
11 252 115
10 256 116
11 257 115
10 255 114
7 255 111
6 255 111
8 252 111
5 252 113
3 248 113
4 252 115
3 252 116
3 250 116
2 249 116
2 246 114
3 243 111
1 245 113
1 247 111
5 250 107
6 252 104
10 254 108
9 252 112
7 256 110
8 253 108
11 249 106
13 247 107
15 248 105
11 249 103
13 250 103
12 249 100
15 252 104
18 250 102
21 247 104
22 249 103
23 249 101
22 248 104
26 252 102
26 254 100
22 257 97
21 259 95
18 256 95
19 258 98
19 261 100
17 265 104
20 269 101
18 272 100
22 276 101
21 276 103
23 276 101
23 275 103
22 275 103
18 273 105
21 269 108
23 272 107
21 274 106
25 272 104
24 269 105
28 270 105
32 270 108
32 267 110
34 266 109
33 267 108
33 271 109
32 273 106
28 276 105
32 277 104
34 281 102
32 278 105
32 274 105
34 273 108
36 272 111
37 274 115
33 277 115
33 277 116
29 278 115
27 280 111
24 281 108
22 278 111
26 276 109
24 276 110
24 274 108
27 274 111
24 271 109
25 271 107
24 271 103
22 273 107
21 277 107
17 279 109
18 283 110
17 286 106
17 282 105
13 285 109
12 287 110
15 291 107
14 293 104
18 289 107
22 285 108
23 285 107
23 285 104
26 281 105
28 280 108
27 278 107
26 276 107
24 274 109
27 271 111
23 268 108
19 264 104
16 265 106
19 265 106
23 264 110
19 267 106
18 265 109
22 269 111
26 269 112
28 266 110
29 267 109
27 269 109
25 268 105
24 265 107
25 263 105
22 260 107
26 262 109
29 260 111
25 258 107
23 254 107
25 253 104
28 253 101
26 254 101
23 258 103
22 257 100
22 260 99
26 257 100
28 260 103
27 260 103
27 262 99
28 263 98
26 267 101
27 267 100
30 266 99
32 262 100
29 260 99
30 261 98
31 265 97
35 263 101
33 261 103
31 265 104
28 262 108
24 258 105
28 261 108
25 261 109
21 261 113
22 265 112
24 262 108
21 266 107
23 269 107
22 270 109
25 269 112
22 272 108
24 268 109
24 271 113
28 268 111
32 268 107
30 272 107
34 273 106
30 273 107
34 272 105
35 276 103
31 280 103
33 276 100
30 275 101
34 275 104
35 275 105
34 274 105
33 273 106
33 274 108
31 272 109
27 272 110
28 273 113
30 276 112
34 273 110
32 276 112
35 277 109
31 277 112
33 275 115
34 271 117
38 269 120
40 272 117
41 273 117
38 274 117
38 275 117
34 271 119
34 274 119
30 275 121
30 276 125
28 277 123
24 278 121
27 279 119
26 283 119
29 279 116
31 283 117
29 287 118
30 284 115
33 288 117
37 285 118
35 282 117
33 286 118
34 283 118
38 284 117
38 286 115
41 287 112
40 283 115
40 284 114
36 284 118
36 282 115
33 285 113
31 288 117
31 292 119
28 289 123
27 289 123
25 288 125
23 287 124
24 286 126
26 286 125
22 286 129
25 290 126
21 292 124
18 293 127
18 290 126
14 288 129
18 290 132
20 286 129
21 285 131
21 285 131
21 281 127
23 285 129
19 286 129
19 282 131
20 278 133
19 278 134
15 275 130
14 272 126
13 269 130
9 269 134
7 268 133
7 268 131
9 268 130
6 270 129
4 273 132
0 274 130
4 278 126
7 280 129
3 279 129
6 281 127
7 280 125
7 277 126
7 278 125
8 278 124
10 282 126
14 278 125
18 275 127
18 273 123
16 273 119
16 272 118
19 268 119
23 272 122
27 274 122
30 275 123
28 276 120
25 276 122
21 276 125
25 275 121
24 274 118
26 274 115
24 270 116
22 273 117
24 272 117
25 275 116
26 272 120
26 276 123
28 280 121
30 279 118
31 282 121
30 281 119
29 285 118
29 281 120
29 285 118
33 288 120
30 287 120
28 291 124
31 293 121
29 297 125
26 300 122
28 304 124
30 304 123
26 303 126
25 299 130
21 296 129
24 295 125
22 297 124
22 299 126
26 298 125
26 299 125
30 295 123
28 299 122
25 300 123
21 298 126
22 294 128
25 292 129
27 291 127
30 291 131
28 291 128
32 289 128
28 286 131
32 285 135
30 282 139
33 279 142
37 282 140
40 278 141
44 274 143
43 277 146
46 276 145
44 274 142
41 278 138
45 280 136
46 281 138
45 278 136
45 281 132
47 281 136
50 281 139
49 280 140
52 283 144
52 286 146
52 284 149
54 287 149
52 283 149
50 279 152
47 280 151
51 278 149
48 282 152
44 285 153
45 281 156
46 279 156
50 282 153
52 281 155
53 279 153
51 279 156
50 281 160
46 282 157
43 284 154
44 286 150
47 284 146
44 281 150
43 278 149
43 276 150
44 277 151
45 281 150
49 277 147
47 273 147
47 269 148
51 265 152
50 264 156
51 267 158
54 266 157
58 269 156
58 267 154
61 267 155
57 270 152
58 271 149
61 273 148
64 276 149
60 274 150
56 272 146
57 276 145
56 280 147
57 276 151
58 276 148
60 278 152
61 275 150
58 273 149
54 274 147
55 274 149
57 273 147
55 272 148
55 273 147
52 274 146
48 272 146
50 269 143
52 271 147
50 269 147
49 266 144
51 267 148
54 271 146
57 269 142
60 270 143
64 272 142
65 270 146
66 274 149
65 278 145
68 282 144
65 285 144
64 287 147
65 289 143
68 287 147
68 284 149
72 284 146
73 288 144
73 290 144
73 292 142
77 293 140
77 294 140
76 291 140
77 291 144
81 287 140
80 288 138
84 289 136
84 289 133
86 286 135
83 285 131
87 286 133
85 287 130
82 284 132
82 287 133
86 288 132
84 288 128
84 289 132
87 286 135
83 289 134
84 293 134
80 291 137
81 289 137
81 286 136
80 284 136
82 280 139
80 284 138
79 280 138
81 282 140
77 285 137
76 285 136
74 281 132
72 279 131
73 281 129
71 277 129
73 275 128
75 272 127
72 271 125
69 269 121
72 269 117
70 265 117
69 266 117
70 263 121
73 263 123
71 264 125
71 260 124
70 264 120
68 260 117
65 263 113
62 263 115
63 267 118
66 267 121
64 268 117
63 268 118
65 266 117
64 266 115
61 263 116
64 259 113
67 256 117
68 255 116
70 251 117
66 255 117
68 256 120
68 254 118
66 251 117
63 248 118
62 247 117
62 248 118
61 248 116
57 249 116
56 249 117
57 248 120
61 247 121
57 249 125
54 248 128
56 252 132
55 248 130
53 251 134
55 248 132
55 252 134
59 248 130
57 247 128
57 249 126
58 246 125
62 247 122
61 250 118
61 252 115
60 249 116
60 245 120
56 243 123
53 240 120
49 243 122
51 247 123
53 248 124
57 251 120
61 255 123
63 259 126
67 257 122
63 259 120
59 259 116
55 259 112
56 263 114
54 262 112
55 260 108
59 264 104
62 265 104
65 269 100
68 273 104
70 277 103
66 281 106
68 277 107
68 280 104
66 284 106
64 287 102
67 285 102
70 285 102
72 288 104
68 284 103
69 283 104
70 283 107
66 284 104
63 284 103
66 287 102
63 283 98
63 285 100
64 285 103
65 288 103
67 290 101
65 294 100
63 290 98
61 294 96
58 292 98
59 291 94
63 288 98
67 285 99
69 288 101
68 291 103
72 294 101
74 296 103
78 300 100
82 303 101
83 303 102
87 299 102
86 301 104
87 297 101
84 294 101
83 290 101
87 289 99
88 289 99
87 291 103
90 293 107
93 296 108
89 294 111
92 290 109
93 289 111
92 293 108
89 290 112
89 290 114
92 286 112
89 286 114
93 290 114
93 287 115
90 285 119
92 281 121
94 284 125
98 286 124
101 289 125
105 290 123
107 286 124
111 287 123
115 284 124
118 282 127
121 284 124
118 285 120
114 283 116
117 281 114
117 282 116
113 279 117
109 278 120
113 280 123
117 282 120
119 283 124
123 280 123
124 282 123
120 284 124
116 280 127
116 282 124
119 281 124
115 278 126
115 282 127
118 285 123
116 289 127
112 293 123
111 290 124
111 288 128
111 292 131
115 289 129
118 287 127
114 289 130
116 293 133
116 295 136
112 297 133
109 295 132
112 299 129
108 298 131
112 294 135
115 298 131
115 296 135
116 299 136
119 295 132
115 295 135
116 293 138
114 297 135
116 295 138
118 298 140
115 297 142
115 294 141
116 291 140
116 290 138
119 293 139
122 293 138
124 294 135
128 293 137
125 296 139
127 293 137
124 293 136
124 293 140
121 294 139
120 291 139
122 294 141
121 293 143
117 292 141
121 289 138
122 289 137
118 293 135
115 297 138
112 294 134
116 291 136
116 291 133
120 293 133
121 295 136
118 295 137
119 299 133
115 298 131
112 298 134
114 296 131
117 296 134
117 296 138
115 299 142
111 297 138
112 297 137
109 296 134
110 298 130
107 295 130
110 292 127
110 295 125
114 299 122
116 299 121
117 296 125
118 297 126
114 293 127
117 294 129
117 292 126
120 292 129
117 290 128
115 286 131
117 290 127
116 291 130
120 291 134
116 288 132
119 285 130
117 287 131
119 286 131
120 288 130
120 285 132
119 285 130
117 285 133
119 285 131
123 285 133
119 282 135
121 280 138
118 282 134
117 281 130
118 279 129
117 281 129
119 284 125
122 281 127
122 277 128
118 279 131
120 280 129
121 282 127
119 284 123
120 288 127
116 287 124
120 283 128
124 285 131
127 282 133
124 286 131
120 286 127
122 288 131
118 285 128
119 289 125
123 287 122
122 288 121
123 291 119
122 291 119
125 292 121
127 291 123
125 291 121
124 291 118
120 287 115
122 287 113
126 290 112
124 291 116
124 293 114
128 295 110
127 296 108
128 299 107
129 295 108
129 298 106
131 297 104
130 293 101
128 291 98
129 292 98
132 294 95
134 290 99
135 293 101
136 289 98
137 292 96
133 292 92
134 293 90
133 296 87
131 292 86
127 289 89
129 288 88
128 287 85
126 284 88
124 285 86
120 282 86
118 284 88
120 287 90
118 284 92
115 286 95
112 290 92
113 291 92
116 292 95
112 289 91
113 285 87
115 285 88
118 284 90
122 281 93
121 279 90
119 280 91
122 278 89
126 280 87
128 276 83
128 273 80
124 270 82
126 267 86
125 268 88
128 270 87
127 269 86
125 269 87
127 267 91
127 267 89
131 268 88
132 270 92
134 271 93
134 270 90
135 266 87
131 263 88
130 264 92
127 263 93
128 260 97
131 257 98
132 254 96
131 250 98
135 249 101
133 253 102
134 252 104
137 253 107
141 257 111
144 254 111
145 258 107
147 255 108
143 259 109
147 262 105
146 262 104
142 261 107
141 265 106
140 267 104
140 267 102
137 263 106
136 266 107
137 269 111
135 265 114
138 263 113
138 267 110
141 269 112
141 265 116
137 261 118
139 259 118
137 255 117
134 256 115
132 260 116
135 259 120
137 256 116
139 254 116
138 255 119
135 258 122
131 258 126
133 260 130
135 263 134
136 265 134
140 263 130
143 267 129
144 264 127
146 261 131
147 263 130
150 262 126
149 265 124
147 269 125
151 270 124
150 268 125
152 267 127
153 268 124
157 269 121
157 270 125
154 267 121
158 264 118
155 265 118
151 265 119
153 267 123
150 265 119
149 268 117
153 270 115
157 271 116
153 270 113
149 270 116
153 271 117
156 273 118
154 276 117
155 280 118
158 276 116
162 279 120
159 279 117
159 283 113
155 283 114
154 287 116
155 290 118
155 288 115
158 285 115
159 289 114
162 288 115
166 286 114
169 289 112
171 291 108
172 293 111
174 294 112
171 295 112
171 298 115
170 297 116
171 297 118
174 294 117
173 298 115
170 297 119
171 293 122
172 291 122
170 292 122
172 289 124
169 291 126
166 290 129
163 287 127
159 288 125
160 289 127
159 286 129
158 289 126
156 285 127
154 281 130
151 284 129
148 280 129
149 279 132
146 275 132
142 271 136
142 269 132
143 273 134
143 271 136
140 275 139
136 271 140
136 271 139
138 272 136
138 272 138
138 275 142
142 273 146
138 273 150
138 269 148
140 269 149
140 266 153
139 264 152
137 262 154
133 266 152
136 265 150
132 268 152
133 268 152
131 265 156
129 264 158
127 261 159
131 264 162
131 263 166
134 265 169
130 263 167
127 259 171
124 257 169
121 254 167
117 250 163
120 248 163
118 249 161
118 251 161
118 249 165
115 246 164
111 242 168
109 243 167
110 247 170
112 243 166
113 241 167
116 244 166
117 243 162
114 243 161
112 243 157
108 241 153
112 244 157
113 242 160
114 238 164
117 235 161
121 238 162
117 239 161
116 242 157
114 244 160
112 248 156
111 246 152
109 245 156
110 243 157
112 247 161
108 248 158
105 245 162
107 243 165
108 244 161
112 247 162
114 249 159
112 248 157
110 245 153
111 244 150
107 246 151
104 247 153
102 246 155
99 243 153
102 243 149
104 242 153
107 244 151
111 246 149
110 250 151
114 253 152
117 252 153
119 248 151
123 250 153
127 254 149
127 250 153
124 251 153
128 249 156
131 245 156
128 243 160
128 245 160
130 241 159
127 237 161
128 240 161
124 239 160
122 235 158
121 233 156
118 233 159
115 236 160
119 238 161
119 237 165
121 237 166
119 233 169
121 235 171
120 239 172
118 240 172
114 239 169
117 239 167
121 235 164
121 237 164
118 237 162
118 240 161
122 237 157
118 241 161
121 237 162
118 233 162
115 237 163
114 237 165
110 239 164
112 241 161
111 241 158
109 239 158
108 235 162
111 238 161
111 236 158
112 238 156
112 236 152
108 235 151
108 238 151
109 235 147
113 233 146
112 233 145
115 230 149
114 234 149
111 230 152
109 226 149
105 229 150
102 228 152
104 230 149
108 232 146
104 236 144
102 236 140
105 238 144
109 235 143
110 235 147
111 234 151
109 232 152
110 235 150
107 231 149
104 228 150
105 230 148
109 231 146
105 227 144
108 223 141
106 221 139
109 223 143
108 223 144
104 220 144
101 222 146
100 225 147
98 228 149
95 226 145
97 226 146
95 226 149
99 222 151
102 222 150
103 225 149
99 228 151
98 229 154
99 226 155
95 229 151
96 233 154
100 237 155
102 235 155
99 233 159
101 230 163
98 233 160
96 237 163
98 241 167
100 240 164
99 236 167
102 239 168
100 236 165
103 240 169
99 240 171
102 241 173
106 240 176
107 244 178
103 242 176
102 246 179
99 247 181
101 251 178
99 248 178
97 251 180
99 253 183
99 251 183
96 248 185
98 247 184
94 246 185
90 249 182
93 250 181
92 246 183
88 250 182
91 247 185
89 248 186
93 245 189
95 247 189
99 243 193
98 247 191
96 248 191
95 249 188
