41 39 39
39 43 43
38 45 42
40 43 38
40 46 41
41 49 40
40 45 44
36 42 41
32 39 43
28 38 42
30 38 39
32 39 40
29 38 43
25 38 39
24 41 37
28 43 36
32 47 34
35 49 35
39 51 34
42 49 30
39 53 26
42 50 30
40 53 27
44 50 28
47 50 32
51 53 31
48 52 28
45 55 30
44 58 30
42 62 27
44 60 26
45 59 29
41 62 29
39 66 27
36 70 28
35 72 28
38 68 31
36 64 30
37 66 27
39 67 28
36 63 30
37 59 27
38 63 29
36 65 30
35 67 26
38 63 22
40 65 19
44 64 21
41 60 21
44 64 23
40 63 25
37 60 21
36 58 20
34 57 19
34 53 19
33 50 16
32 47 14
32 48 15
32 44 12
30 47 13
29 49 12
25 53 9
27 52 12
24 55 16
23 58 17
27 58 15
25 54 15
25 54 17
25 57 19
28 59 23
28 61 26
25 65 24
23 64 26
22 60 29
24 60 26
24 56 25
27 59 24
31 60 25
29 63 22
30 67 25
29 71 25
27 75 27
25 77 29
23 80 25
20 84 28
22 86 25
19 86 27
19 83 29
22 82 29
20 80 29
18 83 29
14 83 29
18 80 32
19 82 30
19 85 29
22 86 31
24 85 31
27 86 27
23 88 28
27 90 26
24 91 26
23 91 24
27 89 24
25 92 25
23 88 27
19 84 25
15 84 25
19 81 28
22 80 31
18 82 32
22 83 32
20 85 31
24 84 27
28 85 26
31 82 28
27 80 27
28 79 30
26 80 33
28 81 35
25 77 33
29 75 32
27 74 33
26 74 36
23 73 35
25 69 34
29 73 32
26 74 33
22 76 31
25 75 31
22 71 28
25 75 29
25 72 30
26 68 31
29 70 28
33 73 26
31 74 22
34 77 20
31 79 17
35 81 20
32 77 18
35 79 22
39 79 26
35 83 26
34 83 28
38 82 30
41 86 32
44 85 32
48 84 28
44 82 30
43 84 30
42 83 27
42 81 23
41 80 19
42 79 17
38 79 13
37 81 12
37 85 9
33 86 11
32 90 10
33 93 6
31 94 3
30 92 4
34 90 1
31 88 2
27 90 2
26 92 6
30 95 5
26 92 7
24 95 3
25 96 0
25 93 2
22 93 5
23 97 1
20 100 2
21 97 2
18 93 0
14 92 2
13 96 5
12 94 5
15 93 5
13 92 6
12 96 4
12 93 2
16 89 5
17 86 5
15 90 9
14 92 11
13 94 14
15 90 13
18 86 15
15 89 15
12 92 17
14 91 13
14 94 16
14 98 19
17 96 22
17 99 24
14 103 20
10 101 22
14 100 19
12 100 15
9 99 16
6 98 13
2 96 16
1 98 20
2 100 20
3 99 19
6 101 22
5 105 18
1 107 21
2 107 18
1 109 22
3 109 24
7 109 26
9 105 27
5 101 25
7 105 27
10 106 26
9 107 24
10 106 27
7 104 26
7 108 27
11 105 26
14 105 26
12 101 22
15 103 25
19 101 23
19 103 24
19 99 23
21 102 25
18 106 26
16 105 22
12 101 19
12 105 19
13 105 15
13 104 16
12 106 17
8 102 15
10 100 13
6 99 16
4 102 16
2 104 18
2 101 16
5 104 14
3 103 10
2 102 9
2 102 6
2 105 3
5 109 2
4 106 1
0 110 2
2 106 0
3 109 1
1 113 5
2 111 5
2 113 4
0 113 8
1 109 4
1 106 8
1 103 11
4 101 13
5 100 14
9 104 18
12 108 19
13 108 20
14 108 24
18 108 20
15 105 18
11 103 19
8 103 17
12 99 13
12 95 16
16 93 17
13 93 16
11 96 18
11 95 19
8 91 21
4 87 17
5 84 18
5 82 14
2 84 13
5 86 12
3 90 10
5 88 11
7 91 9
10 94 5
7 93 6
5 91 10
3 94 12
4 96 10
2 98 12
6 97 10
6 101 8
10 104 10
12 104 14
10 108 15
10 111 18
12 109 14
8 105 14
7 107 18
4 107 17
5 110 17
9 114 19
12 115 19
8 117 17
7 121 13
6 121 10
2 122 6
5 125 2
6 129 1
5 126 4
7 123 7
11 127 3
9 129 6
7 125 9
5 127 11
2 129 7
5 131 5
4 131 7
4 134 10
5 137 13
4 140 15
1 138 18
3 137 16
1 137 14
0 138 18
4 137 18
3 133 16
3 131 13
4 131 14
1 133 17
1 130 17
2 126 20
0 123 20
2 125 19
2 128 16
5 131 16
4 133 18
0 130 14
2 129 15
6 126 18
9 129 19
6 126 19
3 128 18
0 132 17
2 129 20
3 131 16
2 132 14
2 131 16
2 131 16
6 135 19
2 138 18
1 135 18
2 133 14
4 136 10
6 139 10
5 138 9
8 135 12
6 137 16
5 138 19
9 139 17
8 142 14
9 141 11
10 143 10
7 142 13
8 139 12
7 141 12
8 138 9
12 140 8
10 138 10
10 142 13
10 138 14
6 135 14
10 134 18
8 135 17
5 138 17
6 137 17
7 136 17
4 137 13
1 134 12
2 131 14
0 132 11
3 128 8
7 131 9
9 133 13
8 134 17
4 135 17
3 132 16
3 131 18
3 130 15
0 128 15
2 129 19
6 127 22
7 129 22
3 125 18
3 123 19
7 123 17
10 122 14
6 121 10
6 117 12
3 118 16
2 122 15
4 119 13
1 123 17
4 125 20
6 128 22
7 129 26
9 127 30
8 124 30
6 120 32
2 118 34
6 114 32
6 115 30
3 113 34
1 115 33
2 111 37
5 113 36
2 111 33
2 113 32
2 116 30
5 115 28
2 117 24
1 120 21
4 121 23
8 123 20
11 119 16
9 118 17
8 116 21
8 117 18
10 119 19
13 118 20
17 115 18
20 119 19
17 116 15
17 116 15
19 117 16
20 118 17
19 117 19
20 121 19
20 120 17
24 120 21
28 123 19
32 125 20
34 125 22
38 128 22
37 129 20
40 129 18
44 128 17
46 130 21
44 133 20
46 133 20
50 136 24
49 137 27
47 139 31
45 136 32
46 133 32
43 135 34
46 132 38
44 134 34
48 137 37
46 139 41
49 141 37
46 144 35
49 145 34
52 143 34
52 145 34
49 148 35
53 144 39
54 146 41
51 146 44
52 143 46
49 139 48
49 138 47
53 137 47
54 136 43
53 137 45
53 140 42
52 139 45
52 142 42
54 141 38
57 144 35
53 148 34
52 148 30
50 150 33
53 151 30
53 147 33
56 145 31
55 142 33
58 146 31
57 150 30
56 151 29
59 154 25
59 157 22
56 158 25
54 162 27
54 165 28
50 162 32
53 161 34
49 158 34
45 156 35
49 153 37
45 152 34
45 151 37
45 149 38
46 145 41
46 146 39
42 145 43
46 147 45
49 151 45
45 151 42
49 153 39
46 156 37
50 156 38
47 155 35
48 155 37
52 153 39
50 151 39
51 155 41
50 156 40
46 158 41
42 155 37
43 156 35
44 152 31
47 148 28
46 144 31
49 148 33
49 147 29
49 143 31
47 143 30
51 145 27
50 147 29
54 147 28
56 148 30
59 149 27
62 149 24
63 150 23
63 149 23
64 152 24
63 155 23
65 151 24
62 153 24
64 156 26
67 152 25
66 150 27
62 151 24
60 150 25
56 153 25
59 152 25
58 154 27
57 157 30
56 153 32
57 149 30
55 153 26
51 150 27
52 151 24
55 152 20
55 156 22
59 152 26
61 156 27
64 153 31
63 157 32
61 153 28
64 150 26
66 149 26
65 146 26
69 142 30
71 142 26
72 140 25
75 140 23
75 136 26
77 134 27
75 134 27
79 137 23
77 135 24
80 134 21
79 135 18
76 135 19
74 133 20
76 132 20
72 128 20
76 127 24
77 124 24
75 126 27
74 128 30
72 130 29
70 133 26
71 132 22
69 136 21
70 132 21
68 134 21
72 130 24
76 129 26
75 131 30
79 135 33
81 135 31
82 138 33
85 141 33
89 140 29
89 140 30
87 143 28
88 139 30
86 140 30
84 137 27
84 134 23
83 137 26
83 135 28
86 137 29
86 139 31
84 137 33
80 140 36
81 143 33
80 142 31
81 138 29
82 138 33
81 142 30
83 141 29
79 145 32
79 143 28
76 144 29
79 148 31
79 151 35
76 148 33
79 149 29
83 145 31
83 149 30
79 148 26
81 151 26
84 150 23
86 146 22
82 148 26
80 150 23
79 153 26
78 151 27
79 155 25
78 159 28
81 155 27
82 158 29
79 162 25
76 159 24
77 156 24
79 157 23
79 154 21
75 153 18
79 153 14
81 156 18
78 160 15
74 164 15
71 162 15
70 164 12
67 165 8
69 163 6
68 165 8
71 164 10
73 162 12
73 158 9
72 154 10
74 150 9
74 149 9
72 151 7
68 151 11
65 149 15
66 148 11
66 146 14
67 148 15
68 145 15
72 148 11
74 148 9
71 152 11
75 152 7
78 149 3
76 151 0
79 154 0
81 152 2
85 152 3
85 153 6
85 157 10
87 160 14
85 163 13
81 162 10
78 166 6
75 167 5
73 167 1
69 171 1
71 173 1
72 172 2
76 170 3
72 166 6
74 170 9
72 169 9
75 173 13
74 176 13
77 176 14
76 179 17
75 180 21
77 180 24
81 184 24
78 181 27
77 185 28
73 182 32
70 186 29
73 186 33
69 186 34
70 186 31
69 189 30
66 190 33
70 190 35
70 187 32
74 191 28
76 193 25
73 190 23
76 187 19
73 185 21
74 182 21
74 182 20
70 180 17
69 176 18
71 172 16
68 173 16
65 172 17
62 168 16
65 169 19
66 170 21
63 174 20
67 171 23
68 167 22
67 169 25
67 168 24
66 171 21
68 173 23
64 170 25
65 174 27
61 176 26
62 175 28
66 173 26
64 174 23
61 172 20
60 171 16
57 171 12
55 167 11
51 171 15
52 173 13
54 173 15
58 169 17
60 171 14
59 170 14
59 168 14
55 168 12
55 166 8
58 170 12
60 168 8
58 169 12
57 167 9
54 168 12
54 165 12
54 165 8
51 163 9
55 160 9
51 163 11
54 159 7
56 156 8
59 152 5
59 156 8
59 159 6
61 162 4
58 158 4
61 162 6
63 163 4
62 167 4
62 164 7
64 168 11
66 164 9
64 162 11
67 158 10
63 158 11
61 160 12
65 158 9
68 159 8
70 159 8
70 159 8
74 161 8
75 164 9
72 165 6
68 169 10
69 171 7
72 170 11
76 170 9
76 172 12
75 174 11
71 174 12
71 176 8
70 179 9
69 178 6
68 176 4
64 175 4
67 172 0
69 175 2
68 174 1
68 176 2
65 179 2
62 180 6
66 180 10
66 183 6
68 183 6
66 179 8
63 177 7
67 179 10
70 183 6
71 186 7
75 189 8
76 188 5
73 186 2
77 187 2
80 185 2
82 187 1
81 188 0
79 185 2
82 181 6
79 182 4
77 184 3
77 180 5
74 177 5
75 178 8
73 178 6
72 174 5
76 176 9
77 177 5
75 180 1
76 181 4
72 180 5
68 177 2
68 175 5
71 172 5
67 176 7
64 177 10
64 174 11
64 174 15
66 172 16
64 175 15
65 172 12
69 174 9
73 173 10
69 169 11
69 172 9
71 176 12
71 176 12
72 178 14
75 174 16
74 174 19
73 174 19
77 173 22
73 176 21
71 172 19
68 168 19
65 170 16
63 170 15
65 173 13
68 174 9
68 172 8
67 173 4
70 169 7
73 172 7
74 173 6
74 174 8
75 177 7
76 179 6
75 175 5
75 179 3
73 182 7
72 186 8
72 186 8
68 183 6
70 180 10
66 184 10
63 188 14
66 192 12
66 188 15
67 188 15
69 190 16
71 194 14
70 194 15
73 190 16
77 186 16
74 184 15
71 183 19
74 179 17
77 180 18
78 179 19
81 181 19
80 179 20
79 175 17
81 173 13
78 177 14
80 176 15
84 175 14
84 173 18
84 173 16
86 174 16
89 177 19
87 179 17
87 179 15
91 181 19
90 178 18
89 174 15
87 171 13
91 170 15
92 168 17
90 170 18
91 168 14
91 170 14
88 174 18
89 170 16
85 171 19
87 173 18
84 174 15
82 174 18
84 170 20
87 170 23
91 174 19
91 177 17
95 179 16
99 178 18
95 174 22
92 175 22
96 179 25
96 180 25
97 180 29
93 176 33
97 177 29
98 175 26
95 179 30
91 177 28
93 177 26
93 175 28
93 173 27
94 174 26
96 176 27
92 173 26
89 173 30
87 176 30
86 179 31
85 182 32
84 186 29
82 188 26
86 189 26
87 191 24
88 189 24
88 188 20
90 187 19
86 191 22
86 194 26
90 193 28
94 192 29
98 192 29
96 190 30
95 186 32
91 187 30
87 185 29
83 183 26
81 186 28
81 183 30
80 180 33
81 178 29
81 179 33
85 182 32
89 180 28
90 181 24
89 184 27
92 184 29
95 180 30
93 181 33
92 180 37
91 184 33
95 182 29
93 184 31
90 181 30
87 183 32
90 184 34
89 184 34
89 185 31
85 181 31
85 184 35
81 186 32
77 187 34
81 185 30
77 188 31
81 186 34
85 182 37
81 184 39
85 184 43
84 181 39
83 182 35
87 183 32
87 185 29
86 187 29
83 183 33
84 187 34
82 189 38
82 185 41
84 188 43
80 188 40
77 185 42
79 185 40
81 186 44
85 187 48
85 189 47
84 189 45
83 192 41
86 190 37
87 192 40
83 190 37
83 193 41
80 196 40
80 192 41
82 189 37
81 185 34
77 184 30
76 180 33
72 177 34
71 178 38
71 177 35
67 174 33
67 172 34
63 169 38
61 165 42
64 169 42
67 166 40
71 167 44
74 165 47
72 161 50
75 162 52
74 162 49
76 164 48
72 160 48
74 160 50
75 164 51
73 162 55
76 162 58
73 160 54
69 158 54
68 161 58
64 163 60
60 162 64
59 160 64
56 164 67
57 166 63
56 164 65
53 166 63
52 164 59
48 168 59
44 171 56
41 167 59
39 168 62
38 169 64
35 171 65
39 173 69
37 171 66
35 169 63
39 173 63
37 170 59
33 168 57
30 165 57
28 168 55
28 172 58
24 170 60
28 174 59
28 172 63
31 175 64
29 176 68
26 176 67
29 173 68
29 171 71
25 174 72
28 177 71
25 180 70
25 177 72
22 180 68
22 182 69
19 183 71
22 183 69
21 186 65
17 186 63
19 183 62
19 179 59
18 175 57
17 173 60
15 175 56
17 176 53
14 172 55
18 175 51
20 172 52
16 175 49
14 176 45
11 173 43
9 171 44
11 169 42
7 165 38
4 163 38
6 166 37
8 167 33
5 168 34
6 165 34
8 162 30
6 163 33
5 165 31
9 166 33
9 166 29
5 169 31
4 172 34
2 172 38
4 174 41
0 171 45
0 169 47
1 170 49
2 169 52
6 166 51
8 163 50
5 159 47
9 159 49
9 161 51
5 157 47
6 156 46
8 157 45
6 161 46
10 165 50
12 169 50
9 168 47
13 172 50
14 171 51
17 167 49
19 166 51
16 166 53
20 165 56
18 168 55
17 164 52
21 164 49
24 166 49
23 164 50
25 161 50
27 158 52
26 161 52
29 162 54
26 161 53
24 164 55
23 164 54
25 167 56
28 165 53
28 165 56
28 164 54
25 162 50
28 162 49
31 160 49
30 163 50
26 163 46
26 165 46
28 169 47
26 168 47
23 168 46
21 167 45
20 169 45
23 168 44
26 168 42
28 167 43
26 165 41
28 168 37
32 168 40
35 167 44
38 165 44
38 163 41
35 164 42
36 166 38
39 167 34
43 164 38
42 164 34
46 167 31
48 171 29
49 174 30
48 176 32
51 174 30
52 172 30
54 173 30
55 177 30
53 173 29
55 176 27
53 175 27
49 172 23
45 175 19
47 172 19
44 170 18
41 167 21
39 170 22
37 172 22
35 176 24
37 173 26
37 173 26
37 176 23
36 177 25
35 180 26
33 184 30
37 188 31
41 192 27
37 188 23
36 188 23
33 185 26
32 189 22
31 188 20
31 187 23
28 187 25
31 184 24
29 187 27
33 187 26
29 188 22
32 189 22
33 188 18
34 192 21
34 192 17
33 195 13
37 195 11
39 191 14
42 188 14
42 186 12
42 182 16
45 185 13
43 185 17
46 183 20
46 184 23
49 181 22
52 182 20
53 185 21
51 186 19
52 186 20
49 187 23
49 185 20
53 187 16
51 183 18
51 180 21
52 184 22
50 186 20
47 184 16
46 183 12
43 187 15
41 189 14
40 189 17
42 190 18
39 186 19
42 182 15
46 179 15
48 176 16
51 174 16
54 173 18
53 175 21
51 175 23
51 179 19
50 182 15
48 184 15
51 187 19
55 188 19
58 187 15
55 191 19
59 188 17
62 190 19
58 194 18
61 190 20
57 190 16
54 190 20
52 188 20
52 190 18
54 192 16
57 193 14
56 191 14
58 195 10
54 199 9
54 201 10
58 198 6
58 197 2
57 194 4
56 194 5
52 192 3
52 189 7
51 192 4
47 195 3
46 195 6
43 191 7
42 189 9
45 192 5
41 188 3
42 188 1
38 190 1
40 191 0
37 194 3
36 191 4
37 191 7
36 189 5
33 186 3
35 182 6
31 180 10
30 184 9
30 187 10
34 184 6
38 188 4
38 184 7
35 184 10
39 184 6
39 184 10
40 182 13
42 182 16
41 180 14
39 178 13
42 176 15
46 174 17
48 171 20
52 170 24
55 166 21
59 162 21
58 158 17
61 154 20
57 151 23
56 150 27
56 147 27
53 144 24
51 143 27
47 147 29
49 146 29
46 142 30
47 139 27
51 143 27
50 143 27
51 140 26
54 143 23
50 145 21
46 149 20
43 145 22
41 147 20
39 143 20
42 139 23
41 143 21
38 142 18
38 139 15
42 137 14
46 141 15
48 138 15
50 134 16
50 130 12
49 128 11
48 124 14
48 120 17
45 117 18
43 118 14
44 115 17
47 114 21
46 116 25
42 117 26
44 119 26
42 115 26
41 117 26
37 120 30
41 117 29
42 120 27
44 121 29
41 119 29
41 118 30
37 115 30
41 111 26
42 115 28
41 112 32
39 111 34
41 114 32
41 117 33
37 121 31
36 124 29
39 128 30
35 126 32
36 129 33
36 133 32
38 137 33
37 137 33
38 134 31
38 136 29
39 139 28
37 137 32
33 139 36
35 137 32
36 136 30
34 133 29
37 137 25
39 134 21
43 130 23
46 132 21
44 135 18
48 138 16
52 138 15
53 138 14
51 134 16
52 137 17
52 141 21
51 140 24
48 141 26
50 143 25
50 145 24
50 149 26
51 149 30
50 153 34
48 153 37
48 156 39
52 158 35
53 155 39
49 154 35
47 150 35
49 153 39
47 155 40
43 156 42
47 154 46
47 157 43
48 158 45
48 159 42
46 159 45
44 159 42
46 158 39
46 156 39
49 156 41
46 156 37
45 152 38
42 154 41
42 150 40
42 153 43
42 152 41
39 152 44
40 149 46
39 146 43
41 146 47
42 149 43
38 145 45
41 144 49
45 144 46
46 146 47
45 148 50
45 152 52
45 153 56
43 157 54
44 158 57
43 156 59
40 158 55
41 155 54
42 155 50
45 157 53
48 158 57
52 154 57
50 158 55
53 155 58
54 154 54
54 151 56
53 152 60
50 154 63
54 151 65
52 154 63
55 158 60
56 156 62
54 154 61
54 158 57
53 154 57
50 155 54
48 157 51
45 157 53
46 156 53
46 154 51
49 158 48
48 159 47
46 155 46
48 156 50
44 153 50
44 154 52
47 152 48
47 153 47
49 156 50
45 154 53
47 153 54
48 150 56
48 148 60
46 146 63
44 144 61
48 144 61
48 141 62
44 142 60
41 143 60
37 144 59
37 148 56
39 147 53
37 144 51
38 142 53
41 146 54
42 143 51
39 145 49
37 144 48
33 143 44
35 141 43
36 139 43
40 135 41
43 134 41
42 131 39
46 127 35
50 125 34
47 125 31
49 124 31
52 124 34
55 125 30
55 122 27
59 126 24
57 128 20
58 129 23
60 132 25
62 133 26
66 129 29
65 126 25
65 130 29
65 134 28
65 135 29
64 131 26
66 134 26
64 137 27
66 136 24
67 134 22
63 138 21
64 135 23
66 137 23
69 138 20
66 138 16
63 139 16
60 142 12
56 139 12
60 138 9
56 142 12
60 142 12
64 141 8
68 138 4
65 141 6
63 142 5
60 145 9
63 142 13
63 143 17
67 140 17
69 144 16
73 141 16
69 145 14
70 141 13
72 140 14
72 136 14
71 134 10
69 130 8
73 128 5
72 125 8
68 124 10
72 127 9
70 127 8
72 131 5
68 127 2
65 124 4
65 127 7
67 131 8
63 132 12
61 132 14
63 130 15
65 132 16
63 130 12
61 129 16
62 126 14
62 130 18
64 127 21
62 125 22
62 124 19
58 123 19
60 120 22
62 120 19
59 116 20
57 115 18
61 114 19
63 111 17
60 113 17
60 115 21
62 118 19
65 114 18
66 117 17
62 114 19
58 111 19
62 115 21
60 119 25
59 116 22
62 120 22
60 119 24
57 115 22
57 112 26
59 111 24
60 112 25
60 111 29
60 115 32
61 111 32
63 112 35
60 108 36
56 106 33
55 102 32
52 105 36
48 101 34
46 104 37
46 103 34
47 102 37
51 102 41
53 98 43
55 99 44
55 103 41
53 103 45
53 99 42
53 95 38
49 91 40
47 91 37
47 90 33
51 90 30
48 92 31
50 96 27
49 92 23
50 90 19
53 87 17
50 87 21
53 90 23
51 86 22
51 83 20
54 80 20
55 76 20
59 77 19
57 74 21
58 71 20
58 74 24
58 74 25
60 75 25
64 71 21
66 69 20
62 68 23
64 65 25
65 67 29
66 70 28
63 67 25
65 70 28
61 66 30
64 69 32
67 65 34
64 65 32
68 69 32
64 70 28
60 71 30
62 71 34
65 69 35
65 71 33
65 73 36
61 74 40
60 73 41
58 72 39
57 72 40
56 73 39
54 77 39
51 76 36
55 76 37
54 74 36
58 73 39
56 77 41
55 77 45
59 76 44
62 78 44
60 79 47
56 78 45
52 77 49
48 76 47
49 76 43
49 79 47
51 82 45
47 82 45
47 85 44
45 85 40
49 85 36
50 88 32
47 88 31
46 88 35
50 91 33
51 92 36
49 94 39
53 94 37
57 92 36
58 94 33
58 98 34
61 98 30
59 102 32
62 104 29
59 101 33
62 100 35
59 96 39
56 97 37
55 101 40
51 103 44
52 105 46
56 108 46
57 108 49
60 112 47
57 113 46
56 116 48
55 118 44
54 119 46
54 120 44
56 117 48
57 115 48
54 114 51
55 110 51
54 109 49
52 109 50
52 111 49
51 110 46
53 108 45
53 111 46
49 107 43
49 111 39
47 113 39
47 113 40
45 109 40
48 105 39
52 102 42
48 104 46
51 106 48
51 107 47
52 109 48
48 111 46
50 110 44
51 108 43
49 104 46
47 103 45
45 105 46
44 108 50
44 105 49
47 104 45
50 108 45
52 106 48
55 110 44
53 112 40
52 110 43
50 113 45
54 111 47
56 107 46
60 105 50
62 105 46
59 105 42
57 102 39
57 104 36
58 104 32
55 102 34
58 103 37
59 99 41
61 99 44
62 101 44
59 97 40
58 94 37
55 93 39
55 93 42
58 94 45
54 96 48
56 92 47
55 91 49
57 90 49
54 92 50
53 88 46
57 85 49
59 82 53
59 85 53
59 82 51
58 82 53
59 81 53
56 81 51
52 79 48
54 81 52
55 77 52
55 80 56
53 76 57
57 72 58
61 74 56
57 74 57
53 78 54
55 79 52
51 83 54
53 81 54
55 83 51
56 86 52
59 83 51
60 82 53
62 83 51
60 83 54
58 84 58
55 80 62
52 84 66
53 85 66
50 86 69
54 87 73
56 86 71
60 85 73
63 81 71
60 80 74
57 76 73
58 76 76
61 75 75
59 73 75
58 75 78
55 73 74
55 69 70
57 68 74
54 69 75
53 65 76
53 62 75
53 63 73
49 66 76
47 69 74
47 72 70
46 75 73
47 75 70
47 79 73
43 78 74
41 74 78
38 75 76
41 79 75
38 75 74
37 77 73
33 81 70
33 79 66
35 75 69
37 75 68
38 74 69
39 71 65
40 67 61
39 69 58
36 65 61
32 61 60
33 57 63
35 59 59
35 56 59
38 53 60
39 49 63
36 47 60
40 51 61
38 48 65
35 48 62
38 46 60
34 42 61
31 42 59
31 46 57
35 49 61
39 50 57
38 49 60
34 45 61
34 44 64
31 41 65
29 44 66
31 45 63
32 44 63
30 48 64
27 47 68
24 50 65
25 46 62
21 46 58
23 46 54
24 46 54
24 48 51
27 52 51
23 49 54
21 47 51
25 43 52
27 47 48
23 47 52
19 44 53
20 42 55
21 38 58
21 42 54
24 46 51
28 45 53
26 47 50
30 49 48
26 49 48
26 50 50
26 47 51
23 47 54
25 47 50
22 50 53
23 54 49
25 51 52
28 49 48
25 51 51
23 48 54
19 49 52
17 46 50
18 43 54
16 40 50
16 38 47
18 34 45
17 31 44
19 28 45
18 30 49
18 28 51
14 32 52
13 36 51
16 34 49
13 38 45
17 39 41
14 43 42
11 40 43
12 38 44
10 34 46
9 35 49
9 34 53
13 38 49
10 40 46
9 39 49
11 42 51
9 41 50
13 43 54
11 46 56
10 42 52
11 45 51
8 47 47
4 51 51
0 49 49
2 45 52
2 48 55
6 48 51
8 47 48
11 44 48
11 46 44
15 45 46
16 46 49
12 43 51
10 40 49
6 41 48
4 37 50
8 37 52
6 34 50
2 37 49
6 39 53
9 35 57
9 39 58
6 40 55
5 40 57
5 38 57
8 39 58
7 37 58
7 39 59
3 40 62
2 38 61
0 35 62
0 35 62
2 33 65
2 33 63
3 31 65
7 28 68
7 29 72
5 27 73
6 23 75
2 26 77
3 30 79
6 32 75
4 30 79
0 32 78
2 35 76
1 35 80
5 32 80
9 34 79
9 30 79
6 33 82
4 30 86
3 31 90
0 27 92
2 26 90
1 29 90
5 29 87
4 28 87
3 28 89
2 30 88
6 33 88
3 36 90
6 34 86
8 36 83
4 35 80
1 32 79
3 36 79
3 38 81
4 42 78
2 41 79
5 39 75
4 41 73
8 39 69
4 43 68
5 45 65
4 46 62
2 50 65
6 49 63
3 47 65
7 46 62
5 43 63
5 42 65
7 44 62
4 45 62
5 45 64
4 48 62
0 48 62
0 51 61
2 47 57
2 45 58
6 42 55
9 38 59
7 40 56
4 39 59
8 43 55
7 43 54
10 44 57
9 44 54
5 48 53
8 51 53
11 48 57
12 44 53
15 41 50
15 45 53
13 46 49
10 42 45
9 44 44
9 40 42
6 42 38
9 46 38
6 45 37
10 45 39
11 46 40
14 49 37
10 45 41
13 45 39
14 42 42
11 46 46
13 44 45
14 44 48
16 47 49
19 45 46
18 44 45
18 43 46
21 45 43
17 45 46
16 47 44
19 51 46
17 47 47
19 51 47
20 48 44
18 48 42
17 47 44
18 47 41
19 51 44
19 51 43
17 49 47
13 50 47
9 49 50
6 52 47
6 55 48
6 59 46
2 63 45
3 59 47
2 58 45
0 59 46
1 62 46
4 65 47
8 68 44
4 69 48
2 67 46
0 64 47
0 63 43
2 67 46
2 67 44
2 66 40
4 67 40
2 65 40
2 67 42
2 66 45
2 68 49
6 70 49
4 72 50
8 68 54
8 70 56
7 72 59
6 70 57
4 68 58
4 64 54
8 62 50
9 58 47
7 61 51
11 58 54
11 57 57
15 61 54
11 64 53
13 60 49
10 60 53
11 63 55
9 64 56
11 67 60
12 66 58
9 69 54
12 72 54
16 75 56
20 74 53
16 78 56
14 81 52
17 81 52
17 80 56
21 84 55
25 82 53
28 79 54
27 80 55
27 76 53
24 76 50
28 72 52
31 68 55
28 69 58
25 69 56
26 72 57
29 73 61
31 76 61
34 75 64
34 77 62
37 74 59
35 73 58
37 71 57
33 70 53
36 73 55
37 77 55
35 78 58
37 74 55
35 74 59
39 76 56
39 75 55
42 74 51
43 78 51
41 80 47
37 81 51
39 81 51
35 82 55
39 79 59
37 82 59
38 79 59
39 79 55
40 83 53
40 82 50
36 79 52
32 76 56
31 77 57
29 78 55
29 80 54
28 83 55
25 79 53
26 77 50
30 80 53
27 78 57
23 74 57
21 71 53
20 75 50
17 74 49
18 76 45
15 80 45
16 82 44
18 78 41
19 78 38
23 82 37
23 86 41
26 83 43
30 86 40
26 90 40
22 87 37
19 84 36
23 88 32
26 90 33
24 93 37
25 93 38
24 93 39
24 94 37
21 94 39
25 94 36
29 97 40
32 95 36
32 97 34
36 101 37
34 103 33
32 105 36
33 104 36
32 108 35
33 107 33
30 109 37
26 110 33
22 109 36
26 107 32
29 105 31
29 104 31
28 105 34
26 101 31
29 105 32
27 107 31
30 105 35
34 105 34
35 108 37
39 111 37
36 109 33
32 113 34
28 112 30
32 114 34
28 110 36
28 110 38
27 110 42
30 113 38
31 115 41
29 115 43
30 112 42
29 115 42
29 113 41
31 117 37
30 116 38
26 120 34
22 120 33
19 124 31
21 120 30
25 118 27
23 122 27
20 126 27
20 125 28
20 128 31
21 130 32
18 128 31
21 127 27
22 128 24
19 129 21
18 132 21
18 136 17
21 140 21
19 141 20
15 141 24
16 141 27
12 141 29
16 137 33
15 140 32
17 137 29
14 136 31
11 133 35
12 132 31
15 132 32
14 135 32
16 134 36
15 135 36
17 133 34
14 129 36
14 132 40
17 134 37
14 131 36
16 135 39
17 131 36
17 129 37
15 128 37
13 125 33
16 124 29
15 120 26
15 124 24
15 126 21
19 124 20
21 126 20
18 127 17
22 129 18
20 127 17
23 129 21
24 129 17
27 131 17
25 134 19
25 135 16
25 134 18
28 138 15
25 142 19
29 145 17
25 144 17
26 142 16
24 142 20
26 142 18
29 142 17
33 140 20
33 138 20
34 141 24
31 139 21
28 141 19
32 143 21
34 143 17
33 143 14
37 141 10
39 144 14
43 142 13
47 138 15
48 135 17
44 132 18
45 128 20
49 127 21
51 125 24
51 123 23
52 127 19
50 130 18
49 129 20
47 129 17
45 130 17
43 131 17
41 134 13
45 138 15
46 137 15
43 137 19
43 136 22
44 136 20
48 134 23
46 130 22
42 128 19
43 129 19
39 129 23
36 126 27
32 123 24
30 125 27
32 122 26
32 119 29
28 121 33
24 118 35
20 115 34
17 114 31
14 112 30
16 114 30
18 115 30
22 119 30
21 123 30
21 122 29
18 120 31
14 118 35
18 115 31
22 111 33
26 108 37
24 110 35
25 108 34
28 112 38
30 113 40
34 110 37
36 114 36
34 116 40
36 115 42
36 118 39
32 118 42
31 117 39
30 118 36
26 120 38
30 119 36
33 119 38
33 123 39
33 119 41
37 122 41
33 126 40
34 128 42
34 125 45
37 126 48
38 126 44
34 128 45
33 127 46
31 123 44
35 120 46
33 116 42
35 116 44
33 115 47
31 111 45
33 113 49
35 114 47
34 116 47
33 118 51
32 114 50
36 113 47
32 110 47
33 108 49
34 107 51
34 103 47
36 107 45
35 108 45
39 107 41
39 109 38
38 107 35
42 105 34
43 102 33
44 100 30
45 101 28
45 103 29
42 101 33
43 103 33
41 102 35
43 99 38
40 103 42
42 107 43
44 108 46
45 107 49
45 105 49
45 109 53
47 105 51
45 106 49
44 110 45
43 113 45
46 115 41
49 115 37
47 116 35
46 116 36
44 115 40
45 117 41
43 113 39
43 113 43
41 112 47
37 110 47
33 108 43
31 108 43
35 111 41
34 110 39
32 110 41
35 112 40
34 109 44
38 109 42
41 113 41
38 117 39
39 115 43
37 114 42
35 111 39
33 112 40
37 111 42
38 114 45
34 114 49
35 115 52
34 118 51
30 119 52
32 122 50
35 118 54
39 119 51
36 119 52
40 120 51
41 123 53
37 122 57
39 118 55
40 115 58
42 115 57
44 115 56
48 116 53
47 114 50
46 115 51
43 111 47
44 107 44
45 108 41
43 111 43
44 110 44
43 112 44
43 111 46
47 114 45
43 111 49
47 115 48
50 112 45
49 110 43
45 113 45
41 116 49
41 113 51
45 116 47
41 117 51
45 114 49
41 112 46
40 115 43
37 116 44
36 120 48
38 122 52
39 119 54
40 123 51
40 125 52
43 126 54
41 129 57
45 130 53
47 127 52
49 129 48
53 128 46
56 126 50
56 123 53
57 127 49
53 127 45
54 123 48
50 124 46
49 126 44
51 127 45
55 126 45
58 122 49
55 123 47
57 125 44
54 126 44
58 129 46
61 126 47
57 125 47
57 122 47
54 119 46
54 119 46
50 123 50
46 120 48
45 118 50
43 114 52
39 117 52
36 115 51
34 112 47
37 116 46
40 112 45
41 114 45
38 116 48
40 113 49
36 110 52
36 108 49
34 109 48
36 107 47
36 106 51
36 105 51
38 101 49
38 104 50
38 106 47
35 110 45
37 106 41
33 102 40
29 103 42
27 106 46
27 109 45
24 107 47
24 104 51
22 108 55
25 111 58
21 109 60
24 107 63
27 108 67
23 109 64
21 107 63
24 106 65
20 105 61
22 101 57
20 101 61
20 103 60
16 100 64
19 102 68
22 103 67
20 99 71
18 102 67
20 102 65
16 99 69
13 102 65
13 105 64
13 103 64
16 106 65
19 102 67
17 101 65
21 97 64
17 97 64
19 99 63
15 99 64
14 102 65
18 99 66
19 97 70
19 94 70
15 92 69
13 94 66
14 90 69
10 90 69
14 86 69
10 89 71
6 92 69
7 94 65
9 90 66
8 88 69
8 90 70
11 93 70
11 94 68
8 92 66
11 93 64
15 96 64
17 94 62
20 98 63
21 95 59
24 91 62
23 90 64
22 89 65
22 90 65
25 90 62
27 89 65
29 87 66
32 88 67
33 86 64
32 85 68
28 86 64
31 83 64
27 82 62
26 86 65
26 82 66
24 83 62
26 79 59
23 79 63
23 82 61
27 82 58
23 82 58
26 80 61
29 76 64
29 75 67
30 77 63
34 75 60
34 77 59
37 73 59
37 75 63
34 78 63
37 79 60
40 79 64
44 78 60
47 82 62
45 82 63
44 84 62
44 84 65
44 87 63
47 90 62
45 91 61
44 95 57
48 98 61
48 101 63
50 98 67
49 94 68
46 91 68
46 88 71
43 91 68
47 91 67
47 88 70
43 92 72
43 88 72
42 92 76
42 95 72
42 99 73
38 103 70
38 101 73
40 98 77
43 96 78
45 97 79
42 100 77
43 104 75
46 104 71
45 103 71
49 100 74
50 100 74
52 102 74
50 103 76
54 99 74
56 103 72
60 100 74
60 96 75
59 100 76
57 102 78
61 105 80
60 102 81
56 98 83
54 101 83
55 97 81
52 98 78
53 100 81
49 97 77
49 93 80
50 92 80
48 89 78
46 85 76
45 88 72
48 89 73
51 89 72
55 93 68
52 93 70
50 89 74
53 89 76
55 86 73
52 83 70
54 82 67
57 85 66
59 81 66
59 81 64
59 84 66
55 82 64
51 78 64
48 78 60
44 80 60
41 84 56
37 81 56
37 84 54
33 84 55
33 81 58
37 84 55
37 88 58
37 92 55
38 90 55
38 87 56
40 87 57
44 91 59
46 93 60
49 97 63
47 95 60
44 95 56
48 93 54
49 93 57
49 97 55
50 98 52
48 95 49
51 93 45
54 95 44
54 93 48
54 94 45
58 94 48
56 93 52
55 95 50
51 96 52
51 92 56
47 93 58
50 92 58
54 94 61
57 94 59
56 98 61
55 102 59
53 99 62
57 100 65
57 97 64
57 94 64
57 91 68
53 87 69
50 89 66
48 89 63
47 92 67
48 89 69
48 87 71
49 83 72
45 82 72
48 84 72
46 81 76
43 79 79
44 75 79
41 76 80
44 72 76
41 71 73
41 74 72
45 75 69
42 73 65
39 71 66
40 72 65
37 75 62
41 73 61
37 74 64
35 72 68
34 69 68
36 71 70
32 68 74
29 72 77
27 71 74
27 72 75
26 71 73
22 68 69
20 64 68
20 68 66
17 71 67
17 68 67
20 68 66
18 70 69
20 73 73
20 71 73
20 69 77
19 69 80
16 65 82
14 61 82
12 64 82
9 68 81
8 65 82
12 61 83
13 64 82
14 67 83
13 63 84
13 66 81
14 62 79
12 59 81
8 56 84
10 59 84
6 61 85
5 61 85
2 63 83
2 62 81
2 59 81
3 62 81
0 66 83
2 63 84
4 67 88
6 69 84
4 70 88
5 72 88
8 73 88
11 69 87
15 72 90
17 69 87
19 69 87
16 66 88
13 66 90
15 69 91
19 67 88
15 69 87
14 71 91
17 75 89
15 77 90
16 78 86
17 77 83
14 74 83
16 73 85
17 72 83
19 68 83
20 70 87
21 70 90
24 67 92
23 67 96
25 64 93
29 64 89
27 61 91
25 65 95
23 65 95
22 65 99
20 67 95
17 63 96
13 59 92
14 60 91
16 60 88
20 63 92
24 62 90
25 66 88
29 66 89
33 67 86
35 66 83
31 67 79
29 65 78
26 65 78
27 63 75
26 61 73
29 63 69
27 63 65
31 67 61
34 66 65
35 67 61
36 69 59
36 69 59
34 66 59
31 67 57
32 68 60
32 68 56
32 68 53
28 67 52
32 63 55
28 60 51
32 57 50
28 54 52
27 58 52
31 56 49
30 58 47
27 55 47
23 51 50
25 52 52
25 50 53
28 51 54
32 55 56
35 55 59
38 55 56
41 54 57
37 57 57
40 53 60
37 55 58
34 51 60
32 55 56
31 52 57
31 49 55
30 45 59
26 42 55
25 45 58
29 44 55
25 44 51
21 48 48
22 47 50
22 44 53
24 45 50
25 47 48
29 49 47
28 46 45
27 45 41
27 43 39
23 45 37
24 42 34
26 39 34
28 39 33
25 41 31
29 40 27
27 41 23
31 43 20
29 40 23
28 36 26
29 37 28
30 35 29
31 31 33
27 35 32
27 36 30
28 34 34
30 32 34
28 32 31
31 32 28
31 36 31
29 33 34
31 32 36
35 28 34
33 29 34
36 26 30
36 22 33
33 23 34
34 26 33
37 30 29
36 33 32
36 31 30
38 34 34
36 35 38
32 37 37
36 33 41
34 34 39
37 33 43
41 35 44
45 35 40
47 32 40
51 28 36
47 32 33
48 35 32
49 35 30
49 39 29
53 42 25
57 38 21
60 35 18
56 36 14
52 39 18
50 35 17
49 36 18
51 40 20
53 39 22
56 39 24
53 35 26
50 31 24
54 34 28
58 37 24
56 38 22
54 41 25
51 38 27
54 34 28
55 32 30
58 36 30
56 40 29
53 40 26
56 38 26
58 35 25
56 36 23
57 35 26
56 36 27
52 40 23
48 37 20
48 37 17
49 39 18
49 41 14
45 38 12
48 37 13
47 33 11
45 35 12
45 31 16
41 31 18
40 31 20
41 31 21
44 29 21
44 25 20
42 27 24
38 23 21
40 24 23
36 23 23
35 22 22
35 23 23
37 20 19
38 23 22
40 20 24
38 17 23
40 13 23
39 12 25
39 16 21
37 12 17
37 10 14
40 9 11
42 5 13
38 1 10
34 3 11
35 6 13
32 8 11
35 5 7
35 6 4
32 5 8
36 6 9
32 2 13
28 5 12
30 5 10
32 5 10
30 3 13
27 0 15
28 2 18
31 3 18
33 6 15
33 10 18
31 7 14
28 11 15
30 12 16
28 15 16
25 17 17
27 18 18
27 21 22
23 25 19
19 21 22
17 22 24
18 26 27
20 29 26
24 29 26
25 32 28
27 36 32
31 40 29
29 38 29
30 42 31
30 41 32
27 44 29
27 48 31
26 45 34
27 47 37
31 50 33
31 53 35
27 51 37
24 48 38
23 47 40
26 47 37
22 46 34
18 48 32
16 48 28
16 46 29
15 50 25
18 52 27
18 49 28
14 52 26
18 55 24
17 51 25
17 52 27
13 54 31
9 56 34
7 60 30
5 62 32
6 64 30
6 68 28
7 70 24
7 72 24
11 71 28
10 67 25
6 65 21
8 68 18
5 65 20
2 63 19
2 67 20
1 70 20
1 70 23
2 70 21
4 71 21
5 74 20
1 75 20
1 76 24
2 79 26
0 75 26
2 72 29
2 71 32
2 68 32
2 71 31
0 75 30
2 78 30
2 77 26
2 80 23
2 80 25
0 76 25
2 74 26
4 78 26
4 81 25
8 83 22
12 83 25
12 87 23
10 91 24
12 88 23
9 92 22
7 96 22
6 96 18
9 98 20
9 94 19
5 93 23
3 95 27
2 95 29
0 93 31
0 90 33
1 91 30
2 91 26
0 92 24
3 92 24
2 96 20
3 97 20
1 100 18
2 96 21
0 92 17
1 94 20
3 91 17
5 88 15
9 89 13
12 88 13
14 89 17
15 87 20
13 90 21
15 88 19
18 89 19
20 86 20
23 90 21
25 86 25
21 88 29
22 92 33
26 93 30
24 96 28
21 99 31
19 103 27
16 107 25
19 110 25
23 114 26
26 116 29
22 112 31
24 110 28
26 106 29
23 106 31
26 110 28
28 107 26
25 109 27
21 113 28
17 112 29
19 110 30
18 112 33
20 112 33
17 110 35
20 113 39
17 116 42
16 120 38
12 123 41
14 126 38
13 123 42
11 120 44
12 124 40
11 127 41
9 131 45
5 128 45
5 124 41
2 121 44
0 125 42
2 126 40
6 124 43
6 128 44
4 127 42
7 123 40
6 119 40
10 120 38
9 121 36
7 123 39
4 127 42
7 130 42
9 134 42
7 138 42
11 142 40
15 143 44
15 144 46
15 145 49
12 144 52
15 145 51
15 143 53
18 139 54
19 137 51
23 136 52
23 136 50
27 140 51
24 136 55
27 135 52
30 134 50
27 133 48
31 134 51
27 136 49
25 138 53
21 135 52
22 136 54
26 139 54
24 143 52
22 145 52
23 142 51
24 146 53
24 145 57
22 144 53
19 145 52
18 148 51
18 148 55
16 150 57
20 153 60
16 150 57
19 154 53
22 151 55
25 151 54
21 155 55
24 158 59
26 159 62
25 156 61
29 156 61
33 159 57
31 158 61
31 161 59
27 157 56
28 158 58
29 154 55
28 150 55
32 152 56
36 149 55
34 148 55
35 144 57
32 145 55
29 145 59
28 146 57
24 150 53
23 148 53
23 147 52
23 151 56
25 151 53
21 155 53
18 155 53
16 153 51
16 153 53
18 157 51
18 156 48
18 155 44
19 154 46
23 156 49
27 153 53
29 155 55
26 152 56
25 156 53
29 158 57
30 155 61
33 159 59
32 155 55
28 153 59
26 154 62
23 153 58
27 152 60
27 150 58
27 152 56
24 152 59
22 150 58
23 152 54
20 156 56
16 152 52
16 151 49
17 152 52
17 148 53
21 152 54
24 154 57
27 153 60
29 149 56
33 153 54
33 152 51
36 156 48
37 154 50
34 158 53
37 159 57
41 162 53
40 159 54
38 162 55
35 165 54
38 167 50
37 166 50
38 164 50
40 161 51
38 163 49
41 159 52
38 156 56
36 152 52
38 152 56
38 153 58
42 156 55
46 152 56
48 155 56
49 155 55
46 152 56
43 152 60
44 150 60
41 153 64
37 150 66
36 147 68
36 144 65
36 142 66
33 143 68
37 146 66
33 150 67
31 154 67
31 154 63
35 157 62
39 157 65
35 158 64
32 157 65
34 160 65
33 156 62
35 153 66
39 149 69
41 153 70
40 151 74
41 152 73
44 150 70
43 146 70
40 142 73
36 146 76
34 143 80
37 141 84
36 140 80
37 142 80
37 140 79
41 139 79
44 139 79
43 140 76
47 142 75
46 146 75
43 144 77
46 146 75
48 145 71
46 149 67
42 149 70
45 146 74
43 149 78
45 146 80
49 144 79
50 141 79
50 144 76
52 140 76
49 141 75
49 139 76
46 142 77
43 144 76
41 147 75
43 149 74
43 151 72
47 155 73
50 151 72
51 149 68
55 153 66
55 149 68
57 148 65
61 147 66
57 148 64
53 146 65
56 148 63
60 145 60
57 149 62
60 153 66
63 151 70
64 152 74
67 156 72
71 156 75
70 159 73
73 156 69
75 158 71
73 154 68
74 156 67
71 158 67
73 161 70
70 165 72
67 168 68
67 165 72
66 165 71
64 167 67
67 169 68
69 168 64
67 168 66
67 168 62
69 166 62
66 163 61
63 167 57
62 164 60
61 168 64
60 166 67
61 167 69
59 166 69
58 165 67
58 164 67
59 163 70
63 166 70
67 163 70
65 165 68
62 165 70
64 161 72
66 160 73
67 163 71
69 162 72
66 162 69
66 159 71
64 155 75
67 154 73
64 156 74
67 158 78
63 157 78
66 155 77
69 154 80
73 152 84
72 148 80
72 147 78
75 150 78
74 152 78
73 152 78
75 148 78
79 152 79
83 151 77
82 147 76
84 146 77
84 144 75
83 142 76
79 141 77
78 139 74
80 137 76
77 139 72
74 141 69
74 144 72
70 143 68
74 143 64
74 141 61
72 144 57
75 142 58
73 139 61
72 143 64
70 146 63
71 147 60
75 149 57
77 152 61
78 150 65
81 153 62
79 153 66
79 153 66
76 154 65
74 152 67
78 154 70
79 153 72
82 155 68
86 154 69
90 156 73
90 156 74
88 158 71
85 162 69
88 166 69
87 166 73
84 162 76
88 158 73
85 162 77
84 163 78
85 160 82
83 162 85
85 160 83
84 161 83
85 161 87
82 161 91
83 158 88
84 157 86
84 161 82
86 159 83
87 158 80
84 156 78
85 160 80
85 163 80
81 162 83
81 158 87
84 157 89
81 156 91
79 157 90
76 158 88
77 157 88
77 154 89
80 158 90
76 156 86
76 159 90
75 156 92
75 152 91
72 155 87
69 156 91
65 152 95
69 154 92
69 150 96
73 148 97
76 152 99
73 149 96
74 145 98
76 142 102
74 143 105
76 147 104
80 148 105
84 148 104
84 148 103
82 151 103
80 150 102
78 152 104
76 153 104
75 154 102
76 150 100
77 154 102
80 151 106
83 152 107
86 148 109
85 151 111
88 151 113
85 154 111
81 156 107
83 157 107
82 156 110
80 159 106
78 158 106
81 161 110
78 157 112
76 159 112
74 156 113
75 156 116
72 153 117
70 154 121
72 156 121
73 156 125
71 152 128
75 156 125
72 156 126
76 159 123
74 159 126
74 163 127
76 163 123
78 162 122
77 165 125
77 167 128
77 169 131
80 171 134
83 175 131
85 174 134
89 172 135
90 176 138
93 174 136
97 178 139
97 178 143
101 179 141
101 176 143
105 174 143
108 171 142
108 170 144
106 173 148
110 170 152
109 169 155
108 172 154
109 169 153
112 166 152
109 170 149
108 166 153
109 168 149
107 166 150
107 162 146
110 161 149
109 165 145
111 165 141
109 167 144
105 169 140
102 165 144
106 166 140
102 163 136
105 167 135
107 170 131
108 174 133
105 170 131
109 169 128
110 169 129
110 165 133
112 163 129
111 164 126
111 166 122
114 169 123
111 172 120
108 170 122
111 168 123
109 169 127
106 173 124
102 177 121
101 175 123
99 174 122
95 175 126
98 172 125
100 170 124
100 174 126
102 178 128
99 176 127
98 175 128
98 177 129
100 181 133
102 181 129
100 183 130
98 183 134
