38 35 35
42 37 32
46 38 36
45 36 33
45 40 32
43 43 29
40 44 30
36 42 29
35 42 25
38 44 21
38 47 23
34 46 23
34 47 24
34 51 20
32 49 24
35 50 27
37 47 30
40 49 29
41 49 28
44 52 31
43 48 29
45 49 31
46 47 34
43 43 36
44 45 36
45 44 37
42 42 38
45 41 35
48 44 34
47 45 37
44 49 39
42 48 43
44 52 43
40 49 40
38 50 38
35 52 40
37 48 42
34 48 43
34 45 44
31 46 40
28 43 44
32 39 46
30 37 44
32 35 47
35 36 51
34 35 52
35 37 49
39 39 49
40 39 50
41 36 46
42 39 47
40 43 49
39 39 52
36 43 53
33 43 55
37 41 52
37 37 50
35 41 47
37 45 51
35 48 50
39 48 48
39 46 47
35 42 48
34 41 46
37 40 48
34 37 47
31 40 45
30 42 46
31 43 50
31 46 54
32 43 50
32 44 50
28 42 53
29 38 57
31 42 56
28 45 53
24 49 52
21 49 50
18 45 52
21 48 50
19 44 53
23 40 53
21 39 54
25 37 57
21 41 56
23 44 57
25 43 59
23 43 58
25 42 61
26 42 65
25 42 66
22 44 62
23 45 64
22 43 63
24 43 64
27 43 65
25 46 69
21 44 67
17 42 71
15 38 75
19 39 74
15 36 74
17 38 74
20 34 75
17 35 71
14 32 75
11 30 74
14 31 77
17 33 78
15 34 82
11 30 83
11 31 79
15 35 77
15 38 78
11 36 75
12 35 75
16 36 72
14 34 68
13 36 66
16 36 67
12 34 67
14 33 68
16 36 71
13 38 72
16 39 74
13 36 74
13 37 73
14 35 74
12 32 75
15 30 77
12 27 78
15 29 81
15 25 77
16 25 73
16 28 77
18 30 74
21 34 70
22 36 68
23 34 69
27 32 71
29 28 73
31 32 69
29 34 71
31 32 71
28 30 73
27 30 70
23 34 72
24 33 71
20 31 68
23 33 72
20 29 71
22 31 72
18 32 70
15 34 73
19 38 77
16 40 78
15 42 82
11 44 78
12 40 80
12 41 79
11 38 83
9 36 87
11 32 91
8 30 94
8 31 98
8 30 96
4 29 97
8 25 99
10 26 97
8 26 96
6 30 95
3 33 91
3 34 89
6 33 90
8 35 86
7 39 84
9 37 88
13 37 92
13 40 94
13 37 97
16 34 100
17 38 97
20 34 94
20 31 94
19 35 92
19 38 92
22 36 93
22 36 90
24 38 91
22 39 89
26 35 87
29 35 87
25 39 83
25 35 87
26 36 83
26 34 82
27 36 84
24 38 83
22 36 86
21 37 87
19 41 90
23 42 88
24 41 86
23 42 88
21 39 89
24 39 90
26 35 87
30 31 88
32 28 86
31 30 88
33 34 91
36 34 89
35 30 88
38 27 86
41 30 87
39 33 90
41 37 88
43 34 87
40 38 91
41 40 95
44 43 99
43 43 101
46 41 100
49 41 101
53 40 98
54 40 102
50 36 100
48 38 99
45 39 99
47 38 97
47 39 96
50 40 94
49 44 91
53 47 95
53 47 96
53 46 93
50 44 95
47 46 92
45 47 92
43 44 95
46 41 98
46 44 94
44 41 90
47 45 88
45 46 86
48 49 90
47 49 92
46 53 92
43 50 89
45 47 92
46 44 96
42 43 93
46 40 91
43 38 92
43 41 95
43 37 92
42 35 90
45 31 88
47 27 85
47 31 87
48 33 87
48 35 91
44 31 88
46 28 86
44 30 89
46 30 85
46 32 84
42 33 86
41 31 83
38 27 85
42 26 83
46 26 83
47 28 82
44 31 78
41 34 77
41 32 74
41 33 70
37 32 68
33 33 71
37 32 72
34 29 73
30 33 75
29 36 72
29 40 76
30 37 78
33 34 80
37 30 82
35 30 86
39 30 89
36 28 88
34 29 87
33 27 85
32 24 86
28 24 83
31 28 84
28 29 85
26 25 84
25 27 87
22 24 83
26 28 82
22 24 85
23 23 81
21 23 77
18 19 79
22 15 78
20 19 76
17 15 73
18 15 69
21 16 67
21 15 64
23 14 68
27 13 68
24 10 66
20 12 65
21 13 67
20 14 71
17 14 72
19 10 73
21 8 74
24 7 71
22 4 67
19 4 70
19 7 74
23 10 74
26 8 73
24 5 69
25 1 65
29 2 62
31 4 61
28 2 64
30 2 68
29 5 70
27 2 66
31 2 64
35 6 61
31 2 63
34 5 65
36 7 68
34 9 67
34 13 64
33 10 62
37 9 59
40 11 60
37 9 62
39 12 59
36 14 59
35 18 61
32 16 65
36 15 68
38 16 67
38 18 63
37 22 61
40 24 57
41 21 57
44 17 56
46 19 60
48 19 58
47 20 55
43 17 53
46 19 54
50 19 56
50 16 52
50 14 50
49 11 49
51 12 51
55 9 53
54 5 54
57 4 58
53 0 57
51 1 57
48 4 55
46 3 59
43 3 59
47 2 63
49 1 62
45 5 65
47 8 68
49 11 68
48 7 70
47 10 66
51 14 64
54 11 64
56 10 68
55 9 65
54 12 62
55 12 65
53 14 63
55 13 63
53 13 60
51 11 63
47 9 63
47 12 64
50 14 67
50 15 68
54 13 67
57 10 69
58 9 71
57 7 74
55 4 75
51 1 76
55 2 76
53 2 75
57 4 75
61 5 75
59 9 71
61 5 69
61 4 71
60 1 70
57 5 69
60 8 73
64 5 71
61 3 74
62 2 73
63 4 69
60 6 72
64 7 68
62 7 71
64 3 74
68 5 72
72 8 71
72 7 67
74 4 67
78 7 67
79 10 66
79 11 66
83 9 62
86 5 58
87 8 57
83 8 53
85 7 56
82 9 57
83 13 60
83 16 64
81 15 62
82 11 59
79 7 63
75 8 60
75 8 61
72 8 63
72 10 60
74 8 63
77 12 63
79 10 60
80 14 56
84 16 59
81 17 55
85 13 59
83 15 57
86 12 56
89 16 59
88 13 61
89 12 59
85 16 60
83 16 62
83 19 62
82 23 61
85 19 61
85 20 61
82 18 61
78 17 63
81 20 59
77 24 62
75 23 66
71 26 68
69 25 64
65 21 65
63 25 65
62 24 66
63 24 64
59 22 63
60 23 67
63 23 64
64 19 68
68 20 65
65 21 67
66 25 69
62 22 67
66 22 69
69 18 65
66 16 61
70 16 57
66 19 54
62 20 53
64 16 54
68 13 51
71 10 54
70 11 58
73 7 60
76 6 60
77 6 58
77 5 58
74 9 59
73 9 55
69 11 54
70 12 55
67 8 52
66 9 55
64 11 51
68 10 49
69 9 47
73 10 48
72 9 52
69 8 56
70 12 55
67 11 52
66 7 56
66 6 56
62 7 55
61 9 51
57 8 55
56 7 55
55 11 58
57 7 54
54 9 56
56 9 55
56 7 51
56 5 51
54 7 51
51 5 49
51 7 49
52 7 49
49 7 51
46 3 50
49 3 53
51 5 52
55 1 50
59 1 52
60 2 49
58 1 52
54 2 49
54 1 48
56 2 48
58 5 48
58 6 44
57 9 45
61 7 48
59 6 51
56 2 51
59 3 51
57 2 51
61 2 54
59 2 51
63 2 54
63 3 58
60 3 56
61 2 60
59 6 57
55 4 56
51 0 53
52 2 49
50 5 49
46 1 48
50 2 51
47 2 51
49 2 49
53 2 48
54 1 49
54 4 45
52 6 42
52 8 46
49 11 49
45 8 49
43 9 47
40 9 47
38 5 51
39 4 51
35 4 49
34 5 52
36 2 51
37 2 47
37 2 45
35 4 45
37 8 45
33 5 43
35 6 47
36 4 49
40 4 52
36 0 48
32 2 51
32 4 47
36 6 47
35 7 43
31 10 43
27 10 41
28 13 38
27 14 40
27 10 38
30 7 37
31 6 40
31 7 44
35 9 40
31 11 41
33 9 39
36 8 42
32 4 39
32 6 40
35 7 43
32 8 39
35 10 36
31 12 37
34 10 33
32 10 30
31 10 33
34 9 35
30 12 34
32 9 31
29 5 30
30 3 27
32 0 26
28 3 30
25 2 32
27 2 35
23 2 37
27 4 40
30 1 36
34 3 33
34 2 32
38 1 35
38 2 38
36 3 41
32 1 38
31 0 37
32 3 35
29 4 31
27 0 30
26 1 32
22 2 31
18 3 30
14 7 26
16 11 24
18 9 22
17 8 21
13 12 17
12 12 15
16 14 12
17 12 10
21 13 6
18 9 2
17 7 4
17 8 7
17 7 8
17 5 11
20 8 12
20 6 14
24 3 11
25 5 7
28 3 3
25 4 2
25 0 5
26 2 1
27 2 5
28 6 3
31 5 4
30 1 1
30 5 1
26 7 0
22 3 3
18 4 7
15 8 4
19 8 1
18 9 3
19 10 4
20 8 2
17 12 5
15 10 4
18 9 5
15 9 5
13 9 2
16 13 4
16 17 5
18 14 7
14 10 5
15 13 3
15 15 5
11 11 7
15 11 3
12 8 2
16 11 6
15 11 2
17 8 5
17 6 9
17 9 12
14 9 11
13 11 8
11 7 5
12 6 8
9 4 8
8 4 10
11 7 7
11 9 9
12 7 11
15 8 7
12 12 9
9 9 10
10 8 12
14 7 12
10 5 10
10 6 10
11 2 8
7 2 11
10 3 10
9 5 8
10 5 11
13 3 11
11 2 13
14 5 15
15 6 17
15 3 14
13 2 13
9 2 17
7 0 21
11 4 19
13 6 17
14 4 19
10 7 20
10 10 19
12 10 19
8 12 21
11 11 21
10 11 17
12 7 17
16 4 19
16 6 21
12 6 18
16 4 18
20 0 15
16 2 12
14 2 10
13 0 8
16 2 9
17 3 10
13 5 9
15 3 9
14 2 7
12 3 4
8 4 6
11 7 3
9 10 7
9 6 5
12 6 6
15 5 2
15 8 2
14 9 0
14 5 1
15 1 3
13 4 3
11 0 7
13 2 5
13 1 2
10 2 2
8 1 1
8 2 4
11 5 7
12 2 5
14 1 2
15 1 4
18 2 7
18 1 9
21 2 10
25 2 11
26 4 12
28 6 10
28 2 11
32 3 8
35 4 4
37 5 3
41 4 5
45 7 3
47 10 4
47 10 0
47 12 2
51 8 3
48 8 4
49 7 6
51 3 4
53 1 6
51 3 4
54 5 2
58 6 4
55 7 3
51 8 2
53 11 5
56 8 2
54 8 5
53 11 6
53 15 10
55 14 9
53 18 13
50 14 9
47 16 11
47 18 11
51 14 15
55 12 14
52 13 16
48 13 12
44 11 15
44 14 12
45 18 12
49 18 15
45 17 17
43 20 14
46 24 11
49 24 8
48 21 5
50 19 4
53 18 4
49 16 8
50 17 8
53 16 7
57 15 5
57 15 4
60 18 4
62 22 0
64 24 2
66 21 6
69 20 6
66 20 10
67 17 12
67 15 9
67 18 6
67 22 8
66 23 10
65 27 8
66 31 6
70 30 2
67 29 4
69 27 6
68 28 6
64 26 5
61 24 6
65 26 9
63 25 10
65 25 11
61 21 12
62 21 9
60 24 7
58 24 5
58 27 2
62 27 1
62 23 1
63 27 0
66 29 3
64 27 6
64 26 4
61 25 3
65 29 3
63 26 2
62 24 1
65 20 0
65 24 2
65 23 4
69 22 7
69 20 3
69 21 4
71 21 1
72 24 0
69 22 3
65 25 6
63 26 10
66 22 14
66 25 10
63 25 8
67 29 6
66 27 6
62 27 9
64 24 12
61 20 9
64 18 10
60 15 8
60 19 11
62 18 13
64 14 14
66 13 18
63 12 14
61 9 11
59 11 10
58 14 9
56 18 8
58 19 9
58 18 12
55 15 10
51 19 9
52 23 13
51 20 10
53 17 8
53 19 11
49 23 7
45 20 4
44 21 0
43 21 3
39 19 6
43 21 7
46 21 10
43 25 12
46 21 10
48 25 10
49 25 6
47 22 4
51 19 4
47 22 2
48 25 2
45 26 1
45 28 3
49 26 6
50 29 8
49 30 10
52 29 9
54 31 10
50 32 6
48 33 5
46 32 5
43 30 2
46 30 2
42 30 2
41 32 1
37 30 5
33 28 7
31 26 5
31 30 9
31 29 9
30 33 13
33 35 14
32 31 14
32 30 18
32 34 17
33 30 17
34 28 13
35 30 13
38 34 17
41 37 13
42 33 17
39 34 21
35 38 21
39 41 22
43 39 21
39 43 19
39 45 16
40 41 19
41 45 23
44 47 23
46 51 21
46 51 25
44 48 26
44 52 26
46 51 29
42 47 30
39 43 31
41 40 31
41 41 28
42 42 29
39 38 28
40 38 24
42 38 24
41 36 23
41 32 26
43 29 22
43 26 26
46 22 23
45 24 21
46 23 17
49 23 13
50 27 10
47 29 9
47 31 12
43 27 9
45 30 6
43 29 4
44 32 0
40 35 2
40 34 3
44 32 4
42 35 3
43 36 2
43 36 0
44 40 2
47 43 5
44 42 1
47 45 5
47 44 4
49 40 4
51 43 0
47 41 3
48 38 4
45 42 6
49 45 7
45 45 7
48 44 9
46 43 9
47 39 11
50 36 15
51 34 18
47 31 21
45 30 18
48 34 20
49 35 22
49 33 24
50 36 24
52 36 20
55 35 18
54 33 16
53 36 17
52 33 15
55 32 13
59 33 12
60 31 8
63 34 9
66 30 12
69 31 16
70 34 14
73 31 17
69 33 18
67 29 18
64 27 15
61 27 13
58 23 15
55 26 15
51 28 16
49 32 19
48 29 22
49 25 24
53 21 28
55 23 32
58 24 29
62 27 25
58 28 25
61 28 29
60 30 31
64 32 28
61 30 25
61 29 29
63 25 32
63 26 28
60 22 28
62 26 25
65 29 21
64 31 18
67 35 15
71 32 14
72 29 14
71 26 17
69 29 20
70 28 16
67 24 18
63 23 14
59 25 16
55 21 17
56 25 14
54 25 11
55 27 11
51 24 10
52 26 12
51 22 14
52 23 16
53 22 20
51 20 23
52 18 20
55 21 20
57 17 17
61 14 14
64 14 11
68 15 7
69 19 5
69 18 5
69 19 6
71 23 5
74 27 6
73 24 6
72 21 2
76 23 1
79 22 4
75 19 6
76 23 9
80 27 10
78 29 7
78 32 10
82 31 9
80 35 6
81 39 6
85 35 6
87 34 8
91 32 10
93 34 10
89 37 12
85 34 13
81 38 16
82 34 17
86 37 20
86 35 21
84 35 17
82 39 20
84 35 20
86 35 23
89 39 27
92 36 28
93 34 31
94 31 29
90 31 26
86 32 28
83 31 25
85 27 25
87 23 27
91 24 24
95 25 26
94 22 27
91 21 29
88 24 27
85 26 27
86 29 26
88 26 23
89 30 27
87 32 28
84 29 28
83 30 28
85 28 31
83 24 30
83 24 34
86 24 35
83 26 32
79 25 28
83 27 25
82 27 22
79 28 24
75 24 24
77 24 23
74 21 23
77 24 25
81 20 24
82 24 26
83 24 23
79 27 22
75 23 19
74 19 18
72 23 22
68 27 19
66 25 18
62 25 22
59 21 18
63 17 18
62 13 16
60 16 16
64 19 14
63 19 11
66 21 10
67 23 8
70 25 12
70 25 16
74 23 15
74 19 17
75 15 13
74 18 9
70 22 12
73 22 16
70 18 15
70 18 17
73 18 19
74 19 21
74 19 22
72 21 26
68 21 30
65 23 31
65 26 34
63 24 30
60 22 28
57 26 27
54 25 25
52 27 28
50 28 28
46 28 32
44 32 35
46 28 31
44 24 27
43 26 30
47 25 33
45 22 29
42 24 29
44 21 26
47 23 30
48 26 30
46 24 28
43 22 29
46 24 29
44 26 32
45 29 36
48 31 39
46 35 39
43 36 37
46 37 34
48 38 35
45 38 33
45 39 30
44 37 34
45 39 37
47 39 37
50 41 33
54 42 30
56 39 32
60 36 30
59 33 31
62 32 29
64 34 27
64 34 24
68 35 23
71 38 22
70 40 18
72 39 16
75 38 19
79 34 16
80 37 20
77 37 18
80 36 21
79 36 19
79 33 17
78 33 14
76 32 10
78 31 10
76 29 12
79 26 16
82 25 16
81 21 14
80 24 18
78 24 18
74 22 19
75 23 20
72 23 22
76 21 24
73 20 23
75 21 19
71 20 17
68 23 19
68 25 20
70 23 22
66 23 22
67 25 19
70 26 21
70 26 19
69 28 23
71 28 23
67 29 23
71 29 19
68 25 15
69 26 12
67 24 11
67 24 11
65 26 8
62 24 9
60 28 11
61 28 10
57 28 6
60 25 8
60 22 6
58 20 8
54 24 11
53 23 13
51 25 10
47 22 12
49 18 8
46 21 9
46 23 8
45 20 6
45 20 2
45 21 5
42 22 2
38 24 2
36 26 5
35 27 1
38 29 2
38 30 6
39 28 4
40 30 0
37 33 2
35 37 2
32 35 6
33 32 4
37 36 7
37 35 10
38 34 11
38 38 13
37 36 10
37 34 12
35 33 16
37 33 12
33 34 14
36 36 16
32 37 12
35 33 16
35 31 16
31 28 16
28 31 19
27 27 23
27 24 25
31 21 23
34 20 23
38 23 23
34 19 21
37 16 23
36 17 25
33 20 22
36 24 25
39 27 26
41 23 30
40 23 28
39 19 24
39 16 28
40 19 27
39 17 26
38 13 24
37 17 22
40 18 24
39 18 27
38 17 30
36 13 26
36 13 25
33 11 22
35 9 19
39 8 23
36 9 23
33 12 21
33 11 24
34 13 27
35 16 23
31 18 23
32 20 27
28 20 26
28 20 28
28 18 24
25 19 24
24 17 22
26 18 26
26 14 27
25 18 26
23 21 24
21 17 20
17 18 22
20 19 23
23 16 26
26 19 27
27 21 29
25 19 33
29 16 34
30 17 34
30 13 33
30 10 32
32 13 30
33 13 34
32 10 36
31 14 37
28 17 34
31 20 32
30 17 36
26 18 39
22 16 37
18 18 33
21 16 37
20 19 41
16 20 38
13 23 38
12 24 42
12 22 40
14 20 40
16 17 36
12 17 33
14 14 34
18 13 31
16 12 30
20 10 31
20 8 27
17 8 24
14 10 26
16 11 28
18 9 24
20 13 25
21 13 28
22 13 25
21 10 21
19 9 22
19 8 19
23 6 21
21 7 19
17 10 15
16 9 14
13 5 16
16 5 18
17 3 20
18 2 20
16 1 20
18 1 18
18 0 16
15 2 18
17 6 22
14 7 23
13 5 23
17 7 24
13 10 25
9 6 25
8 2 26
7 3 27
7 0 27
6 2 27
8 0 26
9 2 24
7 0 24
5 3 23
8 5 25
8 3 25
12 6 25
8 5 24
5 4 25
4 7 21
0 6 23
0 9 20
2 7 23
1 4 23
2 5 20
2 2 19
2 2 17
3 4 13
6 1 17
10 5 18
8 2 19
4 0 17
0 2 20
2 2 17
0 0 19
2 2 23
6 6 20
9 9 22
13 9 21
17 6 17
20 5 13
18 5 17
20 1 18
21 2 21
21 0 19
22 2 17
23 2 19
22 2 20
23 2 17
23 2 17
26 6 21
29 4 25
25 7 29
24 7 32
23 11 31
21 14 28
18 18 30
21 19 34
25 22 33
26 25 32
26 28 28
23 27 30
20 29 27
16 28 28
20 25 27
22 27 27
23 30 29
22 31 25
26 28 28
22 24 24
18 25 27
21 24 31
19 26 28
22 23 27
19 19 23
17 15 25
20 12 27
16 9 27
12 6 25
14 3 25
17 5 24
20 5 28
21 8 25
20 5 22
18 7 18
22 7 14
26 11 12
29 9 8
25 5 9
21 5 5
25 8 7
29 8 11
31 11 11
34 9 9
31 8 10
29 10 10
29 10 13
26 11 14
30 11 16
33 7 17
32 6 13
32 8 12
28 8 16
31 6 13
31 5 11
34 9 10
34 13 12
32 16 14
29 19 12
32 21 14
33 19 11
37 17 11
35 17 8
33 15 9
36 14 8
33 18 11
37 20 13
33 17 17
35 20 13
37 16 9
39 20 5
38 19 6
35 17 4
31 20 4
28 24 2
28 23 2
25 21 1
26 23 2
26 27 2
30 31 0
28 27 1
26 31 2
27 27 2
28 31 5
29 27 4
27 25 5
23 28 1
20 29 2
23 26 3
20 30 3
16 26 3
17 24 2
18 25 2
14 21 5
15 24 8
12 22 9
14 18 12
15 19 11
13 19 8
17 17 5
21 15 2
25 15 1
24 12 5
26 16 3
23 19 2
25 18 6
24 15 4
21 14 3
19 11 7
18 14 5
19 15 4
17 11 1
21 12 4
23 14 4
25 11 5
24 9 9
28 7 10
25 4 12
27 6 15
30 6 11
27 2 12
29 5 13
26 1 16
22 2 12
23 0 9
22 3 12
19 6 11
16 3 8
13 2 11
12 2 14
15 2 18
17 2 15
16 3 15
19 1 16
23 0 12
20 1 13
19 5 16
21 4 15
22 5 14
25 3 11
27 2 9
25 1 13
23 1 9
19 4 8
23 8 11
24 6 7
27 5 11
28 3 15
29 2 17
31 2 21
30 2 21
33 3 21
35 1 23
32 2 21
36 2 19
35 2 23
33 2 27
31 2 31
35 2 35
32 2 31
33 2 33
34 3 35
37 7 31
36 4 34
40 1 34
43 2 35
42 2 31
42 3 33
43 4 36
45 2 40
47 5 43
45 7 39
49 6 38
48 2 41
52 0 43
56 2 41
53 1 43
57 2 47
56 6 50
55 9 50
53 9 54
53 11 53
55 15 55
52 11 54
50 12 50
47 15 46
49 16 46
52 18 42
54 22 40
54 24 43
57 25 44
55 29 41
55 31 40
52 29 36
50 29 34
50 28 38
48 27 37
50 31 40
46 35 37
46 31 33
50 27 37
54 27 39
54 31 39
57 28 40
55 26 37
51 30 33
49 30 31
45 29 29
45 33 29
41 32 30
43 29 27
43 31 31
46 32 35
46 28 39
46 27 39
50 25 41
48 21 45
44 21 49
45 20 47
49 16 44
46 16 40
47 15 39
51 13 43
52 13 40
55 12 44
51 12 48
54 15 47
50 14 47
54 12 47
53 16 50
53 13 48
57 17 52
61 14 50
57 10 50
59 11 54
63 7 56
67 7 54
68 10 54
66 9 54
62 13 55
61 10 51
58 10 51
62 9 47
58 6 51
57 2 49
57 5 47
53 5 49
50 3 53
54 0 50
50 2 52
53 0 48
54 2 50
52 5 54
50 5 50
49 5 50
47 1 50
44 0 49
46 4 47
48 4 45
52 2 48
50 1 49
49 2 45
53 2 42
51 2 39
53 3 40
51 2 43
51 2 43
54 0 44
58 1 44
56 3 40
55 6 41
53 3 42
53 3 46
51 2 45
52 2 42
53 2 41
57 2 41
53 4 37
55 6 39
59 9 35
62 13 33
66 11 32
70 14 32
66 11 28
65 11 28
64 14 31
61 15 34
61 11 37
62 14 40
63 12 36
60 16 38
59 19 40
59 19 43
57 17 46
61 19 45
63 19 47
59 19 51
56 19 52
53 23 54
53 25 50
57 22 53
57 20 49
61 19 51
63 20 52
66 17 48
62 17 47
66 21 45
70 17 42
72 19 40
68 23 36
69 20 35
66 16 37
62 19 39
66 18 36
67 15 39
64 19 41
62 19 38
58 21 40
61 23 41
62 23 42
65 24 38
65 24 42
64 27 45
60 29 44
60 33 40
56 33 42
56 29 41
56 31 41
58 30 43
61 29 41
60 27 41
64 28 41
63 30 45
62 33 48
58 34 45
58 32 43
56 36 47
52 37 44
52 35 48
52 32 44
56 29 45
56 25 45
59 24 47
63 22 49
66 20 50
63 23 52
65 19 53
62 22 52
66 26 54
65 27 53
68 27 56
66 31 58
62 32 54
60 35 50
64 36 54
66 33 55
69 34 52
67 38 53
68 38 50
68 34 47
65 31 46
64 33 48
61 32 44
57 36 48
56 36 49
60 32 45
62 31 41
59 30 38
57 29 38
55 30 40
51 30 36
50 33 37
47 36 40
45 34 39
49 35 36
53 33 40
49 34 39
47 30 42
44 28 38
44 26 36
43 22 37
40 25 39
44 25 35
42 27 37
40 29 33
39 26 31
37 29 30
41 33 33
45 34 30
48 33 31
46 36 29
48 33 26
48 37 22
45 33 21
42 29 25
43 32 23
39 33 24
42 36 28
43 39 29
42 38 33
43 42 30
46 38 28
42 34 30
46 35 28
50 35 28
54 39 28
56 37 31
58 40 32
62 42 36
58 46 36
58 48 39
62 44 40
60 46 44
64 45 41
62 43 42
62 39 45
63 42 49
61 42 52
60 45 52
64 48 55
65 46 59
62 46 63
63 45 67
60 48 67
62 47 69
60 51 70
63 53 73
67 49 72
65 51 68
66 49 68
62 47 68
59 46 69
63 50 71
66 52 68
62 56 69
64 59 70
60 62 68
56 59 64
60 59 65
57 63 61
56 61 64
60 65 61
62 69 58
65 69 55
67 73 56
64 69 59
63 71 60
61 69 57
61 67 56
61 65 60
60 67 60
57 64 63
55 68 62
58 71 60
57 69 61
60 68 65
63 64 67
61 65 66
62 64 68
59 62 64
58 61 64
55 63 60
56 60 64
60 56 64
58 52 62
57 53 62
54 55 66
58 52 65
55 53 67
57 51 67
53 55 66
54 51 65
52 50 69
51 54 72
55 50 69
51 53 67
48 56 63
45 59 65
44 61 63
43 59 60
46 59 58
44 59 54
46 55 58
45 56 56
46 52 59
48 54 57
50 50 55
52 46 55
48 43 53
50 44 56
51 43 58
51 42 61
52 39 59
54 38 63
51 38 65
49 35 63
47 38 65
51 41 67
49 38 70
46 42 70
49 40 70
45 39 68
41 43 67
40 45 70
36 47 73
34 46 70
31 45 69
35 45 71
34 43 67
37 47 64
36 46 60
40 43 60
37 46 59
35 44 59
34 45 62
34 44 62
32 46 60
29 50 57
26 46 54
23 48 58
26 48 58
22 52 61
23 54 57
24 54 53
21 58 49
25 62 47
27 59 46
29 55 46
32 55 42
28 54 43
29 52 45
32 53 41
30 56 43
31 57 43
31 58 46
27 58 42
30 59 41
33 62 44
34 65 44
38 61 43
40 63 40
38 61 43
40 64 43
42 64 40
38 67 39
42 71 36
40 69 36
38 69 36
38 71 39
42 69 36
44 73 34
41 74 35
41 70 35
37 71 31
33 69 31
35 73 33
32 69 29
35 70 28
37 72 31
41 74 33
42 74 30
46 76 32
46 78 29
45 75 25
41 72 29
45 72 28
43 70 31
45 70 31
48 67 31
48 67 33
47 64 34
49 66 38
47 67 39
43 71 42
39 67 44
37 70 40
34 72 37
32 68 40
36 70 38
35 68 35
32 65 31
29 69 27
27 67 29
24 67 25
21 69 24
24 73 27
20 73 28
16 71 32
16 70 33
13 66 36
17 65 32
18 68 33
16 64 37
12 67 37
12 66 38
13 68 36
10 70 36
13 67 35
9 69 38
5 71 36
9 74 35
12 76 34
13 77 32
12 78 35
8 76 39
5 73 37
8 76 36
5 75 38
5 79 41
2 75 41
4 78 40
8 81 44
8 81 45
10 78 49
13 82 47
13 86 45
15 83 42
14 84 46
15 88 42
15 91 44
14 93 48
17 95 50
18 92 49
14 91 53
10 94 51
9 97 52
13 100 54
17 101 54
14 98 53
18 97 55
14 95 56
10 92 57
8 94 58
5 95 60
1 97 61
2 101 65
6 98 68
2 95 68
2 92 70
1 92 74
5 90 78
6 92 80
4 90 84
1 87 83
2 84 85
2 81 87
2 81 89
2 85 87
1 84 84
2 88 83
2 89 79
4 93 83
0 91 80
1 90 80
2 93 82
3 91 84
3 94 82
3 91 84
7 94 81
10 97 77
7 101 76
7 101 78
3 99 78
2 96 74
1 94 77
2 93 81
1 95 78
2 98 75
6 94 72
2 90 71
1 87 69
0 85 69
2 89 69
1 88 70
5 86 72
9 85 72
10 87 72
10 88 70
14 86 68
11 86 72
14 82 72
17 78 73
18 81 71
16 83 70
20 85 72
24 87 69
27 91 65
25 93 63
28 89 65
31 88 68
34 85 71
37 89 67
39 93 63
39 94 61
35 93 58
38 94 57
36 98 58
39 95 56
42 93 58
44 94 56
45 91 60
47 90 58
48 93 61
45 91 65
42 94 62
40 98 58
42 98 55
44 102 56
43 103 59
42 103 59
42 106 59
44 105 61
40 109 60
42 110 56
40 107 56
42 109 52
41 111 53
40 107 53
36 110 57
40 114 56
36 112 53
39 108 56
35 105 60
34 109 56
35 105 58
37 102 60
39 101 63
38 104 65
41 106 69
45 105 68
48 109 67
45 108 64
42 108 62
42 107 60
42 105 64
41 102 67
39 106 71
37 105 68
36 107 65
40 111 65
40 108 68
44 106 66
45 109 66
45 113 67
43 117 66
47 120 68
51 124 72
53 127 70
49 131 68
53 135 72
53 134 76
57 130 75
60 131 77
62 131 77
60 135 80
62 132 77
61 130 81
57 129 80
61 131 79
62 130 81
63 129 78
64 125 76
67 128 79
71 127 76
67 128 79
63 128 79
59 124 76
57 126 74
59 123 71
59 127 69
62 130 70
58 127 67
58 126 67
55 129 71
51 133 71
52 132 70
52 131 70
48 131 71
47 134 74
43 133 71
41 135 70
37 133 69
41 131 69
45 134 68
48 135 68
51 139 66
47 141 63
51 145 60
51 149 56
49 147 57
49 151 53
47 155 55
47 158 53
49 162 52
50 161 54
48 158 51
45 158 51
45 160 54
46 156 56
50 153 53
49 149 55
45 145 51
47 145 52
51 144 53
53 144 55
57 147 54
60 150 57
64 147 61
66 145 65
70 142 66
72 141 68
68 138 72
64 142 70
67 143 67
64 147 63
62 149 61
65 146 63
69 145 59
71 145 59
69 142 60
73 138 62
72 135 63
75 137 66
77 140 65
74 142 67
70 146 68
71 148 68
67 152 64
65 156 61
68 156 64
72 154 64
75 153 60
79 155 60
81 156 58
81 157 61
85 161 65
88 160 66
85 158 62
89 161 62
90 159 62
91 163 60
91 162 64
93 163 64
92 163 63
95 160 61
91 164 61
94 166 64
90 163 67
91 159 71
95 156 71
91 159 70
95 160 70
96 163 70
100 165 74
98 165 70
102 162 70
105 160 70
101 164 74
97 161 72
99 159 68
103 160 65
101 159 62
101 155 61
97 159 64
93 155 65
95 154 63
99 153 59
95 152 58
96 151 58
96 151 59
92 152 63
92 149 64
94 147 67
97 145 66
101 144 68
105 148 68
104 149 72
102 147 71
103 149 71
106 148 67
107 149 66
111 149 64
112 151 64
111 148 65
110 152 61
112 149 59
111 145 59
113 146 56
115 148 53
113 146 56
112 143 57
115 143 59
115 146 63
113 149 59
116 149 58
118 150 59
116 148 56
114 148 60
117 150 58
118 148 55
120 147 54
119 146 50
122 142 52
121 140 55
118 144 58
120 147 58
117 151 57
120 153 61
117 152 59
118 148 56
115 147 58
116 143 54
116 143 56
118 140 56
118 144 58
118 141 59
117 145 60
115 147 63
114 151 59
113 147 63
111 145 60
109 141 64
106 144 67
104 144 65
101 144 65
98 143 66
97 144 64
95 141 63
94 137 61
93 135 65
89 139 65
92 138 66
90 134 70
86 134 70
87 132 74
90 136 75
89 133 73
87 133 71
87 131 73
88 128 69
89 127 72
86 131 71
87 128 70
89 128 73
90 124 73
90 128 75
89 124 77
88 128 73
92 130 74
90 128 78
94 125 81
97 126 79
101 125 82
102 121 83
102 125 83
101 122 83
105 126 84
103 129 81
107 125 81
108 124 77
110 122 74
110 122 71
107 124 74
104 121 70
103 119 66
105 119 62
108 116 61
105 119 65
106 115 62
103 112 61
105 112 58
105 112 57
101 112 57
97 110 58
96 110 62
95 106 61
92 103 59
95 100 55
95 97 57
99 98 60
95 94 63
92 97 67
95 93 63
98 90 59
100 87 56
98 84 57
101 85 57
99 89 58
96 87 57
92 90 61
90 90 57
94 92 55
96 91 59
93 92 56
92 88 60
93 92 59
95 88 59
97 91 63
94 87 62
97 90 66
95 88 65
97 88 63
99 92 62
96 91 61
93 95 65
93 96 63
97 96 67
101 94 66
105 95 65
102 96 63
99 95 65
96 98 63
92 100 64
95 96 63
96 95 66
92 91 64
96 87 68
96 84 64
97 84 64
99 86 66
96 85 64
93 83 63
97 80 60
100 81 56
98 79 60
100 75 61
101 78 61
99 74 59
102 76 56
103 75 53
104 79 54
106 82 52
104 81 55
108 82 52
109 83 55
105 86 59
103 89 61
107 90 58
108 90 55
110 91 58
112 89 59
110 87 63
110 86 67
109 82 70
107 86 68
104 87 67
100 89 66
96 91 62
99 89 65
96 90 65
95 89 66
99 91 62
98 89 63
99 91 59
103 90 56
106 92 60
106 96 60
108 96 63
110 94 60
113 98 59
110 96 56
114 96 54
114 98 55
111 94 52
112 90 53
111 87 49
112 83 49
113 87 50
113 89 54
113 88 53
109 84 54
106 85 57
106 87 53
102 88 54
103 85 58
101 83 60
104 87 56
103 89 57
103 93 60
103 96 57
101 94 60
100 97 62
101 97 66
105 98 69
107 96 70
108 95 73
106 94 71
107 92 69
107 93 65
104 94 67
107 98 70
106 95 74
104 91 74
107 92 72
105 92 68
106 88 66
106 91 67
109 87 66
108 91 65
106 91 65
110 89 68
113 86 68
109 85 68
111 81 72
111 85 70
107 87 68
109 86 67
111 88 65
110 89 65
111 90 64
112 90 65
108 93 66
108 96 68
111 97 64
113 99 65
117 102 66
113 104 68
109 100 72
111 98 68
108 95 68
109 97 66
106 100 67
108 102 71
112 106 70
111 107 70
108 110 69
106 108 67
110 110 70
110 107 74
107 107 75
109 106 77
112 102 73
115 101 76
118 101 74
117 102 78
121 101 78
120 101 79
124 99 77
127 97 74
128 100 71
128 104 75
129 103 79
127 106 80
128 110 83
124 112 81
120 109 80
119 113 81
116 117 85
117 121 88
121 120 91
119 122 91
123 125 95
123 129 95
123 125 94
121 124 94
118 126 91
120 126 95
118 123 96
114 123 99
117 124 103
116 125 99
112 127 102
108 124 102
108 121 105
108 122 107
111 122 111
110 118 111
106 116 114
105 120 118
105 120 119
109 120 116
111 118 114
108 120 118
108 123 121
110 123 118
107 123 115
109 119 115
108 120 117
111 116 121
109 119 123
112 119 124
115 116 126
113 114 130
110 117 129
109 113 133
109 116 133
110 114 133
106 114 136
110 111 133
109 113 133
111 115 132
114 118 133
117 118 129
115 118 129
118 120 127
122 124 123
122 123 123
124 121 125
123 117 129
121 118 131
124 114 129
127 115 126
129 119 126
128 120 128
130 122 131
132 122 127
128 123 124
130 125 122
129 127 126
131 130 122
128 128 126
130 127 128
129 129 129
126 129 126
129 128 122
133 128 126
136 129 126
139 132 122
135 131 123
134 132 122
132 133 123
130 133 119
128 132 116
125 130 113
127 130 115
130 134 113
132 136 115
135 133 118
132 137 118
134 137 117
138 139 120
135 137 121
133 140 119
134 139 122
130 142 120
127 142 120
124 146 121
126 144 123
124 148 122
120 147 121
118 145 122
114 148 126
110 150 130
108 152 134
104 153 130
105 151 126
105 147 124
105 150 125
105 152 127
101 150 128
98 150 129
100 154 131
100 150 131
98 148 134
102 150 130
102 154 130
100 151 129
103 154 130
100 157 127
97 159 124
99 157 121
98 158 118
99 156 122
96 158 121
94 162 125
91 164 129
87 163 125
88 166 127
92 162 126
95 164 128
92 161 130
95 165 132
94 162 131
93 160 128
91 163 129
95 161 131
97 163 130
99 160 134
103 161 138
99 164 137
95 160 137
93 157 139
93 158 142
89 162 140
91 160 140
90 158 143
86 159 139
86 162 138
87 166 141
85 163 139
83 161 143
86 160 145
86 164 141
90 168 145
91 169 144
90 170 140
93 168 140
93 171 141
93 167 144
92 166 148
94 170 147
97 174 143
97 176 144
98 172 148
100 168 146
99 171 148
96 172 148
99 173 151
97 177 155
101 176 157
100 172 161
97 172 157
100 170 160
102 167 160
100 169 161
102 165 162
106 166 161
107 167 158
105 171 160
102 170 163
98 170 161
102 174 161
104 175 164
107 178 168
107 176 164
104 177 162
101 181 163
98 179 167
102 175 166
106 173 163
106 173 167
110 169 168
108 170 165
111 167 169
109 164 172
109 161 173
109 164 173
112 162 174
113 162 172
109 160 169
108 156 173
105 157 169
103 161 167
104 165 169
107 169 171
110 166 175
112 163 175
110 163 175
112 162 172
111 162 170
107 163 173
109 166 177
107 169 177
107 167 174
105 166 178
101 170 174
97 166 174
101 164 176
102 168 173
106 167 172
103 168 169
104 165 170
100 167 169
102 171 165
105 172 166
107 174 162
111 176 162
115 173 165
115 176 169
115 174 172
119 172 176
119 174 174
122 172 173
123 169 176
127 172 176
131 172 175
131 170 173
132 168 177
130 169 178
131 171 174
135 172 174
139 173 172
136 173 170
140 170 170
137 174 171
140 174 174
143 173 177
139 176 173
141 176 169
139 175 167
140 175 171
142 178 174
140 182 176
139 184 177
143 180 174
139 179 172
139 181 169
139 182 170
139 184 174
142 181 171
145 177 171
147 180 169
150 177 169
146 180 168
144 179 165
148 175 163
149 175 161
149 177 162
148 173 165
146 175 163
146 175 167
147 177 171
151 174 175
149 175 176
151 177 172
150 181 172
147 185 171
147 189 167
147 186 165
144 187 166
142 186 164
146 186 163
145 188 167
149 184 167
148 183 171
149 181 172
152 178 171
151 180 169
151 183 168
148 180 165
144 180 166
144 181 169
141 180 170
137 182 166
134 180 169
135 178 172
131 174 172
134 177 170
138 173 166
136 172 166
133 176 162
134 180 162
131 176 165
128 176 164
130 175 161
126 173 157
126 172 157
128 170 158
127 170 157
125 167 155
121 166 152
118 168 155
114 168 152
115 166 155
117 169 151
113 170 153
114 174 150
113 175 149
111 177 152
107 178 155
104 175 151
107 177 149
105 181 149
102 182 146
98 183 143
94 183 142
94 183 145
98 183 147
100 185 151
98 182 148
95 179 148
99 178 151
99 179 153
103 179 150
106 179 152
103 179 156
106 175 160
102 176 163
99 173 167
95 176 164
97 176 160
94 172 164
94 174 168
92 175 165
92 174 168
96 174 169
100 178 169
100 182 173
96 178 177
92 182 179
96 179 183
95 183 185
97 182 186
96 181 187
97 179 185
95 178 182
93 178 184
97 180 187
101 178 186
102 174 189
102 175 191
103 179 194
100 183 192
100 181 196
97 180 193
94 183 196
91 180 199
93 177 201
94 175 197
96 179 200
98 181 196
96 179 198
100 178 195
102 179 195
105 181 192
102 179 191
101 179 188
100 179 190
96 183 186
100 185 190
104 182 194
105 178 191
101 179 194
102 179 194
99 179 191
98 177 189
102 179 190
102 182 192
105 185 196
101 183 200
97 183 196
97 182 195
98 179 198
98 182 202
95 185 205
96 186 209
100 188 205
103 184 204
101 181 208
99 177 209
97 179 210
97 180 214
97 179 215
100 180 216
98 184 216
94 186 213
93 185 216
93 186 213
89 189 212
87 185 214
91 184 215
88 185 219
87 184 217
84 183 213
87 180 211
89 176 214
93 180 215
89 176 213
93 179 212
91 181 209
89 182 210
88 181 209
91 182 209
88 181 207
90 179 208
93 176 211
94 175 215
98 176 217
96 180 214
98 176 216
102 175 218
105 175 217
105 172 216
103 169 217
106 166 214
108 163 218
108 159 218
108 160 219
109 159 222
110 162 221
112 166 219
113 163 223
109 161 226
113 160 230
114 163 230
114 162 230
113 163 226
113 166 222
110 162 223
108 166 222
104 168 224
100 164 220
97 162 224
98 161 222
99 164 222
98 160 223
94 158 222
96 155 220
96 157 217
98 157 213
94 154 216
90 154 217
89 154 215
92 151 218
91 147 222
90 143 225
91 144 222
87 144 226
86 146 225
83 144 229
87 145 225
85 141 229
87 137 226
86 139 224
85 136 225
86 140 224
85 144 224
87 146 220
90 147 222
88 143 226
90 140 230
91 137 232
90 134 229
86 133 231
84 136 235
87 135 232
88 134 234
88 132 238
85 131 242
82 129 239
82 133 243
81 135 246
80 135 250
83 132 253
81 131 249
81 131 253
79 129 250
83 133 252
87 133 249
84 134 248
85 136 250
89 134 246
92 133 250
95 132 248
95 134 251
98 131 254
94 130 251
90 128 254
87 132 256
86 130 254
89 127 251
91 130 254
95 132 253
95 135 251
98 138 255
95 139 253
95 140 256
99 143 256
100 147 260
96 148 264
97 147 265
99 148 266
102 145 269
103 146 266
99 147 265
97 146 269
98 142 268
99 140 265
101 139 261
101 138 259
100 141 260
102 138 259
105 139 262
104 143 258
103 147 256
100 144 254
102 144 255
106 146 256
108 144 260
105 141 258
102 143 260
105 144 256
108 141 255
107 137 255
107 135 259
105 135 262
108 132 261
112 132 261
109 135 259
108 134 256
109 131 256
110 135 252
106 133 251
105 133 253
106 135 252
107 136 256
111 139 258
115 141 255
115 141 257
115 143 254
112 140 253
111 140 254
113 144 251
114 143 248
116 141 247
119 138 249
115 138 246
117 134 245
118 135 246
122 138 250
122 135 251
126 137 252
128 133 255
131 129 252
134 132 254
138 131 254
136 127 251
139 130 249
143 127 249
142 130 248
146 133 252
147 136 248
147 139 250
150 138 247
154 138 248
151 134 249
153 135 245
149 139 247
150 137 248
153 136 244
150 135 240
150 135 241
154 132 241
157 133 242
158 131 243
161 134 246
165 131 248
168 130 245
166 132 242
170 133 238
168 131 239
166 128 243
163 127 246
161 124 249
165 124 247
161 122 243
160 125 246
160 121 242
164 122 239
166 121 237
170 123 238
174 119 242
176 121 244
172 120 243
168 120 246
172 117 248
173 116 252
172 116 249
176 115 248
173 114 252
169 115 253
169 117 256
170 116 252
174 116 248
170 113 245
172 109 241
169 107 238
167 107 234
169 108 231
165 106 227
169 106 230
169 110 230
165 113 232
169 115 230
169 112 230
169 112 232
172 112 232
171 116 233
167 120 236
169 122 232
168 120 233
172 119 230
172 117 229
170 113 233
171 115 231
174 119 228
175 122 229
173 126 232
170 128 229
166 130 231
165 133 230
161 136 229
163 137 231
159 135 228
159 137 225
159 136 223
163 136 225
161 139 228
162 143 232
166 139 228
162 142 224
158 142 224
161 140 222
158 142 220
156 140 224
159 139 222
157 136 219
154 137 220
157 135 223
160 138 220
158 135 222
154 139 223
155 139 224
155 139 226
151 143 223
154 141 223
153 143 223
154 140 223
158 142 221
159 143 217
161 143 213
162 146 213
160 143 213
158 139 215
158 141 215
160 145 218
159 141 220
157 137 222
160 140 222
163 137 224
159 139 224
161 143 223
159 141 226
163 141 228
159 141 226
158 138 229
154 134 229
158 133 225
160 137 229
164 137 229
163 140 226
160 138 227
164 142 225
167 141 222
171 137 223
170 135 222
166 134 220
166 133 218
163 132 220
166 129 217
163 131 215
160 128 218
160 130 222
160 134 223
162 132 219
165 135 222
164 137 220
163 135 216
160 133 212
162 135 214
162 133 215
166 132 215
162 130 216
161 132 213
159 128 211
159 132 214
159 135 214
161 133 212
161 132 212
162 129 208
162 133 205
160 129 205
161 131 209
157 135 210
160 138 212
161 136 208
162 136 211
161 136 207
165 134 210
165 135 210
161 131 212
162 131 216
162 134 215
160 138 211
164 138 210
160 142 211
157 142 209
155 138 211
152 141 215
155 138 214
156 139 218
154 141 221
157 142 222
158 145 225
159 143 226
155 140 223
154 143 221
156 147 217
153 146 221
149 148 223
150 149 221
149 151 224
153 155 222
151 159 224
149 156 221
150 153 222
154 151 223
151 152 219
149 152 217
148 154 213
144 151 217
147 150 215
144 153 214
148 149 210
152 151 213
154 149 211
155 152 214
159 155 210
157 152 211
161 156 214
163 160 213
160 156 213
156 154 213
157 154 216
160 158 213
160 162 210
158 164 212
156 165 210
157 161 211
156 159 210
154 158 214
153 155 215
154 157 219
156 160 220
156 163 222
155 164 223
158 162 223
157 162 225
158 160 224
159 163 226
162 165 230
162 165 233
161 168 230
159 164 226
156 168 229
157 164 232
161 164 231
157 166 229
156 165 226
155 163 222
151 159 219
149 156 217
151 152 220
154 154 222
153 150 223
152 146 219
150 143 219
150 141 218
149 145 219
148 143 219
145 145 223
141 145 222
143 146 220
147 144 217
145 144 217
142 144 214
139 144 213
135 146 215
134 145 219
138 147 223
137 148 224
136 146 228
136 146 227
136 143 227
137 146 229
136 146 228
133 150 230
131 149 229
129 149 226
129 153 229
131 156 233
134 160 232
134 157 230
133 157 227
131 154 224
134 151 225
130 155 227
131 152 227
130 154 226
131 151 227
128 150 231
127 154 229
126 152 232
129 152 231
129 153 228
132 155 228
132 153 227
132 152 224
128 150 222
128 152 222
130 156 222
132 157 224
135 155 224
138 156 225
139 157 226
136 155 226
136 156 222
140 155 218
144 154 222
147 153 222
143 155 218
142 153 215
142 149 214
138 146 210
139 144 212
136 141 213
134 143 210
133 145 209
131 148 212
135 152 209
134 149 209
132 149 212
132 153 210
128 156 210
128 152 210
128 153 213
127 154 209
125 158 208
128 161 208
126 158 206
124 155 205
120 156 201
118 155 205
119 151 201
120 147 198
116 144 201
115 144 203
111 141 199
109 141 202
109 143 202
109 141 198
105 142 202
101 142 203
105 143 201
103 145 205
107 143 209
110 142 207
108 139 206
112 142 209
116 140 208
117 143 208
120 145 205
124 142 205
125 141 201
125 144 198
129 140 195
132 143 199
131 142 199
127 140 202
130 142 201
129 146 205
133 145 208
131 149 207
134 146 206
135 146 207
132 148 205
131 149 205
132 148 206
134 151 205
136 154 202
135 153 205
139 153 201
135 149 205
136 145 203
139 146 204
140 145 205
138 145 205
135 149 206
135 149 208
131 146 206
127 147 202
128 144 200
129 143 203
132 143 201
131 146 201
127 150 197
126 154 198
123 152 200
124 148 198
127 149 198
128 150 198
125 148 194
128 151 190
124 153 186
124 157 186
126 158 186
127 154 190
131 153 186
135 151 187
137 150 190
140 154 191
141 155 194
141 153 198
138 157 197
142 156 200
140 156 198
136 154 197
138 154 193
134 154 197
138 152 199
140 150 196
141 151 196
145 153 192
145 155 190
142 157 194
139 157 194
135 161 193
131 163 195
133 167 198
130 168 198
131 164 198
133 168 202
131 167 201
133 167 204
130 169 204
131 165 207
130 167 207
126 170 205
124 169 209
123 171 208
125 168 209
123 165 209
120 166 208
119 168 211
115 172 215
113 171 213
113 169 213
112 166 210
111 162 207
114 163 203
112 162 201
113 161 200
110 164 204
109 166 201
112 169 200
112 165 202
113 167 199
111 167 196
108 164 199
106 165 196
103 164 194
103 163 191
101 162 195
102 166 193
103 162 189
102 163 188
103 164 190
101 161 190
97 161 190
97 158 193
100 155 194
103 156 196
