27 38 44
28 41 43
28 44 43
29 46 40
29 42 37
32 45 39
34 46 43
36 49 47
36 52 44
40 52 42
42 52 41
40 54 39
41 55 37
43 57 38
43 57 37
43 58 37
46 55 41
45 51 38
49 55 37
47 58 34
46 54 35
48 52 37
49 49 37
53 48 35
53 44 38
50 40 42
51 40 45
49 43 42
50 39 38
50 39 35
52 39 37
53 35 34
50 38 31
48 37 34
48 36 37
51 37 40
52 36 41
49 34 41
53 30 43
50 27 46
54 26 50
54 25 47
50 24 50
54 21 47
53 23 45
55 24 44
52 28 42
55 27 46
58 27 49
58 27 45
62 24 41
66 25 40
63 29 36
62 29 35
58 28 37
62 29 38
62 31 38
60 29 38
60 32 39
62 31 38
58 30 35
55 30 31
52 30 28
53 28 32
49 25 31
45 27 29
49 28 29
51 24 32
47 27 28
51 30 25
55 31 25
55 28 27
57 24 29
60 20 25
56 21 26
57 17 26
57 21 28
54 19 26
58 20 23
59 23 25
62 26 27
62 27 25
62 31 25
59 27 23
58 30 24
61 34 21
57 32 18
56 34 19
59 33 20
62 30 22
62 31 19
60 27 23
62 29 24
60 27 22
57 29 25
54 28 21
52 28 23
48 28 25
50 32 29
46 36 29
48 38 32
48 38 31
52 41 31
55 45 35
52 49 32
51 50 28
50 48 32
51 45 28
55 43 31
58 42 35
57 39 34
61 39 37
57 36 39
59 35 42
56 34 40
58 36 38
54 38 37
50 40 35
47 38 32
43 37 31
43 37 30
43 36 30
42 36 29
44 40 30
44 37 30
41 36 31
45 37 33
41 38 30
43 41 32
44 45 36
40 42 33
37 44 33
39 44 34
41 45 31
39 43 34
36 45 36
36 43 33
40 41 30
39 39 31
36 37 35
34 33 39
30 33 40
26 36 42
27 38 40
31 39 38
28 35 38
30 31 38
30 35 34
33 32 37
37 29 38
37 29 39
39 29 42
42 33 41
41 30 40
42 27 44
38 27 42
39 23 43
35 20 44
32 18 48
29 18 46
29 21 47
32 24 51
30 26 55
31 22 52
29 22 49
26 21 45
24 25 44
28 22 42
31 26 41
27 30 37
29 33 40
33 37 40
35 40 36
31 39 32
32 43 31
34 43 30
37 43 28
34 41 28
30 37 29
28 34 28
26 37 27
30 35 30
26 34 32
22 37 33
25 36 37
27 33 37
26 37 37
25 39 38
24 41 41
25 44 42
24 46 46
28 42 42
24 38 46
22 35 43
26 37 39
24 35 40
24 33 41
22 35 41
26 31 40
28 32 44
31 34 45
34 36 49
35 39 45
37 36 49
37 38 51
40 38 48
42 39 46
38 38 42
41 41 43
39 40 46
38 44 50
40 45 46
38 47 45
36 46 45
39 45 44
39 44 40
38 45 37
35 47 34
34 51 35
33 47 31
30 51 32
34 47 36
37 50 32
37 48 29
36 51 26
38 50 26
37 54 29
35 54 28
35 58 24
35 55 21
34 57 25
38 58 26
37 60 30
35 58 30
34 58 32
36 57 34
38 61 35
36 65 31
35 64 27
34 63 24
37 60 27
36 57 24
39 58 22
39 58 21
41 60 17
40 58 20
44 55 21
41 55 24
41 56 24
37 54 27
38 56 25
42 57 21
43 54 24
46 55 23
46 52 26
42 51 30
41 49 32
37 47 36
38 45 32
38 42 35
41 38 35
37 35 39
40 32 42
37 36 39
37 34 41
35 31 45
34 35 44
36 32 40
32 32 36
31 30 38
34 30 34
35 31 37
39 31 34
42 31 33
41 33 29
40 31 33
38 28 30
42 29 31
40 29 30
40 32 30
44 32 27
42 35 26
39 38 28
38 34 24
37 37 28
41 37 27
45 37 24
47 33 23
48 29 24
44 30 20
48 26 18
51 26 18
52 30 16
56 28 20
58 27 18
62 27 18
59 31 19
60 33 21
63 35 24
65 35 22
61 33 24
60 32 28
57 33 25
54 35 29
57 39 32
53 42 35
56 44 38
54 48 37
58 51 40
61 52 43
63 52 39
67 56 38
70 52 41
68 55 38
67 52 34
70 50 31
67 47 33
63 44 31
59 46 30
60 49 33
58 47 33
61 43 37
60 40 38
61 38 36
65 40 33
64 42 32
64 40 31
65 39 32
65 40 28
61 40 29
65 38 28
64 37 31
61 37 33
65 36 30
68 36 30
72 33 26
71 35 22
70 31 19
66 27 15
66 27 17
63 30 14
63 33 11
64 34 7
63 32 5
63 30 3
59 32 6
59 31 6
61 27 9
63 25 9
59 21 13
61 20 11
62 20 8
63 17 9
65 17 13
61 19 11
60 19 15
63 23 14
66 20 18
69 17 19
73 14 23
72 13 20
76 10 20
74 12 22
75 12 26
73 13 23
76 14 25
73 15 23
77 18 22
76 14 18
72 17 15
69 18 11
69 15 14
69 19 10
66 15 10
70 19 14
74 19 10
74 18 9
75 14 9
79 16 13
77 13 14
79 17 17
81 19 15
84 16 15
81 19 14
78 18 13
82 22 15
78 19 18
74 18 21
71 18 25
71 20 28
67 24 25
64 26 23
66 27 23
68 25 20
71 28 17
73 24 20
70 20 20
70 23 19
70 20 23
72 19 22
72 15 26
70 14 25
72 18 29
73 20 28
72 21 26
71 23 24
69 27 21
65 24 21
63 28 23
67 28 26
68 25 26
71 21 30
69 22 29
71 26 33
69 30 35
71 30 38
71 28 40
67 32 36
69 29 39
73 26 37
73 28 37
76 32 33
79 35 37
75 35 41
75 32 41
78 28 45
82 25 44
82 24 42
79 27 41
76 30 43
75 34 47
79 35 47
82 37 47
78 40 50
74 38 54
76 41 50
80 38 53
84 41 52
84 39 53
81 35 55
79 36 58
79 33 62
81 29 60
81 31 62
77 33 63
78 33 59
78 32 55
82 32 51
81 33 48
84 29 48
86 31 47
85 33 50
89 32 50
88 36 54
92 33 56
91 37 56
95 33 60
96 37 57
97 35 55
96 34 54
100 33 50
96 35 53
97 36 57
93 36 58
97 39 62
99 38 65
95 40 67
92 41 65
91 44 67
92 41 71
90 45 71
90 43 69
89 41 71
88 42 73
84 44 77
81 45 74
85 42 75
85 43 77
86 39 74
89 39 77
91 39 78
93 37 81
92 39 80
95 41 77
91 45 78
89 49 75
92 49 75
93 49 71
92 45 73
95 41 77
98 39 73
94 35 69
97 34 68
99 35 66
96 38 62
94 34 63
93 33 63
95 34 59
93 30 62
91 27 65
95 30 69
91 31 73
91 30 76
93 33 74
95 29 70
97 32 73
93 30 71
92 26 73
93 24 70
91 20 72
91 21 68
93 18 67
97 19 67
101 17 68
100 16 70
100 12 72
98 12 76
99 12 73
101 14 70
105 12 66
103 14 62
107 17 66
111 14 65
108 10 62
110 7 59
112 5 63
108 8 60
109 4 58
108 8 54
104 5 51
103 5 49
107 5 46
105 9 50
105 8 49
104 6 53
108 9 52
104 8 51
105 5 54
106 9 58
107 7 55
110 7 56
108 11 57
110 11 61
111 8 62
114 8 66
110 6 65
112 4 62
110 0 64
113 2 62
114 5 59
112 7 57
112 10 60
109 10 63
108 14 62
109 17 58
105 16 57
105 13 53
106 11 50
106 9 46
110 8 48
112 12 47
110 16 49
110 12 48
114 15 52
117 18 48
113 14 50
114 11 51
116 7 54
112 3 58
114 2 54
117 4 52
116 0 55
118 2 55
120 2 58
123 4 55
123 6 52
121 3 49
120 6 45
119 2 47
118 0 50
121 3 47
122 5 46
126 1 47
123 3 51
120 3 53
117 0 53
121 2 53
119 2 51
117 1 53
114 2 51
116 0 51
113 4 50
113 8 46
112 5 43
110 4 43
107 4 46
106 3 44
107 7 47
110 9 50
113 10 47
116 12 44
119 16 40
117 12 42
117 10 44
116 9 44
117 11 41
120 13 45
122 15 41
120 16 39
119 13 38
123 10 37
125 7 41
127 7 43
127 8 44
130 6 42
133 9 40
131 13 39
135 11 41
137 12 42
136 12 38
137 16 36
140 16 40
138 14 40
138 16 39
136 16 36
137 13 39
139 11 41
142 14 37
143 12 36
147 14 40
147 14 39
151 13 43
155 10 40
152 14 43
151 14 39
153 10 39
152 13 37
151 13 33
149 13 37
149 16 35
152 15 31
149 14 32
152 11 32
154 11 32
157 10 32
153 11 35
153 13 34
154 17 37
153 17 33
156 21 33
159 19 33
159 16 30
162 15 34
160 14 33
164 15 34
163 13 32
161 11 31
158 8 35
154 5 35
155 3 31
151 5 33
152 2 31
149 3 33
148 4 36
152 7 36
150 10 37
146 13 38
148 16 35
150 20 39
151 17 42
153 17 40
156 21 40
156 17 39
158 13 40
157 15 43
161 19 43
164 20 44
162 18 41
166 19 44
167 15 41
166 14 37
165 15 39
169 15 39
166 17 39
162 20 35
161 17 39
163 18 40
166 22 41
163 23 40
159 27 36
155 24 36
157 23 34
155 27 31
157 29 32
154 31 35
153 27 35
154 29 35
157 33 31
155 30 29
155 31 29
154 29 26
158 33 26
159 30 29
155 26 32
159 30 36
157 34 32
158 31 30
161 30 30
157 34 32
156 38 30
154 41 27
150 40 26
149 43 24
150 40 26
146 42 25
150 44 28
148 41 26
152 45 27
153 47 24
149 44 28
145 43 24
149 42 21
153 38 18
154 42 16
156 46 20
153 50 17
151 47 14
150 43 11
154 46 13
154 46 17
158 46 17
156 48 14
160 46 16
164 48 16
167 49 12
163 51 12
167 48 16
167 46 15
166 43 13
163 39 16
167 37 14
166 34 10
168 30 9
172 34 13
172 30 14
170 26 13
170 27 15
169 30 18
165 34 18
163 30 21
165 27 25
161 28 23
161 26 25
163 30 26
163 27 24
167 23 21
169 21 17
173 23 17
174 19 13
173 19 13
176 21 9
174 23 8
173 22 10
175 22 13
174 21 12
175 17 16
174 19 15
175 19 14
178 17 13
182 18 12
186 20 8
184 21 8
185 19 5
186 21 4
187 23 4
184 27 4
187 24 6
191 24 9
187 20 7
191 17 4
191 15 0
187 18 1
184 21 3
182 19 6
178 19 8
176 15 7
177 12 6
180 9 7
176 7 6
177 9 5
177 11 1
176 13 5
179 10 9
177 8 13
175 11 17
179 15 13
176 13 9
172 12 9
170 15 7
167 18 4
163 15 3
167 18 7
166 22 4
164 24 5
164 27 8
163 28 6
161 28 8
162 29 7
165 27 10
165 23 9
167 24 13
169 20 13
173 20 12
174 23 12
177 20 9
176 17 7
174 13 3
172 14 0
173 10 2
175 13 2
176 9 5
174 5 5
170 3 9
171 6 11
175 3 15
177 7 14
174 7 11
170 3 11
167 0 7
167 2 11
165 6 8
166 3 12
163 3 10
164 0 14
165 2 17
166 3 21
167 4 25
163 0 21
162 3 23
164 0 20
162 2 20
162 6 21
164 7 23
163 3 21
159 3 25
155 2 28
152 5 25
150 6 28
152 9 26
152 5 27
154 5 24
155 8 27
155 5 27
152 7 25
154 4 22
157 6 19
154 4 15
156 4 14
153 5 17
157 5 21
159 2 25
163 2 26
162 5 22
165 1 23
164 0 26
161 2 24
158 5 27
157 7 23
159 5 24
156 5 26
158 9 29
161 9 25
159 5 22
159 1 19
157 5 21
161 2 22
164 2 20
163 0 20
164 2 23
163 6 25
161 3 28
158 4 29
159 4 27
156 8 27
152 11 31
150 8 29
151 12 30
153 9 34
153 8 33
155 9 36
154 6 39
156 7 39
154 3 36
157 1 35
155 2 36
157 5 32
160 2 32
158 0 34
155 2 33
159 2 33
156 2 34
158 2 31
160 0 27
159 2 27
163 2 23
165 3 22
165 4 19
161 3 15
163 5 16
165 8 18
169 6 16
173 3 14
172 2 11
169 6 10
166 7 14
164 10 14
163 7 18
164 10 21
163 14 24
159 16 23
157 20 21
154 19 20
153 22 19
151 21 18
154 25 17
157 24 17
161 21 15
162 25 18
166 26 16
167 28 13
171 24 10
170 21 6
166 25 4
167 22 2
171 18 1
171 22 1
173 25 2
171 23 2
171 23 2
171 21 0
173 18 1
177 19 2
181 20 5
183 23 9
180 23 13
179 27 11
177 26 7
180 28 6
184 28 6
180 31 6
176 30 6
174 32 10
170 31 13
170 34 10
174 37 13
176 38 13
179 40 12
179 36 10
178 40 11
182 43 7
182 45 8
185 42 5
186 44 3
182 44 7
183 42 9
184 43 12
184 47 13
180 50 9
182 54 5
179 57 8
183 60 9
183 62 13
186 60 15
184 63 13
186 63 16
188 62 15
190 65 19
186 64 18
188 66 16
188 65 12
191 63 15
194 63 17
191 61 16
189 61 17
189 57 15
192 55 13
189 58 12
189 60 9
185 56 9
181 58 9
184 55 5
181 53 1
184 57 2
187 54 2
185 53 1
188 55 2
185 56 2
186 59 6
186 63 10
190 64 10
186 62 13
186 64 17
186 67 21
185 68 19
188 66 17
188 63 15
190 66 15
192 69 11
191 73 12
188 69 11
186 72 11
188 76 7
190 76 3
194 78 0
190 81 2
187 83 0
183 86 0
179 84 2
180 86 3
183 89 1
185 87 2
185 88 3
182 88 3
178 92 0
174 93 4
171 94 4
167 98 7
171 102 8
169 105 9
173 106 12
176 104 11
176 104 12
175 107 8
177 107 12
178 108 10
175 105 13
176 109 17
175 112 21
175 108 22
172 106 18
169 102 19
172 106 22
171 108 26
173 108 25
169 112 24
167 114 22
170 114 18
167 110 22
167 114 18
171 116 17
171 117 18
173 118 21
173 121 20
175 122 21
177 118 18
178 114 19
176 110 18
175 112 19
178 110 23
181 106 21
178 110 23
180 113 21
176 117 19
174 121 18
177 122 17
181 119 14
178 117 17
179 121 19
177 124 21
179 128 25
181 130 29
183 134 32
186 132 29
182 129 31
181 126 31
185 124 30
189 125 29
190 128 25
191 129 21
191 125 20
193 121 20
195 121 23
193 120 22
191 123 19
190 121 20
192 117 22
195 114 26
199 115 24
203 117 27
202 118 28
199 122 31
198 118 27
196 120 23
197 120 26
197 116 23
194 112 24
194 115 23
190 119 24
193 120 28
194 124 30
190 121 30
193 123 32
191 125 30
189 121 26
192 120 25
195 124 26
197 125 26
200 126 24
197 128 25
194 125 22
196 123 25
197 125 27
200 122 23
204 123 20
207 122 16
211 124 16
208 128 14
206 127 15
203 124 17
206 125 15
202 128 15
202 131 12
204 127 11
208 127 13
211 126 16
211 128 17
207 131 16
209 129 15
207 125 13
207 126 12
207 124 11
204 128 14
208 127 14
211 124 12
211 125 8
213 126 7
216 125 8
213 123 9
210 125 9
209 124 5
210 127 5
214 129 7
210 129 10
208 131 13
207 132 11
208 129 14
210 128 15
206 125 19
207 123 22
208 119 24
204 120 25
208 123 24
204 126 27
208 127 26
205 126 27
203 123 29
202 125 33
202 122 31
201 119 31
200 121 27
201 118 28
201 121 26
203 119 26
200 120 29
204 122 25
205 120 25
207 123 28
205 126 29
207 124 30
203 126 27
205 130 28
208 132 25
204 134 22
200 131 18
199 131 14
201 128 16
198 126 15
195 129 19
199 128 22
199 128 26
195 131 30
193 135 32
189 139 33
192 142 34
196 143 32
192 146 33
188 142 35
184 141 33
186 139 33
190 136 30
191 133 27
192 133 28
194 133 29
197 132 28
197 135 26
196 135 28
200 131 31
198 127 29
200 130 32
204 126 33
204 124 36
208 124 40
206 120 39
202 124 42
206 125 46
208 127 44
205 127 41
202 127 44
204 127 47
207 126 46
210 126 49
210 126 49
213 126 45
212 124 42
214 120 39
211 120 40
207 118 40
205 121 44
204 125 47
200 126 47
200 130 49
201 132 46
201 136 44
202 132 44
199 134 48
201 130 48
198 126 50
198 130 52
202 134 54
205 138 52
209 134 55
205 137 55
206 138 52
206 140 56
209 137 59
206 134 60
210 131 61
209 132 60
213 132 56
216 134 56
213 135 57
209 136 58
206 140 55
209 144 54
209 142 58
207 142 59
204 139 63
206 137 63
204 134 62
203 138 61
206 137 63
203 134 67
202 130 71
204 133 71
203 136 69
200 137 67
204 135 66
207 139 63
205 136 63
204 138 61
201 140 57
205 143 58
203 139 59
201 138 55
201 134 53
198 137 51
199 139 55
197 142 55
194 138 53
193 141 49
194 141 53
198 138 54
194 141 52
191 145 48
189 146 47
190 146 49
189 148 49
191 151 52
192 152 54
190 155 53
194 159 53
193 157 55
193 157 51
196 160 55
198 162 57
195 164 56
199 166 58
196 169 56
195 170 60
198 168 58
195 172 54
192 174 55
192 172 55
188 168 56
192 165 59
194 168 55
194 164 56
194 166 58
191 165 60
192 164 58
190 163 56
186 159 54
184 161 55
182 164 51
180 162 50
177 161 46
173 165 46
177 169 48
176 169 52
180 169 50
176 169 46
172 173 42
169 172 42
167 174 44
164 178 48
166 174 45
162 172 46
166 171 44
164 173 40
160 171 37
158 170 33
154 168 30
152 170 31
151 174 34
150 178 32
149 176 35
152 172 31
149 170 31
153 172 29
152 168 32
151 168 34
151 171 33
147 175 35
149 178 36
151 174 34
155 177 34
151 175 34
151 172 34
155 175 31
152 171 34
156 174 33
153 171 33
157 168 37
157 169 36
158 165 34
158 165 37
159 166 34
162 168 37
166 170 36
170 170 34
168 166 34
166 167 31
170 164 27
167 168 24
166 171 25
168 170 24
169 168 24
172 168 25
175 165 29
171 164 32
175 167 35
176 169 37
173 170 36
169 172 36
173 174 40
172 171 41
175 169 42
171 172 43
169 174 45
168 173 44
167 176 42
170 176 39
169 179 35
166 180 35
170 183 33
166 182 36
162 179 32
163 178 33
164 182 37
167 186 37
164 185 34
167 185 32
167 183 31
164 184 33
166 182 32
170 183 30
173 183 33
176 182 31
178 179 29
177 180 32
176 181 34
177 179 34
173 176 34
176 176 38
173 177 41
173 181 40
174 182 39
175 185 42
175 188 45
176 189 42
179 187 45
175 188 47
175 184 45
175 188 46
172 191 49
170 194 46
171 194 49
172 198 51
171 198 50
174 201 53
175 197 51
179 197 54
176 193 50
176 190 49
172 193 47
171 197 47
172 197 45
168 193 45
172 193 49
168 192 45
165 189 47
161 185 48
165 187 45
161 189 48
160 191 50
158 190 52
155 188 48
159 184 49
162 185 52
160 181 51
157 184 54
161 185 51
164 184 54
168 184 50
167 183 51
171 183 54
170 179 53
169 179 56
168 175 52
172 178 52
176 177 53
175 179 52
174 183 51
174 181 49
175 180 46
177 184 43
177 183 47
174 182 45
175 182 45
172 186 41
172 190 45
169 190 47
173 187 51
173 184 53
174 183 53
171 183 52
168 185 56
171 183 52
174 186 48
178 185 45
175 184 43
176 186 42
172 190 46
169 193 45
169 196 43
169 198 44
168 195 47
168 195 44
166 199 46
170 201 43
174 205 39
172 203 36
173 201 37
171 198 38
175 199 36
171 201 34
175 201 35
176 199 35
175 196 36
179 199 40
179 196 36
177 194 32
175 194 28
175 194 24
179 194 20
179 191 16
181 191 16
185 192 13
185 190 17
188 194 21
188 191 21
191 195 19
195 196 21
198 195 20
200 195 21
199 199 25
196 196 25
195 194 27
197 193 25
199 192 22
195 195 26
191 197 23
190 197 19
190 198 19
187 199 22
185 198 24
188 201 20
186 198 18
186 201 20
190 204 21
191 200 23
191 202 22
190 204 26
186 208 27
186 208 26
184 207 26
180 206 28
180 209 26
183 207 27
180 207 29
177 206 31
181 202 33
179 199 29
181 195 28
184 199 26
180 197 25
183 194 24
179 195 27
181 192 25
183 193 26
182 191 30
185 193 28
184 190 32
181 194 31
178 192 33
176 188 32
176 190 36
174 190 35
177 194 35
177 197 37
178 199 34
182 203 34
186 200 30
183 203 31
179 199 33
180 203 36
177 206 34
181 205 38
181 202 39
182 205 35
185 207 32
187 203 36
188 203 37
184 199 33
185 195 36
183 196 35
185 194 37
188 195 39
188 194 43
187 196 47
183 196 45
183 196 44
179 197 46
175 193 48
176 195 48
178 196 46
176 194 44
180 196 41
184 197 43
186 195 46
183 195 42
180 193 40
180 192 41
177 189 39
176 186 35
178 187 33
182 189 29
179 189 27
180 186 29
181 189 32
179 189 32
176 193 33
180 194 35
181 193 36
181 192 36
179 189 38
175 190 41
172 190 37
170 186 39
167 182 43
168 180 41
165 182 37
169 185 36
169 185 34
173 183 30
169 183 30
166 182 33
167 185 35
165 182 35
169 181 38
172 183 35
174 183 36
170 179 38
172 178 39
171 180 41
175 176 44
173 177 47
176 173 48
178 171 51
180 171 49
177 175 49
179 173 53
181 171 51
183 175 55
183 175 52
180 175 52
178 171 51
175 174 49
178 177 49
175 176 49
174 180 52
172 179 52
175 181 51
178 183 48
174 185 49
171 187 51
175 191 47
171 189 51
167 190 50
171 188 52
168 189 55
165 188 53
164 192 55
162 192 53
159 195 50
162 198 49
161 195 49
165 199 52
167 198 55
170 197 51
170 195 49
173 196 53
175 199 49
178 195 45
175 191 49
176 189 50
176 190 46
176 189 50
176 188 50
173 184 47
170 185 51
170 189 47
173 192 46
172 190 49
172 194 53
176 191 53
176 187 51
175 189 53
173 188 55
169 188 54
165 185 54
163 184 53
161 188 51
164 192 55
164 190 54
168 188 53
165 190 54
167 188 56
166 188 60
165 189 56
167 188 59
165 186 60
162 185 59
165 187 59
162 186 61
158 187 60
162 187 58
161 184 56
163 183 60
160 185 58
163 187 55
160 185 59
156 183 62
159 182 60
157 180 60
154 181 56
158 185 60
155 183 63
157 181 63
160 183 67
162 180 65
159 182 69
163 184 66
166 188 66
162 192 68
165 195 68
163 193 64
166 193 60
163 196 57
166 192 55
164 191 56
160 190 55
163 186 55
167 187 56
171 183 53
175 187 54
172 183 56
175 185 57
175 184 54
178 181 57
176 179 57
172 183 57
175 181 61
177 183 57
173 187 56
175 190 56
173 189 58
174 192 56
174 191 57
177 192 59
179 188 61
176 192 58
177 192 54
179 189 54
181 190 55
183 194 58
184 198 54
180 198 53
180 194 55
181 191 59
183 190 62
179 194 63
182 197 65
186 195 61
189 198 63
193 196 67
190 192 69
188 190 66
186 194 65
185 193 61
181 193 60
181 189 57
179 190 57
181 189 55
181 185 56
184 184 59
188 184 63
188 181 59
191 178 62
194 179 63
198 175 67
194 176 66
194 180 70
191 184 70
195 188 70
195 192 74
199 196 76
202 196 73
206 197 76
204 194 75
204 192 79
207 192 83
207 193 80
209 189 77
205 187 80
201 189 82
204 193 82
201 191 84
204 191 84
204 195 86
202 197 86
204 199 86
205 202 88
205 201 91
201 205 94
203 202 91
199 198 91
200 194 92
196 198 88
200 197 85
202 198 88
200 198 89
203 198 86
202 199 82
205 195 78
206 196 79
203 200 77
199 204 73
200 206 69
204 206 72
205 203 73
208 200 70
207 204 68
206 203 66
209 204 67
205 205 68
209 208 65
212 208 63
209 206 60
213 207 64
214 206 64
218 209 66
219 213 70
215 216 72
217 217 74
219 219 72
220 215 70
221 217 73
222 220 77
218 216 78
222 219 77
219 218 73
220 216 70
223 220 72
220 216 68
224 217 70
223 218 73
220 214 69
218 212 68
216 211 68
219 207 71
219 204 71
215 202 71
214 200 73
214 202 76
212 206 80
211 208 76
210 209 80
214 207 76
214 206 73
216 202 72
220 206 74
216 204 76
217 200 76
221 198 78
219 195 81
217 191 77
213 189 78
211 187 75
208 187 76
205 186 75
202 189 76
202 189 77
203 192 79
206 196 75
209 196 75
207 196 77
210 194 77
213 192 79
213 188 78
212 191 80
212 195 76
212 198 77
208 198 81
212 194 79
216 191 81
212 187 84
213 186 83
212 182 87
211 178 91
210 178 92
206 182 90
206 181 87
210 181 85
211 181 85
210 177 84
212 174 80
212 176 77
208 174 75
210 175 75
208 179 77
211 183 79
210 180 77
209 180 75
208 179 71
206 180 70
207 180 72
204 177 73
206 176 70
202 173 66
199 171 69
199 173 65
203 170 68
201 174 64
200 172 63
198 172 60
196 176 58
199 175 54
203 172 50
205 176 47
206 173 43
203 175 46
206 173 48
207 171 44
211 169 43
212 170 43
211 167 47
209 163 49
205 161 46
209 157 48
206 155 52
204 152 50
202 153 50
200 150 49
196 148 52
192 149 48
195 150 51
198 154 54
201 154 50
198 151 50
199 155 46
197 157 48
194 160 45
197 156 41
194 154 45
193 156 42
197 157 45
193 158 47
194 162 47
194 162 51
192 163 47
188 162 50
187 159 48
190 158 49
193 156 46
192 158 49
189 162 49
188 158 47
189 160 44
188 156 43
188 152 39
189 148 37
188 147 40
191 146 40
187 145 41
186 149 40
189 153 43
193 157 39
196 161 35
193 157 31
190 154 34
190 150 38
186 146 36
184 145 33
186 144 35
182 147 36
182 145 40
184 148 42
181 151 39
178 154 43
174 150 43
175 148 39
173 144 35
174 146 34
174 142 34
172 146 34
173 142 31
174 146 27
175 144 25
179 140 23
183 143 26
183 144 22
186 141 25
188 141 29
188 143 27
191 139 27
192 136 23
191 133 22
195 137 22
197 133 21
193 129 24
195 127 26
198 125 30
199 128 31
198 125 31
195 126 34
194 123 37
191 120 39
187 122 35
188 119 39
185 123 38
183 123 38
180 120 35
183 123 33
181 126 34
178 127 30
181 125 30
184 128 29
183 128 30
179 124 28
178 120 31
178 124 29
179 127 29
178 126 25
177 122 22
177 120 20
177 121 20
179 118 16
182 117 16
181 117 12
180 114 10
178 116 11
177 114 11
179 111 12
177 114 14
179 116 14
177 119 17
173 121 13
171 119 15
172 119 12
172 123 8
173 123 9
169 126 8
172 124 9
168 127 5
166 128 4
164 126 4
165 124 0
169 125 2
171 124 2
173 123 6
169 122 5
169 120 5
171 118 1
167 121 3
171 123 6
173 125 4
173 128 8
171 128 11
171 130 13
174 129 10
172 126 14
171 123 14
169 126 16
166 127 15
162 123 11
161 126 9
157 124 10
160 121 14
161 121 14
157 119 17
156 121 16
160 117 17
156 121 21
158 118 23
160 120 22
161 121 26
164 123 23
162 119 23
162 119 25
165 118 22
163 115 22
159 113 26
155 110 26
153 106 29
154 102 25
154 104 29
153 106 27
154 105 28
150 107 32
154 109 30
150 112 31
149 108 32
148 111 34
148 109 31
152 105 33
154 108 31
150 112 34
147 111 37
144 114 37
144 117 35
141 118 33
145 118 33
147 115 31
147 113 35
145 115 35
147 113 39
149 113 40
145 110 40
143 107 40
140 104 41
140 102 39
138 98 42
141 98 38
139 97 34
140 97 36
140 100 35
141 102 35
144 98 32
141 98 32
145 98 36
141 98 38
139 98 38
140 99 34
144 100 38
147 101 37
147 104 33
147 107 34
150 106 32
148 102 28
148 98 26
150 97 30
149 97 29
152 99 31
152 99 29
154 103 33
155 105 34
152 103 34
148 104 32
152 101 32
148 99 34
148 95 33
144 92 35
147 91 35
149 90 38
151 88 37
150 90 34
150 91 31
146 92 27
142 92 31
145 91 35
143 94 33
141 90 29
137 88 26
135 87 28
138 84 31
138 80 27
141 81 24
142 78 20
144 80 20
147 84 17
147 87 19
147 87 20
147 85 24
149 86 21
150 83 23
147 79 19
146 83 21
150 84 20
154 82 18
155 82 17
156 86 13
154 87 13
153 86 10
154 83 11
150 83 11
149 80 13
145 78 15
145 78 13
148 82 17
152 82 17
154 83 14
153 79 17
157 76 17
155 79 17
158 81 16
157 84 18
156 83 14
154 80 12
155 78 10
155 80 6
159 81 2
161 84 2
161 83 5
160 85 6
161 82 2
159 78 2
158 82 2
161 81 4
164 80 4
161 82 2
165 85 3
167 81 7
167 80 4
163 83 6
164 86 4
163 83 2
164 85 1
162 85 2
162 87 3
159 90 6
161 89 9
159 85 6
159 86 2
162 85 4
166 85 0
162 86 4
162 83 7
163 84 7
159 80 4
160 81 7
158 83 5
162 80 6
164 79 9
165 79 5
162 83 6
160 87 10
156 85 7
157 83 5
154 80 6
157 79 5
158 83 6
155 79 7
154 77 9
155 76 11
153 77 10
151 78 9
151 78 6
149 81 7
151 84 8
147 80 4
148 81 2
147 80 2
150 80 1
146 81 0
149 77 3
151 76 4
148 78 3
150 80 4
150 78 0
152 75 2
150 79 1
149 79 0
150 78 3
153 76 7
152 79 10
149 76 13
152 77 17
154 74 21
150 74 17
152 71 17
154 69 21
156 70 23
158 71 21
158 71 22
162 75 26
158 77 26
162 79 23
161 83 23
165 84 21
168 88 24
169 85 20
168 89 24
167 93 28
164 91 28
167 94 30
171 92 28
173 96 29
171 94 26
173 93 26
176 95 27
172 97 29
174 93 31
176 94 34
177 94 38
178 96 40
177 96 38
176 92 38
172 89 37
172 92 39
168 94 39
167 97 36
170 93 39
173 89 37
175 87 41
176 87 44
174 85 48
170 84 49
173 80 47
175 84 50
176 85 49
174 82 47
170 81 51
168 84 50
168 85 49
165 89 50
166 85 51
169 82 55
171 86 52
167 87 52
166 90 55
163 87 56
166 90 54
170 94 53
166 97 57
167 99 60
171 100 62
174 104 62
174 105 62
174 108 65
176 108 65
175 105 63
175 107 64
179 106 64
182 110 68
179 113 69
180 117 67
180 113 63
183 109 59
183 113 59
179 117 57
183 117 59
180 116 62
176 119 66
178 119 62
177 120 61
180 124 64
178 121 60
180 120 63
184 121 61
183 123 61
184 120 65
181 118 69
179 122 70
176 123 69
172 120 73
173 123 77
171 119 73
167 117 72
164 118 72
168 116 70
164 118 73
166 119 72
168 122 69
172 126 72
172 129 72
174 128 69
175 131 73
176 128 74
178 127 73
180 126 69
181 123 73
180 124 77
183 122 77
187 124 81
185 124 81
187 123 85
184 124 84
187 121 80
189 125 79
191 125 80
192 127 76
194 127 80
190 124 77
190 126 80
188 127 80
187 129 83
186 130 84
184 133 82
186 136 84
186 134 81
188 132 79
191 129 78
188 128 80
192 130 80
188 133 77
184 136 77
186 137 74
190 135 77
188 133 73
186 137 77
190 134 79
192 131 77
188 132 80
188 133 77
187 133 80
186 130 84
189 131 88
191 127 89
189 126 88
188 129 91
185 127 92
183 129 88
186 128 87
189 127 86
193 127 89
194 123 91
195 119 87
197 116 89
201 119 90
202 115 88
203 113 85
199 109 83
197 109 81
194 112 85
196 116 85
196 114 81
196 113 80
197 114 77
198 117 73
199 114 69
197 113 69
201 113 66
205 110 66
202 109 66
200 113 64
203 116 66
205 114 63
205 112 60
203 114 61
200 118 58
199 114 58
199 114 61
202 117 64
202 121 64
203 118 60
201 122 57
203 125 57
199 121 58
196 119 59
192 122 63
188 119 66
192 117 67
190 113 70
186 112 71
183 114 74
187 117 71
184 121 67
188 123 68
186 120 65
183 123 64
181 123 60
185 127 58
182 124 56
180 125 59
179 122 57
181 126 59
182 130 55
185 127 52
184 124 54
185 125 54
184 125 51
180 122 51
183 126 54
179 127 55
176 130 58
180 134 56
183 130 54
184 128 53
188 125 50
190 128 52
192 127 56
188 126 60
185 125 62
189 123 62
185 119 65
186 117 67
187 119 71
186 115 67
182 119 71
182 115 73
182 112 72
180 110 68
177 114 67
173 113 69
172 115 71
173 117 71
175 113 69
175 117 66
177 120 66
177 124 68
176 128 67
174 126 64
171 130 67
175 130 64
172 134 67
171 130 65
170 126 66
167 123 65
169 126 63
173 125 59
172 129 62
176 129 58
173 127 60
173 130 61
175 134 62
177 136 61
181 140 57
185 137 55
184 135 57
184 135 60
188 139 56
186 139 56
188 140 56
191 137 58
193 138 59
194 141 56
197 145 52
201 141 52
204 140 55
208 141 53
205 137 52
205 134 50
209 134 52
207 133 50
203 129 53
202 132 53
206 136 50
202 134 53
198 136 57
198 135 53
195 137 56
196 136 53
197 134 49
199 132 53
202 132 50
200 132 48
204 132 50
203 135 48
201 135 44
197 131 46
197 131 49
194 134 51
191 135 55
190 133 55
189 130 58
188 126 61
189 122 59
189 123 63
186 123 61
190 122 65
191 125 63
188 129 67
188 133 67
185 131 67
184 135 63
183 137 67
186 140 68
185 140 67
188 139 66
185 141 64
185 138 66
185 142 63
182 138 64
184 136 63
186 133 61
185 133 64
186 134 64
185 137 63
187 141 61
189 142 60
191 139 56
193 142 56
196 140 53
197 144 50
197 144 50
200 143 51
196 146 47
192 148 47
190 144 49
188 140 50
188 143 46
184 141 50
182 145 52
183 143 49
181 139 52
181 135 53
181 135 55
177 138 55
173 135 59
174 133 56
171 133 54
167 132 58
171 135 60
172 138 57
173 138 57
176 137 56
172 138 58
174 142 62
173 144 61
177 144 58
177 147 62
177 147 66
176 143 66
172 141 69
175 138 66
176 142 63
173 144 64
174 144 65
175 144 67
179 147 71
182 147 75
179 148 79
178 144 75
179 146 75
175 142 73
177 143 73
173 147 73
176 143 75
180 145 73
179 141 69
179 145 72
181 146 72
180 150 72
177 147 71
177 143 67
178 147 68
181 150 64
181 150 60
183 152 62
183 154 59
179 151 55
177 154 54
181 156 51
179 153 54
180 157 50
176 160 52
178 162 48
176 158 48
172 157 47
171 155 51
172 155 48
174 157 48
170 157 52
168 154 52
164 151 54
161 148 53
157 152 54
156 151 56
159 150 55
160 146 56
158 145 60
155 149 59
151 148 56
155 149 57
156 147 53
152 148 55
149 151 51
147 155 55
145 154 57
143 152 55
146 148 57
150 146 60
154 146 60
152 144 56
148 140 57
150 143 53
153 147 53
154 151 52
153 148 49
152 152 47
152 153 51
150 155 47
149 152 51
150 154 52
147 151 51
143 147 53
145 148 52
141 149 55
143 146 51
142 150 50
139 153 53
143 153 49
146 150 49
143 148 46
141 145 50
138 146 50
142 146 48
143 145 47
144 143 46
143 142 49
146 142 47
147 138 50
149 135 53
145 131 49
148 135 45
152 138 48
151 136 44
153 138 44
156 141 42
158 137 46
158 140 49
156 138 45
153 140 43
155 141 47
151 141 51
148 145 49
146 145 51
143 145 47
139 143 47
141 139 45
142 140 49
144 144 48
143 140 49
147 139 46
147 135 45
148 139 47
152 141 45
155 137 42
152 133 43
148 130 43
146 130 43
144 132 44
141 129 45
137 129 49
138 133 50
136 136 47
135 135 49
134 139 51
135 141 54
131 139 54
134 139 58
130 143 55
134 143 51
137 147 50
141 145 51
143 147 55
147 145 57
150 144 55
146 141 54
143 145 51
146 149 49
142 146 50
146 145 47
148 144 45
149 144 48
148 143 45
149 143 49
145 143 50
149 144 46
145 148 50
143 144 46
146 145 44
148 146 40
147 144 43
144 147 39
148 145 35
148 149 32
148 148 35
152 145 37
154 146 39
155 149 43
155 152 40
154 156 40
156 153 44
156 150 44
157 151 46
153 151 42
157 153 38
158 150 34
156 149 37
152 153 33
149 157 35
146 157 35
148 161 36
146 161 39
149 163 43
152 159 42
155 160 46
152 159 46
155 155 50
157 155 52
161 154 49
161 151 52
165 150 48
167 151 51
169 149 52
171 150 51
169 153 51
169 155 51
169 156 51
167 157 54
167 160 57
168 160 54
164 163 55
161 167 51
158 168 54
154 164 50
154 168 54
155 166 58
153 164 59
156 167 58
158 165 57
159 166 54
160 164 57
160 162 58
161 161 59
162 161 56
165 159 54
168 159 57
165 161 56
162 163 56
163 161 58
160 160 59
160 157 55
161 154 51
158 152 52
154 151 52
151 151 48
154 155 45
155 158 41
156 155 44
154 151 40
152 155 39
150 151 35
147 152 34
147 156 36
148 157 32
148 159 32
144 162 32
141 159 33
137 163 36
137 166 37
141 168 36
145 168 37
141 171 37
144 167 35
142 170 36
141 173 35
142 169 35
144 172 34
148 169 31
144 167 32
142 163 28
144 160 24
141 158 27
144 155 30
146 153 29
150 152 32
152 155 28
150 152 31
146 149 33
142 150 31
139 147 28
139 145 24
141 142 28
141 138 31
137 138 30
141 142 32
141 142 31
141 143 27
141 146 25
137 144 22
139 147 23
136 151 21
134 151 19
136 149 18
132 147 19
128 147 23
125 144 26
129 141 26
129 140 28
130 140 27
134 137 23
131 137 20
133 138 20
130 139 20
129 140 23
131 141 25
132 138 21
136 139 19
132 139 17
134 136 17
133 137 17
136 136 20
132 134 20
134 132 21
133 134 21
134 134 17
133 135 16
133 134 16
136 134 15
134 136 16
134 132 15
134 129 19
132 126 16
136 122 12
137 118 15
133 115 17
131 113 13
133 113 15
137 110 12
133 111 13
132 115 9
135 116 9
131 117 10
128 117 6
129 113 4
132 117 3
133 113 0
132 115 4
134 118 5
138 117 5
136 118 7
136 122 11
140 119 13
141 119 14
138 115 15
134 114 13
130 116 10
129 116 12
133 119 12
132 116 14
133 118 15
132 117 16
131 118 18
129 117 14
132 118 13
130 116 12
130 114 14
132 111 16
128 108 13
126 107 16
125 103 20
126 99 21
125 97 25
128 99 25
124 97 24
128 96 23
124 96 27
120 94 30
118 96 26
115 100 22
116 102 23
114 106 19
114 110 22
118 113 24
121 113 25
121 114 28
117 113 24
116 114 26
115 115 30
114 114 30
115 112 27
116 116 24
119 118 27
119 118 24
119 117 20
121 119 19
121 120 19
121 123 20
118 126 20
121 122 21
122 118 25
118 119 21
117 120 21
116 120 22
115 123 24
115 121 22
113 125 23
117 125 24
117 123 27
121 126 26
121 130 30
122 133 31
122 133 32
121 137 31
121 138 34
120 134 36
124 130 35
124 134 35
124 130 31
128 128 33
129 129 32
131 126 36
133 126 34
131 130 31
132 131 32
134 133 34
136 130 36
135 127 34
132 130 35
135 133 35
139 132 39
136 131 36
133 135 36
129 137 32
133 137 29
134 141 28
138 137 30
140 135 26
144 133 23
148 133 21
147 131 25
147 135 27
145 137 26
141 140 27
138 137 31
135 134 27
135 138 24
135 135 28
138 136 28
137 139 24
137 139 26
139 140 28
138 141 29
140 143 29
143 147 28
144 143 28
141 142 31
137 139 27
136 142 23
137 138 22
134 134 18
136 133 16
133 133 14
133 130 14
133 128 12
132 129 16
128 131 16
127 131 18
127 128 15
126 125 14
125 121 17
123 119 13
126 122 17
128 119 19
128 122 21
131 126 21
130 122 23
132 122 27
128 121 23
129 123 23
131 125 23
131 122 26
127 123 24
123 126 25
127 126 24
126 130 27
125 128 28
124 125 27
120 125 25
120 128 25
119 131 23
117 127 23
113 128 27
116 127 26
116 129 24
116 127 24
114 125 24
111 125 23
111 126 26
111 128 22
114 129 18
117 131 20
115 133 16
111 137 15
107 134 12
106 138 9
107 134 7
107 138 6
107 137 6
103 139 7
106 140 5
110 141 7
108 138 3
109 135 1
106 138 2
109 138 0
107 140 2
110 142 2
110 144 2
109 146 4
111 148 8
110 148 12
113 151 12
109 147 11
107 150 13
111 147 12
114 144 10
114 147 13
117 146 16
118 150 16
122 153 18
123 150 16
122 146 15
120 143 16
123 145 17
121 147 19
119 151 19
122 155 15
122 158 12
126 156 9
128 152 12
128 151 8
126 153 8
122 154 12
125 158 8
129 161 9
133 163 7
133 159 4
134 155 0
130 153 2
134 149 5
130 148 9
133 144 10
137 142 10
140 141 9
143 142 6
144 146 10
145 146 13
145 147 15
146 143 18
148 139 15
147 142 18
144 145 14
148 143 14
144 144 12
141 146 11
138 142 11
142 141 8
142 140 4
143 141 4
140 145 3
139 141 5
136 139 9
138 141 5
136 143 2
140 143 0
142 140 0
145 137 2
147 133 4
148 131 3
146 127 7
143 128 7
139 127 10
141 123 14
137 122 17
136 118 21
134 120 24
131 117 26
129 118 29
130 122 30
133 126 33
131 122 34
133 123 37
135 121 33
131 125 34
135 127 34
133 125 32
133 128 29
137 128 29
136 128 33
132 128 35
135 129 35
131 127 33
134 127 29
138 131 26
139 134 30
141 131 33
137 132 36
138 131 36
141 135 34
140 136 34
139 137 32
135 139 36
139 140 38
142 139 35
140 142 37
142 142 35
143 142 33
145 139 30
145 143 26
143 140 30
146 137 33
145 140 33
147 137 33
145 134 29
149 138 31
153 134 28
151 133 28
148 131 24
151 130 24
149 126 25
151 127 21
150 126 17
146 123 21
148 123 18
149 119 17
153 120 21
154 117 21
152 117 23
148 117 26
145 114 29
147 116 28
150 114 26
148 110 22
146 109 25
150 112 24
147 116 27
145 119 27
148 120 24
144 123 20
145 121 21
149 119 23
150 119 21
148 115 18
150 118 14
152 120 13
151 121 15
151 124 15
154 125 18
152 129 17
151 133 17
151 130 18
152 132 21
150 136 24
146 139 21
148 140 24
151 139 26
154 138 22
157 136 18
159 132 22
159 135 20
157 134 17
160 130 13
157 129 14
160 131 18
164 132 19
163 135 19
161 135 16
161 135 13
161 138 16
159 141 15
159 140 19
158 142 21
158 144 21
154 143 22
151 143 23
152 144 21
150 147 20
151 148 16
149 151 13
153 149 15
154 149 19
158 147 15
156 149 14
154 149 18
150 153 21
149 154 19
148 157 17
148 158 18
149 162 22
153 158 20
153 160 23
155 160 27
154 162 29
157 166 31
161 170 32
163 171 32
167 172 33
164 174 30
168 174 32
170 170 30
171 173 27
168 171 30
164 169 32
167 168 33
170 166 29
172 162 25
169 162 21
167 165 19
167 169 22
166 170 26
170 172 23
174 171 20
178 175 20
175 178 16
178 182 19
175 182 15
179 181 16
176 177 16
173 173 18
169 172 14
168 174 18
168 171 18
167 175 15
163 175 18
165 172 18
169 175 18
171 177 22
175 178 18
171 176 19
170 176 20
169 178 18
167 180 16
164 182 15
161 181 15
165 183 15
169 187 15
167 190 15
163 188 17
167 190 18
169 190 21
168 190 19
164 193 22
167 193 22
169 197 20
169 199 19
165 199 23
169 196 21
165 192 19
161 189 16
157 187 16
155 188 13
158 189 15
157 187 17
155 185 14
156 185 15
158 187 14
161 187 10
162 183 11
166 182 8
166 183 11
166 184 7
170 187 6
168 184 10
170 187 10
172 191 12
168 189 11
166 189 8
168 185 9
166 184 10
170 182 12
173 186 14
173 184 18
172 182 19
174 183 15
174 183 11
171 180 8
170 176 11
168 180 13
169 177 10
169 173 6
169 170 6
165 169 2
161 167 6
157 165 6
153 167 6
157 165 4
158 169 1
160 168 4
156 168 8
159 167 10
159 166 11
160 165 11
158 166 14
158 165 11
154 169 10
150 168 6
153 166 10
156 169 12
154 172 13
150 170 13
154 171 13
158 169 15
156 171 14
158 170 18
162 166 18
163 164 22
161 167 23
159 163 21
162 159 25
160 160 24
158 157 21
158 155 22
156 159 24
157 163 22
156 163 25
160 163 28
156 167 26
156 169 30
160 165 30
159 168 26
163 169 22
159 170 19
160 169 16
162 165 19
165 161 16
164 161 16
164 160 16
165 163 20
164 161 24
164 162 26
164 165 30
166 162 33
167 160 36
171 162 33
174 158 29
172 154 28
176 151 27
172 153 23
168 151 25
166 150 26
170 152 29
173 154 29
176 156 28
174 156 30
176 154 27
173 156 25
172 155 23
170 155 21
173 151 24
171 154 20
168 153 16
172 154 20
168 153 19
164 156 16
160 152 20
163 156 23
165 154 21
168 152 20
168 150 18
172 153 14
176 149 17
175 150 17
177 146 17
178 149 18
180 150 21
179 150 18
175 152 15
179 150 11
177 147 15
180 151 17
180 147 18
177 146 17
179 143 18
178 145 16
181 142 20
178 140 24
179 139 20
179 138 24
180 138 23
183 136 21
179 134 17
176 133 16
174 137 19
174 137 21
178 136 19
182 137 19
181 137 20
184 134 18
185 137 21
187 141 18
183 137 15
181 134 19
182 137 16
178 141 14
180 141 14
182 138 13
184 138 10
186 135 6
187 138 4
189 140 2
190 138 2
186 141 2
184 145 5
182 141 2
186 145 1
187 147 2
187 151 5
190 155 9
190 157 13
189 154 16
188 154 12
191 153 13
192 154 13
194 152 13
190 150 16
186 152 13
186 155 14
183 152 15
186 153 11
187 153 7
186 155 8
188 156 8
188 152 12
185 150 14
188 154 12
184 152 8
187 155 9
185 157 12
186 154 11
185 154 7
187 156 8
191 156 5
193 160 4
197 161 4
193 164 0
192 163 2
189 166 2
185 170 6
188 168 5
184 172 8
188 173 8
186 175 8
188 171 9
185 174 7
183 177 7
183 181 6
181 178 9
178 175 5
174 172 2
174 173 1
170 175 2
173 175 4
174 176 7
177 175 9
173 172 7
176 172 7
173 170 6
170 172 2
174 176 4
173 172 5
172 173 8
169 170 12
170 168 9
166 164 8
164 168 8
160 172 7
158 174 5
155 177 8
151 177 4
155 174 0
157 177 1
155 175 5
157 178 3
157 175 7
157 177 4
157 174 5
154 171 9
156 169 10
160 166 8
160 170 4
164 170 3
167 166 4
163 166 4
159 163 6
163 161 9
163 160 6
159 164 6
155 161 3
151 164 0
147 167 2
150 168 3
151 164 7
151 162 7
153 163 11
151 162 13
147 158 12
151 160 13
152 164 10
149 164 13
148 162 16
152 163 16
156 164 13
159 166 14
163 168 15
167 164 14
166 166 17
163 168 14
167 169 18
164 166 14
166 169 15
163 169 19
162 167 22
164 167 24
163 169 26
161 169 26
159 172 29
157 168 25
161 170 28
165 168 31
166 172 31
163 176 28
164 175 24
161 174 25
164 171 29
164 172 32
163 172 36
161 169 36
161 171 34
161 174 32
160 172 36
157 168 33
160 166 33
158 170 31
157 167 31
153 171 33
151 173 32
151 169 32
150 169 33
148 165 36
149 163 32
151 163 29
153 160 33
151 156 31
153 152 33
154 152 34
154 155 30
155 159 33
158 159 35
162 155 36
160 156 32
158 158 28
161 159 30
159 157 31
156 160 31
160 163 27
163 162 28
